1.0
0.11045168549174494
0.10903974683444419
0.10811982405166684
0.10684892795735831
0.10506095601804558
0.1026635715681537
0.09970829816490186
0.096424635609366
0.09316068672358795
0.09022738835575897
0.08776897332825088
0.08576887895776479
0.08413597444315853
0.08277354783594094
0.08160593776543439
0.08058058679225731
0.07966250013353059
0.07882842274537567
0.07806256103360434
0.07735379534356282
0.07669394865395142
0.07607672969087889
0.07549708982250533
0.07495083055536048
0.0744343625543428
0.073944556382801
0.07347864871187523
0.07303418190758984
0.07260896351982883
0.07220103749810415
0.07180866223091768
0.07143029251155363
0.07106456374525713
0.07071027743278469
0.07036638738822734
0.07003198639870133
0.06970629318550173
0.06938863962395632
0.06907845824534056
0.06877527008969082
0.06847867300776381
0.06818833052565675
0.0679039613880056
0.06762532988677461
0.06735223706459406
0.06708451285700709
0.06682200920968076
0.06656459417737187
0.06631214698360503
0.06606455399550652
0.06582170554830469
0.06558349353931456
0.06534980970188026
0.06512054446542803
0.06489558630784353
0.06467482151001316
0.06445813422867816
0.06424540681186804
0.06403652029034122
0.06383135498799869
0.06362979120362902
0.06343170992522118
0.06323699354616354
0.06304552655980013
0.0628571962149643
0.06267189312024589
0.062489511788939016
0.062309951119917426
0.06213311481221077
0.061958911712906635
0.061787256099288035
0.06161806789694945
0.06145127283611267
0.06128680254857792
0.06112459460779001
0.06096459251443716
0.060806745629901925
0.060651009059802134
0.060497343489833634
0.06034571497618759
0.060196094692983274
0.06004845863943298
0.059902787309838765
0.059759065329991895
0.059617281064077224
0.05947742619674412
0.05933949529555416
0.0592034853595106
0.059069395359777246
0.05893722577896808
0.05880697815550764
0.05867865463950631
0.0585522575663517
0.05842778905379973
0.058305250627760326
0.05818464288124233
0.05806596517007742
0.05794921534812254
0.05783438954367623
0.05772148197788165
0.05761048482496151
0.05750138811326613
0.05739417966534936
0.05728884507463109
0.05718536771568061
0.05708372878476192
0.05698390736702262
0.05688588052658211
0.05678962341576068
0.056695109399787245
0.056602310193503806
0.056511196006837024
0.056421735696112855
0.05633389691862777
0.056247646288252746
0.05616294953020708
0.056079771633496825
0.055998076999853943
0.05591782958832268
0.05583899305492415
0.05576153088707356
0.05568540653263185
0.055610583523636695
0.05553702559488159
0.055464696797593464
0.05539356160849825
0.05532358503457047
0.055254732713725364
0.05518697101165184
0.05512026711488794
0.0550545891201267
0.054989906119606996
0.05492618828229908
0.054863406930449596
0.054801534610905416
0.05474054516050856
0.05468041376474316
0.05462111700873671
0.05456263291967187
0.05450494099966628
0.054448022248218424
0.05439185917341305
0.054336435791220834
0.0542817376124112
0.05422775161682602
0.054174466215013706
0.054121871197503696
0.05406995767227966
0.0540187179912885
0.053968145667077846
0.053918235280875734
0.053868982383606115
0.05382038339145753
0.0537724354776878
0.05372513646235302
0.05367848470159263
0.05363247897799051
0.05358711839337288
0.053542402265203126
0.05349833002750873
0.05345490113702969
0.05341211498503215
0.05336997081498883
0.05332846764610217
0.0532876042024478
0.053247378847344096
0.05320778952242057
0.05316883369076093
0.053130508283438856
0.05309280964874544
0.05305573350342472
0.05301927488528686
0.05298342810665202
0.052948186708191604
0.052913543412874124
0.0528794900798814
0.05284601765854351
0.05281311614253607
0.05278077452479059
0.05274898075378345
0.052717721692087084
0.052686983078281034
0.05265674949352487
0.05262700433428268
0.05259772979284718
0.05256890684743689
0.05254051526371103
0.052512533609564614
0.05248493928500566
0.05245770856877825
0.05243081668316288
0.052404237878056543
0.05237794553500921
0.05235191229137096
0.05232611018410131
0.05230051081212322
0.05227508551539591
0.05224980556816767
0.05222464238318447
0.05219956772302142
0.05217455391420177
0.052149574059427946
0.05212460224307841
0.05209961372516951
0.052074585119233414
0.05204949455002268
0.05202432178760037
0.051999048355171426
0.051973657608918325
0.051948134789061594
0.05192246704232513
0.05189664341688951
0.05187065483171769
0.05184449402280203
0.05181815546937943
0.051791635303486724
0.05176493120637719
0.05173804229530956
0.05171096900406492
0.05168371296028481
0.05165627686237414
0.051628664358310816
0.051600879928280975
0.05157292877263469
0.05154481670625399
0.05151655006005904
0.05148813559005903
0.05145958039408249
0.05143089183610751
0.05140207747794346
0.05137314501789766
0.05134410223598119
0.05131495694516202
0.051285716948160004
0.05125638999928223
0.05122698377081907
0.051197505823554174
0.051167963580981135
0.05113836430686029
0.051108715085794044
0.051079022806536874
0.05104929414779515
0.05101953556630704
0.05098975328701733
0.05095995329518989
0.05093014133031888
0.05090032288171463
0.05087050318565264
0.050840687223982536
0.05081087972409928
0.0507810851601834
0.050751307755618445
0.05072155148649634
0.05069182008612062
0.050662117050418246
0.050632445644171784
0.05060280890798329
0.05057320966588221
0.05054365053349206
0.05051413392667169
0.050484662070549795
0.050455237008874276
0.05042586061360242
0.050396534594661105
0.05036726050981071
0.05033803977455154
0.05030887367201719
0.05027976336280129
0.05025070989467322
0.050221714212140174
0.05019277716581876
0.05016389952158456
0.05013508196947155
0.05010632513229775
0.05007762957399766
0.05004899580764537
0.05002042430315478
0.04999191549464771
0.04996346978748183
0.0499350875649338
0.04990676919453386
0.04987851503405111
0.049850325437129306
0.04982220075857422
0.04979414135929593
0.04976614761090789
0.04973821989998798
0.049710358632006
0.049682564234921546
0.04965483716245886
0.04962717789706374
0.049599586952548735
0.04957206487643176
0.04954461225197515
0.049517229699931956
0.04948991788000376
0.04946267749201902
0.04943550927683688
0.04940841401698378
0.04938139253702967
0.04935444570371095
0.049327574425806875
0.04930077965377829
0.04927406237917396
0.049247423633814805
0.049220864488762936
0.04919438605308419
0.049167989472413416
0.04914167592733114
0.04911544663156137
0.04908930283000047
0.049063245796586955
0.04903727683202326
0.04901139726135952
0.04898560843145164
0.048959911708303994
0.04893430847430921
0.048908800125396945
0.04888338806810337
0.048858073716574406
0.0488328584895149
0.048807743807095905
0.048782731087833354
0.04875782174545063
0.048733017185736915
0.0487083188034146
0.04868372797902754
0.048659246075861945
0.04863487443691239
0.048610614381903304
0.04858646720437784
0.048562434168864126
0.04853851650812917
0.04851471542052944
0.04849103206746819
0.0484674675709661
0.04844402301135468
0.04842069942509766
0.04839749780274811
0.04837441908704571
0.04835146417115946
0.04832863389707948
0.04830592905416142
0.04828335037782554
0.04826089854841266
0.04823857419019744
0.048216377870559275
0.04819431009931084
0.04817237132818168
0.04815056195045698
0.04812888230076726
0.048107332655026334
0.04808591323051481
0.048064624186103265
0.04804346562261213
0.0480224375833013
0.0480015400544862
0.047980772966272026
0.04796013619340198
0.04793962955621153
0.04791925282168364
0.047899005704596105
0.047878887868756055
0.04785889892831339
0.047839038449146234
0.04781930595031197
0.04779970090555559
0.04778022274486969
0.04776087085609867
0.047741644586579784
0.04772254324481577
0.04770356610217121
0.04768471239458795
0.04766598132431194
0.047647372061627266
0.0476288837465909
0.04761051549076362
0.04759226637893174
0.04757413547081509
0.047556121802757347
0.04753822438939428
0.04752044222529595
0.047502774286580625
0.04748521953249528
0.04746777690696218
0.04745044534008721
0.047433223749628384
0.04741611104242285
0.04739910611577018
0.047382207858770606
0.04736541515361726
0.04734872687684138
0.047332141900509356
0.04731565909337177
0.0472992773219635
0.04728299545165509
0.04726681234765555
0.04725072687596642
0.04723473790428783
0.047218844302876865
0.047203044945358916
0.047187338709493105
0.0471717244778917
0.04715620113869598
0.04714076758620815
0.047125422721481125
0.047110165452867545
0.04709499469652873
0.04707990937690517
0.04706490842714973
0.04704999078952501
0.04703515541576665
0.04702040126741251
0.047005727316101004
0.04699113254383895
0.04697661594323992
0.0469621765177355
0.04694781328176009
0.04693352526091089
0.04691931149208415
0.04690517102358929
0.04689110291524184
0.046877106238436585
0.046863180076202195
0.046849323523238263
0.04683553568593605
0.04682181568238395
0.04680816264235902
0.0467945757073047
0.04678105403029704
0.04676759677599887
0.04675420312060421
0.04674087225177261
0.04672760336855476
0.04671439568131029
0.046701248411617914
0.04668816079217937
0.046675132066716765
0.04666216148986481
0.04664924832705844
0.04663639185441571
0.046623591358616844
0.046610846136780404
0.046598155496335954
0.046585518754894376
0.04657293524011599
0.046560404289576945
0.04654792525063364
0.04653549748028647
0.04652312034504183
0.04651079322077388
0.04649851549258554
0.046486286554669035
0.04647410581016603
0.04646197267102787
0.046449886557876005
0.046437846899861884
0.046425853134527906
0.04641390470766795
0.046402001073188495
0.04639014169297061
0.046378326036731164
0.046366553581886266
0.04635482381341302
0.046343136223713985
0.046331490312480336
0.04631988558655643
0.04630832155980474
0.046296797752970624
0.04628531369354846
0.04627386891564703
0.04626246295985626
0.0462510953731134
0.04623976570857005
0.046228473525459064
0.04621721838896156
0.046205999870074066
0.046194817545476
0.046183670997396585
0.04617255981348208
0.04616148358666282
0.046150441915020005
0.04613943440165216
0.04612846065454179
0.04611752028642108
0.04610661291463753
0.046095738161019466
0.04608489565174049
0.04607408501718378
0.04606330589180606
0.04605255791400062
0.04604184072595981
0.04603115397353725
0.04602049730610882
0.046009870376433754
0.04599927284051422
0.04598870435745478
0.04597816458932113
0.04596765320099767
0.045957169860044896
0.045946714236555816
0.04593628600301175
0.04592588483413742
0.04591551040675522
0.04590516239963909
0.04589484049336786
0.045884544370177194
0.045874273713811954
0.04586402820937745
0.04585380754319041
0.04584361140262908
0.04583343947598342
0.04582329145230469
0.045813167021254514
0.04580306587295388
0.04579298769783189
0.04578293218647439
0.04577289902947213
0.045762887917269554
0.04575289854001278
0.04574293058739829
0.045732983748521534
0.04572305771172575
0.04571315216445125
0.04570326679308468
0.04569340128280909
0.04568355531745463
0.04567372857934919
0.04566392074917056
0.04565413150579869
0.045644360526169096
0.04563460748512717
0.04562487205528327
0.045615153906869335
0.04560545270759584
0.045595768122511
0.04558609981386048
0.04557644744094884
0.04556681066000237
0.04555718912403342
0.045547582482706385
0.04553799038220555
0.04552841246510408
0.045518848370235544
0.0455092977325669
0.04549976018307361
0.04549023534861671
0.04548072285182161
0.04547122231095991
0.04546173333983241
0.04545225554765475
0.04544278853894578
0.04543333191341746
0.04542388526586777
0.04541444818607561
0.04540502025869861
0.045395601063173044
0.04538619017361642
0.04537678715873289
0.045367391581720685
0.04535800300018279
0.04534862096603986
0.045339245025446014
0.04532987471870717
0.0453205095802023
0.04531114913830707
0.0453017929153205
0.045292440427394366
0.045283091184465
0.04527374469018838
0.04526440044187742
0.045255057930442356
0.04524571664033399
0.04523637604948901
0.045227035629279114
0.045217694844461906
0.04520835315313484
0.045199010006692374
0.045189664849784934
0.04518031712028133
0.045170966249233474
0.045161611660843835
0.04515225277243591
0.04514288899442648
0.0451335197303016
0.0451241443765945
0.04511476232286612
0.04510537295168847
0.04509597563863056
0.045086569752247
0.045077154654068474
0.045067729698595925
0.04505829423329599
0.04504884759860024
0.04503938912790566
0.045029918147578694
0.0450204339769614
0.045010935928379625
0.045001423307154426
0.044991895411615565
0.04498235153311752
0.04497279095605782
0.0449632129578983
0.044953616809188274
0.044944001773590495
0.044934367107909594
0.04492471206212254
0.04491503587941233
0.044905337796203156
0.04489561704219922
0.0448858728404247
0.04487610440726727
0.04486631095252323
0.04485649167944603
0.04484664578479597
0.04483677245889376
0.04482687088567535
0.04481694024274993
0.044806979701459894
0.04479698842694355
0.04478696557820012
0.04477691030815691
0.044766821763739195
0.044756699085942174
0.04474654140990517
0.04473634786498848
0.04472611757485196
0.044715849657536014
0.0447055432255448
0.04469519738593134
0.04468481124038453
0.044674383885318386
0.044663914411962644
0.044653401906455656
0.04464284544993824
0.04463224411864958
0.04462159698402431
0.04461090311279074
0.04460016156707025
0.044589371404477524
0.044578531678221546
0.04456764143720734
0.04455669972613749
0.04454570558561423
0.044534658052241605
0.044523556158726066
0.044512398933977876
0.04450118540321029
0.044489914588038346
0.04447858550657536
0.0444671971735273
0.04445574860028577
0.04444423879501699
0.04443266676274824
0.044421031505450397
0.04440933202211649
0.044397567308835366
0.044385736358860374
0.04437383816267239
0.04436187170803607
0.044349835980050094
0.04433772996118884
0.04432555263133692
0.044313302967814015
0.04430097994539062
0.044288582536293454
0.04427610971019979
0.044263560434219765
0.04425093367286646
0.04423822838801196
0.044225443538829706
0.044212578081720744
0.04419963097022492
0.04418660115491376
0.04417348758326621
0.04416028919952485
0.04414700494453204
0.04413363375554521
0.044120174566029464
0.044106626305427485
0.044092987898904486
0.044079258267068336
0.04406543632566225
0.04405152098523057
0.04403751115075493
0.04402340572126075
0.04400920358939207
0.043994903640954305
0.04398050475442329
0.04396600580041904
0.04395140564114437
0.04393670312978517
0.04392189710987369
0.04390698641461099
0.043891969866149814
0.043876846274835256
0.04386161443840267
0.04384627314113174
0.04383082115295621
0.043815257228526944
0.0437995801062294
0.04378378850715288
0.04376788113401213
0.043751856670019657
0.043735713777709115
0.04371945109770855
0.04370306724746343
0.04368656081990971
0.04366993038209594
0.04365317447375542
0.043636291605828284
0.04361928025893381
0.04360213888179411
0.04358486588960983
0.04356745966238914
0.04354991854323121
0.04353224083656665
0.043514424806356256
0.043496468674250915
0.04347837061771527
0.04346012876811915
0.043441741208799386
0.04342320597309706
0.04340452104237483
0.04338568434401949
0.043366693749435484
0.04334754707203689
0.04332824206524378
0.04330877642049233
0.04328914776526674
0.04326935366116292
0.04324939160199446
0.04322925901195199
0.04320895324382969
0.043188471577331036
0.04316781121746907
0.04314696929307765
0.04312594285544949
0.04310472887712014
0.0430833242508173
0.043061725788596086
0.043039930221182895
0.0430179341975511
0.04299573428475431
0.042973326968042666
0.04295070865129137
0.04292787565776982
0.042904824231282175
0.04288155053771238
0.04285805066700535
0.04283432063562059
0.042810356389492994
0.042786153807536975
0.0427617087057328
0.042737016841831635
0.04271207392071847
0.042686875600471096
0.04266141749915348
0.04263569520238136
0.042609704271696164
0.04258344025378324
0.042556898690567516
0.0425300751302171
0.04250296513908336
0.04247556431460147
0.04244786829917028
0.042419872795027666
0.04239157358012899
0.04236296652503055
0.04233404761077344
0.042304812947752186
0.042275258795546146
0.04224538158367936
0.04221517793326393
0.042184644679470785
0.04215377889475898
0.04212257791277936
0.042091039352858815
0.04205916114495117
0.04202694155493265
0.04199437921009874
0.04196147312470973
0.041928222725414695
0.04189462787637154
0.041860688903867155
0.04182640662023027
0.04179178234681977
0.041756817935861806
0.04172151579090477
0.04168587888565519
0.041649910780958886
0.041613615639692236
0.04157699823933509
0.041540063982005125
0.04150281890174728
0.041465269668886924
0.04142742359127726
0.04138928861229465
0.04135087330546342
0.041312186865622685
0.04127323909658115
0.04123404039524273
0.04119460173222385
0.04115493462902251
0.0411150511318404
0.04107496378219816
0.04103468558452515
0.04099422997094057
0.04095361076348
0.04091284213405263
0.040871938562443165
0.04083091479269577
0.0407897857882373
0.040748566686109815
0.04070727275069026
0.040665919327278074
0.040624521795926266
0.04058309552588423
0.040541655831002964
0.04050021792643621
0.04045879688694463
0.04041740760708255
0.040376064763516045
0.04033478277968543
0.04029357579299154
0.040252457624646326
0.040211441752293756
0.04017054128546858
0.040129768943926815
0.04008913703884777
0.04004865745687635
0.04000834164694676
0.039968200609801725
0.03992824489010146
0.03988848457099585
0.03984892927101941
0.039809588143155876
0.03977046987591089
0.03973158269622564
0.03969293437406161
0.03965453222848625
0.03961638313509193
0.03957849353458421
0.03954086944238161
0.03950351645907643
0.03946643978161395
0.03942964421505702
0.039393134184812224
0.03935691374920411
0.03932098661229377
0.03928535613684813
0.039250025357376504
0.0392149969931589
0.039180273461202106
0.039145856889065106
0.039111749127506076
0.03907795176290773
0.03904446612944776
0.03901129332098355
0.0389784342026293
0.038945889422006275
0.038913659420152354
0.03888174444208083
0.038850144546981144
0.03881885961805901
0.03878788937201299
0.038757233368150144
0.038726891017142384
0.03869686158942867
0.038667144223268175
0.038637737932451906
0.03860864161367976
0.03857985405361192
0.03855137393560277
0.038523199846127794
0.038495330280911906
0.038467763650769496
0.038440498287166086
0.038413532447511944
0.038386864320196494
0.03836049202937466
0.038334413639514106
0.038308627159713296
0.038283130547799575
0.03825792171421693
0.038232998525712325
0.03820835880882908
0.03818400035321651
0.038159920914763654
0.038136118218565725
0.03811258996173058
0.03808933381603287
0.03806634743042421
0.03804362843340473
0.03802117443526466
0.03799898303020103
0.037977051798316994
0.037955378307509016
0.03793396011524865
0.03791279477026342
0.03789187981412339
0.03787121278273773
0.03785079120776685
0.03783061261795368
0.037810674540381
0.03779097450165582
0.03777151002902793
0.037752278651444655
0.037733277900546335
0.03771450531160604
0.037695958424416275
0.03767763478412665
0.03765953194203507
0.037641647456335206
0.037623978892823304
0.03760652382556627
0.037589279837534385
0.037572244521199546
0.0375554154791023
0.03753879032438928
0.03752236668132229
0.03750614218576181
0.03749011448562558
0.03747428124132445
0.037458640126176126
0.03744318882679926
0.03742792504348748
0.03741284649056614
0.037397950896731466
0.03738323600537382
0.03736869957488555
0.037354339378954694
0.0373401532068441
0.03732613886365874
0.03731229417059888
0.03729861696520298
0.03728510510157762
0.037271756450617345
0.037258568900213646
0.037245540355453244
0.03723266873880737
0.03721995199031018
0.03720738806772894
0.03719497494672424
0.0371827106210017
0.037170593102454796
0.03715862042129901
0.037146790626197926
0.03713510178438043
0.03712355198175034
0.037112139322987625
0.03710086193164188
0.03708971795021766
0.03707870554025248
0.0370678228823868
0.03705706817642652
0.03704643964139792
0.03703593551559522
0.037025554056620835
0.037015293541418144
0.037005152266297005
0.03699512854695272
0.03698522071847698
0.03697542713536267
0.03696574617150144
0.03695617622017429
0.03694671569403604
0.036937363025092346
0.03692811666467107
0.036918975083386624
0.036909936771098315
0.036901000236862366
0.03689216400887792
0.03688342663442721
0.03687478667980966
0.0368662427302704
0.03685779338992345
0.03684943728166904
0.03684117304710593
0.03683299934643858
0.03682491485837914
0.0368169182800447
0.036809008326849954
0.036801183732395014
0.03679344324834911
0.03678578564432973
0.03677820970777796
0.036770714243829945
0.03676329807518399
0.03675596004196489
0.036748699001583965
0.03674151382859653
0.036734403414555604
0.036727366667863096
0.03672040251361786
0.03671350989346109
0.0367066877654196
0.03669993510374604
0.036693250898757586
Eğitim Tamamlandı
19 numaralı ağdaki hata: %5,876
