1.0
0.1156977824232827
0.11300343569943404
0.11194793764373741
0.11059278273357138
0.10880953892408696
0.10654551225629755
0.10389292940853352
0.10109374261625813
0.09843020852163367
0.09608882300730257
0.09411777490174836
0.09247385333040781
0.09108378280980729
0.08987971178353751
0.08881024641996829
0.08783959001918473
0.0869434247983397
0.08610507905930338
0.08531280658045363
0.08455804993515194
0.08383437664014877
0.08313683065441158
0.08246152952545059
0.08180540515061394
0.08116602900762628
0.0805414877239722
0.07993028898823289
0.07933128584404846
0.07874361219089954
0.07816662539565418
0.07759985406675775
0.07704295058281829
0.07649564898486874
0.07595772933085815
0.07542898958054899
0.07490922561498499
0.07439821926999837
0.07389573349799575
0.07340151316845367
0.07291528970198206
0.07243678773340236
0.07196573225901778
0.07150185513773161
0.07104490027405733
0.07059462722535398
0.07015081329325722
0.06971325436202268
0.06928176484171036
0.06885617708395876
0.06843634059011407
0.06802212125205565
0.06761340077669371
0.0672100763609751
0.0668120606143972
0.06641928167457352
0.0660316834287795
0.06564922573887078
0.06527188456556209
0.06489965189745436
0.06453253540711075
0.06417055777798263
0.06381375566956889
0.06346217831186914
0.06311588574246178
0.06277494671933567
0.062439436359254884
0.06210943356456063
0.06178501831074029
0.06146626887281332
0.06115325907067284
0.06084605561214567
0.060544715607929525
0.060249284325065634
0.05995979323564285
0.059676258405540056
0.05939867925483136
0.05912703770768522
0.058861297735881314
0.05860140528710575
0.058347288577535794
0.058098858718330815
0.05785601063781408
0.057618624255510766
0.05738656586081071
0.05715968964774323
0.05693783935798443
0.0567208499864843
0.05650854950769434
0.05630076058495863
0.056097302230875834
0.05589799139202963
0.05570264443715687
0.05551107853332141
0.05532311289981489
0.055138569934161726
0.05495727620867795
0.05477906333946345
0.05460376873248872
0.05443123621358162
0.05426131655065742
0.0540938678775342
0.05392875602916972
0.05376585479822566
0.053605046122556496
0.05344622021258608
0.05328927562663644
0.053134119301143756
0.052980666541399615
0.05282884097703074
0.05267857448494881
0.05252980708102263
0.05238248678032885
0.05223656942460442
0.052092018474538634
0.05194880476388146
0.05180690621207418
0.05166630749226543
0.05152699965218173
0.051388979686346266
0.05125225005953895
0.05111681818306718
0.05098269584727242
0.05084989861559359
0.05071844518732768
0.05058835673783704
0.0504596562462535
0.05033236782163806
0.05020651603901746
0.0500821252967167
0.049959219205948584
0.049837820022740065
0.04971794813103151
0.049599621584258034
0.049482855710983556
0.04936766278832168
0.04925405178500687
0.049142028174177406
0.04903159381426113
0.04892274689487187
0.04881548194338368
0.04870978988685699
0.048605658163281155
0.048503070875639494
0.04840200898210511
0.048302450515691916
0.048204370826892655
0.04810774284319941
0.048012537339875795
0.047918723216906316
0.047826267777646925
0.04773513700531943
0.04764529583409524
0.047556708412095444
0.04746933835416573
0.04738314898276826
0.04729810355575354
0.04721416548013651
0.04713129851130389
0.047049466937323176
0.046968635748217295
0.0468887707902158
0.04680983890510396
0.04673180805486523
0.04665464743186768
0.04657832755487744
0.04650282035120489
0.046428099225303554
0.046354139114155715
0.0462809165297901
0.04620840958929722
0.04613659803272931
0.0460654632293005
0.04599498817234199
0.0459251574635067
0.04585595728676832
0.04578737537280858
0.04571940095444338
0.04565202471379024
0.045585238721930973
0.04551903637187319
0.045453412305652176
0.04538836233645171
0.04532388336664361
0.04525997330266023
0.04519663096761729
0.04513385601259203
0.04507164882744359
0.04501001045202623
0.04494894248860443
0.04488844701622394
0.044828526507731586
0.04476918375006614
0.04471042176836723
0.0446522437543717
0.04459465299948176
0.04453765283281036
0.044481246564424634
0.04442543743392949
0.044370228564456694
0.04431562292205393
0.044261623280400154
0.04420823219071461
0.04415545195667272
0.04410328461409619
0.044051731915143645
0.04400079531669878
0.043950475972625594
0.04390077472954331
0.043851692125762815
0.04380322839301983
0.04375538346064086
0.04370815696178275
0.04366154824139838
0.0436155563655912
0.043570180132042474
0.04352541808121152
0.043481268508034195
0.04343772947386591
0.043394798818443
0.04335247417166094
0.04331075296499506
0.04326963244241329
0.043229109670660994
0.043189181548818734
0.04314984481706105
0.04311109606456707
0.04307293173655613
0.043035348140441396
0.042998341451114155
0.04296190771538936
0.04292604285565574
0.042890742672791464
0.04285600284841306
0.04282181894653793
0.042788186414747575
0.04275510058494271
0.042722556673786743
0.04269054978293281
0.0426590748991335
0.04262812689432479
0.04259770052577742
0.042567790436399564
0.042538391155270534
0.04250949709847693
0.04248110257031458
0.042453201764908806
0.042425788768298306
0.04239885756101591
0.042372402021188874
0.04234641592817337
0.04232089296672599
0.04229582673170529
0.042271210733289245
0.042247038402684275
0.04222330309829582
0.04219999811232131
0.04217711667772386
0.04215465197553765
0.04213259714245479
0.042110945278637915
0.04208968945570451
0.04206882272482574
0.042048338124884586
0.042028228690637166
0.04200848746082633
0.04198910748619426
0.04197008183734961
0.04195140361244268
0.0419330659446109
0.04191506200915649
0.04189738503042746
0.04188002828837187
0.041862985124745684
0.041846248948954015
0.04182981324351207
0.0418136715691172
0.04179781756932427
0.04178224497482279
0.04176694760731709
0.04175191938301272
0.04173715431571578
0.041722646519554527
0.04170839021133414
0.04169437971253745
0.04168060945098527
0.041667073962173395
0.041653767890300286
0.04164068598900436
0.04162782312182701
0.041615174262419743
0.04160273449451245
0.04159049901166036
0.041578463116787485
0.04156662222154221
0.041554971845482715
0.04154350761510661
0.041532225262740904
0.04152112062530608
0.041510189642968216
0.04149942835769201
0.04148883291170664
0.041478399545896376
0.04146812459812602
0.04145800450151097
0.041448035782641945
0.04143821505977182
0.041428539040972615
0.04141900452227029
0.04140960838576274
0.04140034759772821
0.04139121920672845
0.041382220341711864
0.04137334821012131
0.04136460009600975
0.041355973358167555
0.04134746542826525
0.04133907380901326
0.04133079607234188
0.04132262985760331
0.041314572869797825
0.0413066228778254
0.041298777712764224
0.04129103526617734
0.04128339348844852
0.04127585038714784
0.041268404025427675
0.04126105252045012
0.04125379404184544
0.04124662681020227
0.04123954909558984
0.041232559216112095
0.041225655536493384
0.04121883646669677
0.0412121004605731
0.041205446014542534
0.04119887166630668
0.04119237599359225
0.04118595761292471
0.041179615178433056
0.041173347380683824
0.041167152945545245
0.04116103063307957
0.041154979236464745
0.041148997580944084
0.041143084522802964
0.041137238948373525
0.04113145977306497
0.04112574594042077
0.041120096421200784
0.04111451021248877
0.041108986336823916
0.041103523841356585
0.0410981217970272
0.04109277929776786
0.04108749545972665
0.041082269420512935
0.041077100338464144
0.04107198739193329
0.04106692977859636
0.04106192671477937
0.04105697743480388
0.04105208119035213
0.041047237249848836
0.04104244489786123
0.04103770343451592
0.041033012174932014
0.041028370448670394
0.04102377759919844
0.041019232983369514
0.04101473597091744
0.041010285943964796
0.04100588229654479
0.04100152443413686
0.04099721177321404
0.04099294374080397
0.040988719774060954
0.04098453931985013
0.040980401834342234
0.04097630678261984
0.04097225363829366
0.0409682418831292
0.04096427100668264
0.04096034050594693
0.04095644988500606
0.04095259865469902
0.0409487863322914
0.04094501244115585
0.040941276510459826
0.04093757807486159
0.04093391667421292
0.040930291853269435
0.040926703161407334
0.04092315015234736
0.040919632383884436
0.04091614941762399
0.04091270081872414
0.04090928615564368
0.040905904999895465
0.040902556925805605
0.04089924151027755
0.0408959583325616
0.04089270697402905
0.04088948701795148
0.04088629804928447
0.040883139654456176
0.0408800114211599
0.04087691293815174
0.04087384379505174
0.04087080358214975
0.04086779189021514
0.04086480831031056
0.040861852433610006
0.04085892385122028
0.040856022154006674
0.040853146932422445
0.04085029777634207
0.04084747427489827
0.04084467601632282
0.04084190258779107
0.04083915357527057
0.04083642856337278
0.0408337271352093
0.04083104887225119
0.04082839335419308
0.040825760158819745
0.040823148861878066
0.04082055903695168
0.040817990255340275
0.04081544208594301
0.04081291409514516
0.04081040584670996
0.04080791690167399
0.04080544681824678
0.04080299515171519
0.04080056145435191
0.040798145275328275
0.04079574616063209
0.04079336365298949
0.04079099729179232
0.04078864661302933
0.04078631114922329
0.040783990429372315
0.04078168397889649
0.040779391319590005
0.04077711196957786
0.04077484544327858
0.040772591251371865
0.040770348900772066
0.04076811789460709
0.04076589773220313
0.040763687909074954
0.04076148791692237
0.040759297243632295
0.040757115373287064
0.04075494178617889
0.04075277595883014
0.04075061736402009
0.040748465470818375
0.040746319744623866
0.040744179647210686
0.04074204463678073
0.04073991416802239
0.04073778769217558
0.04073566465710456
0.040733544507375916
0.0407314266843442
0.040729310626244006
0.040727195768288746
0.040725081542776105
0.04072296737920043
0.040720852704371514
0.04071873694254066
0.040716619515532855
0.04071449984288617
0.04071237734199743
0.040710251428274905
0.04070812151529725
0.0407059870149793
0.04070384733774401
0.040701701892701406
0.040699550087833304
0.04069739133018452
0.04069522502606048
0.040693050581230815
0.04069086740113876
0.04068867489111669
0.040686472456607205
0.04068425950339049
0.040682035437815844
0.04067979966704011
0.040677551599270216
0.040675290644011264
0.040673016212319224
0.04067072771705846
0.040668424573163754
0.040666106197906296
0.040663772011164195
0.040661421435696524
0.040659053897421006
0.040656668825695304
0.040654265653601064
0.040651843818231115
0.04064940276097917
0.040646941927831685
0.040644460769662334
0.04064195874252717
0.04063943530796234
0.0406368899332822
0.04063432209187842
0.040631731263519946
0.04062911693465205
0.040626478598696565
0.04062381575635061
0.040621127915884354
0.040618414593438366
0.0406156753133183
0.040612909608288235
0.040610117019861405
0.04060729709858813
0.04060444940434069
0.04060157350659424
0.04059866898470478
0.04059573542818157
0.040592772436955735
0.04058977962164321
0.04058675660380289
0.040583703016187876
0.040580618502991425
0.04057750272008592
0.040574355335254525
0.04057117602841591
0.04056796449184104
0.040564720430361946
0.04056144356157178
0.04055813361601652
0.04055479033737729
0.04055141348264344
0.040548002822275483
0.04054455814035866
0.04054107923474584
0.04053756591718972
0.040534018013464686
0.040530435363477044
0.040526817821364684
0.04052316525558476
0.040519477548989796
0.04051575459889261
0.04051199631711832
0.04050820263004515
0.040504373478632595
0.04050050881843775
0.0404966086196188
0.04049267286692677
0.04048870155968429
0.04048469471175277
0.040480652351486596
0.04047657452167521
0.040472461279473036
0.04046831269631747
0.04046412885783442
0.04045990986373213
0.040455655827683505
0.04045136687719641
0.04044704315347278
0.04044268481125689
0.04043829201867183
0.04043386495704608
0.04042940382072939
0.040424908816898045
0.04042038016535094
0.04041581809829554
0.0404112228601248
0.040406594707185155
0.04040193390753603
0.04039724074070086
0.04039251549741056
0.040387758479339286
0.04038296999883346
0.040378150378633744
0.04037329995159098
0.04036841906037618
0.04036350805718508
0.040358567303437724
0.04035359716947335
0.04034859803424115
0.04034357028498734
0.0403385143169385
0.040333430532982696
0.040328319343347456
0.04032318116527597
0.04031801642270153
0.04031282554592102
0.04030760897126677
0.04030236714077906
0.04029710050187759
0.040291809507033795
0.040286494613443746
0.04028115628270194
0.040275794980477016
0.04027041117618835
0.04026500534268575
0.0402595779559309
0.04025412949468188
0.040248660440180405
0.04024317127584301
0.04023766248695506
0.040232134560369295
0.040226587984208466
0.040221023247571625
0.040215440840246156
0.04020984125242381
0.04020422497442196
0.04019859249641033
0.04019294430814285
0.04018728089869519
0.04018160275620796
0.04017591036763599
0.040170204218503106
0.04016448479266357
0.04015875257206944
0.04015300803654401
0.04014725166356223
0.04014148392803686
0.040135705302111635
0.04012991625496072
0.04012411725259475
0.04011830875767362
0.040112491229325795
0.04010666512297394
0.04010083089016804
0.040094988978423854
0.040089139831069036
0.04008328388709539
0.04007742158101732
0.040071553342737515
0.04006567959741825
0.040059800765359525
0.04005391726188329
0.04004802949722407
0.040042137876425736
0.040036242799243796
0.040030344660054513
0.040024443847769334
0.040018540745755254
0.04001263573176091
0.04000672917784828
0.04000082145032976
0.039994912909710655
0.039989003910637054
0.03998309480184874
0.03997718592613694
0.03997127762030755
0.039965370215148614
0.039959464035402494
0.03995355939974316
0.0399476566207573
0.03994175600492989
0.03993585785263424
0.03992996245812568
0.03992407010953957
0.03991818108889274
0.039912295672089086
0.03990641412892819
0.03990053672311793
0.03989466371229013
0.03988879534801916
0.03988293187584429
0.03987707353529446
0.03987122055991605
0.03986537317730339
0.03985953160913216
0.03985369607119479
0.03984786677343859
0.039842043920006114
0.03983622770927779
0.03983041833391651
0.03982461598091411
0.03981882083163993
0.03981303306189112
0.039807252841944404
0.03980148033660974
0.039795715705285235
0.03978995910201353
0.0397842106755394
0.03977847056936896
0.03977273892182933
0.03976701586613005
0.039761301530425036
0.03975559603787549
0.03974989950671377
0.039744212050307905
0.03973853377722692
0.03973286479130633
0.03972720519171487
0.03972155507302083
0.039715914525260035
0.039710283634002516
0.03970466248042103
0.039699051141358806
0.03969344968939801
0.03968785819292791
0.03968227671621353
0.03967670531946393
0.0396711440589008
0.039665592986826745
0.03966005215169366
0.039654521598170483
0.03964900136721163
0.03964349149612416
0.03963799201863531
0.039632502964959834
0.03962702436186637
0.039621556232743944
0.039616098597667966
0.039610651473465645
0.039605214873781235
0.03959978880914036
0.039594373287014296
0.039588968311883355
0.03958357388529993
0.03957819000595075
0.03957281666971898
0.03956745386974506
0.03956210159648744
0.03955675983778251
0.039551428578903765
0.039546107802620405
0.03954079748925511
0.039535497616741466
0.039530208160680175
0.03952492909439505
0.03951966038898785
0.03951440201339255
0.039509153934429234
0.03950391611685642
0.03949868852342355
0.03949347111492193
0.03948826385023552
0.03948306668639057
0.03947787957860464
0.039472702480334916
0.039467535343325644
0.03946237811765475
0.03945723075177996
0.03945209319258379
0.03944696538541789
0.03944184727414711
0.03943673880119173
0.03943163990757019
0.03942655053294008
0.039421470615638846
0.03941640009272377
0.03941133890001079
0.039406286972113326
0.03940124424247953
0.03939621064342937
0.03939118610619091
0.03938617056093568
0.039381163936813415
0.03937616616198631
0.03937117716366227
0.03936619686812762
0.03936122520077913
0.03935626208615532
0.03935130744796722
0.0393463612091282
0.039341423291783514
0.03933649361733909
0.03933157210648941
0.039326658679244994
0.039321753254959464
0.03931685575235549
0.03931196608955085
0.03930708418408288
0.039302209952933556
0.03929734331255317
0.039292484178883355
0.039287632467380505
0.03928278809303752
0.039277950970405616
0.03927312101361563
0.039268298136398615
0.039263482252105956
0.03925867327372914
0.03925387111391876
0.03924907568500343
0.039244286899007774
0.039239504667670344
0.03923472890246078
0.03922995951459687
0.039225196415060795
0.03922043951461531
0.039215688723818976
0.039210943953041824
0.039206205112479776
0.03920147211216917
0.039196744862000754
0.03919202327173323
0.039187307251006685
0.03918259670935549
0.039177891556220645
0.03917319170096227
0.0391684970528714
0.039163807521181475
0.039159123015079865
0.03915444344371849
0.039149768716224755
0.03914509874171178
0.03914043342928858
0.039135772688069725
0.039131116427185066
0.039126464555789
0.03912181698306944
0.039117173618256514
0.03911253437063145
0.03910789914953457
0.039103267864373556
0.039098640424631355
0.03909401673987384
0.03908939671975725
0.03908478027403558
0.039080167312567526
0.03907555774532359
0.03907095148239269
0.03906634843398885
0.03906174851045749
0.039057151622281724
0.039052557680088675
0.03904796659465504
0.03904337827691333
0.03903879263795719
0.03903420958904742
0.039029629041617026
0.0390250509072766
0.03902047509781992
0.039015901525228526
0.03901133010167722
0.03900676073953872
0.03900219335138854
0.03899762785000987
0.03899306414839804
0.03898850215976543
0.03898394179754566
0.03897938297539838
0.0389748256072134
0.03897026960711527
0.03896571488946741
0.03896116136887651
0.03895660896019662
0.038952057578533414
0.03894750713924829
0.03894295755796246
0.03893840875056106
0.03893386063319718
0.038929313122296014
0.038924766134558524
0.03892021958696607
0.038915673396783715
0.03891112748156476
0.03890658175915435
0.03890203614769366
0.038897490565623916
0.03889294493169023
0.038888399164945735
0.038883853184755464
0.03887930691080062
0.038874760263082196
0.03887021316192556
0.038865665527984164
0.03886111728224368
0.03885656834602634
0.03885201864099483
0.038847468089156664
0.03884291661286834
0.03883836413483961
0.038833810578137604
0.03882925586619135
0.03882469992279618
0.03882014267211785
0.03881558403869716
0.03881102394745445
0.03880646232369409
0.038801899093108855
0.03879733418178489
0.03879276751620614
0.03878819902325893
0.03878362863023706
0.03877905626484612
0.03877448185520889
0.03876990532986974
0.038765326617799856
0.03876074564840205
0.03875616235151589
0.03875157665742274
0.03874698849685082
0.038742397800980564
0.03873780450144969
0.03873320853035836
0.038728609820274866
0.03872400830424055
0.03871940391577539
0.03871479658888364
0.0387101862580589
0.03870557285829005
0.03870095632506645
0.03869633659438387
0.038691713602749936
0.03868708728718988
0.03868245758525221
0.03867782443501442
0.03867318777508881
0.038668547544628416
0.038663903683332626
0.038659256131453025
0.03865460482979948
0.03864994971974583
0.03864529074323589
0.03864062784278933
0.0386359609615076
0.038631290043079934
0.038626615031789165
0.038621935872517846
0.03861725251075408
0.038612564892597456
0.03860787296476498
0.038603176674597166
0.0385984759700636
0.03859377079976923
0.038589061112959955
0.038584346859528544
0.0385796279900205
0.03857490445563974
0.03857017620825441
0.038565443200402616
0.038560705385298114
0.03855596271683564
0.03855121514959677
0.0385464626388553
0.03854170514058261
0.03853694261145317
0.038532175008849624
0.038527402290868214
0.03852262441632379
0.03851784134475485
0.03851305303642857
0.038508259452345435
0.038503460554244404
0.03849865630460699
0.03849384666666236
0.03848903160439145
0.03848421108253119
0.03847938506657891
0.03847455352279617
0.03846971641821284
0.038464873720630705
0.03846002539862714
0.03845517142155866
0.03845031175956405
0.03844544638356758
0.038440575265282106
0.03843569837721168
0.038430815692654365
0.0384259271857045
0.03842103283125511
0.03841613260499992
0.03841122648343519
0.038406314443861486
0.038401396464385104
0.03839647252391929
0.03839154260218535
0.03838660667971353
0.03838166473784353
0.038376716758724914
0.03837176272531727
0.038366802621390285
0.03836183643152309
0.038356864141104105
0.03835188573632995
0.03834690120420458
0.03834191053253782
0.038336913709944076
0.038331910725840315
0.038326901570443994
0.038321886234770945
0.038316864710632614
0.03831183699063331
0.038306803068167035
0.038301762937414205
0.038296716593337866
0.038291664031679794
0.038286605248956426
0.03828154024245433
0.03827646901022547
0.038271391551082105
0.0382663078645917
0.03826121795107125
0.038256121811581396
0.038251019447920545
0.0382459108626183
0.0382407960589289
0.03823567504082421
0.03823054781298692
0.03822541438080249
0.038220274750352105
0.038215128928404195
0.03820997692240661
0.038204818740477896
0.03819965439139863
0.03819448388460257
0.03818930723016739
0.03818412443880507
0.03817893552185244
0.03817374049126116
0.0381685393595876
0.03816333213998237
0.03815811884618001
0.038152899492487874
0.03814767409377531
0.03814244266546251
0.038137205223508976
0.03813196178440205
0.0381267123651452
0.03812145698324594
0.03811619565670384
0.03811092840399829
0.03810565524407609
0.038100376196338735
0.03809509128063007
0.03808980051722317
0.03808450392680752
0.03807920153047592
0.03807389334971146
0.0380685794063742
0.03806325972268777
0.03805793432122603
0.03805260322489955
0.038047266456942175
0.038041924040897256
0.03803657600060419
0.038031222360184615
0.038025863144028796
0.038020498376781814
0.03801512808333012
0.03800975228878735
0.038004371018481066
0.03799898429793895
0.03799359215287505
0.03798819460917618
0.037982791692888596
0.0379773834302042
0.0379719698474473
0.037966550971061185
0.03796112682759483
0.03795569744368985
0.03795026284606728
0.037944823061514726
0.0379393781168735
0.03793392803902587
0.03792847285488256
0.03792301259137029
0.03791754727541968
0.03791207693395276
0.0379066015938714
0.03790112128204543
0.037895636025301195
0.037890145850409854
0.037884650784076566
0.037879150852929276
0.037873646083508225
0.03786813650225513
0.03786262213550302
0.03785710300946614
0.037851579150230234
0.03784605058374274
0.037840517335803535
0.03783497943205605
0.03782943689797809
0.03782388975887345
0.03781833803986387
0.03781278176588043
0.03780722096165641
0.03780165565171941
0.03779608586038441
0.03779051161174688
0.037784932929676
0.03777934983780841
0.03777376235954242
0.03776817051803206
0.03776257433618173
0.03775697383664113
0.03775136904180034
0.03774575997378562
0.03774014665445473
0.03773452910539359
0.03772890734791219
0.037723281403041646
0.03771765129153113
0.03771201703384521
0.037706378650161465
0.03770073616036849
0.037695089584064055
0.03768943894055376
0.03768378424884988
0.0376781255276705
0.037672462795439
0.03766679607028372
0.03766112537003823
0.037655450712241335
0.037649772114138155
0.037644089592680674
0.03763840316452898
0.037632712846053226
0.03762701865333461
0.03762132060216805
0.03761561870806446
0.03760991298625298
0.037604203451684054
0.03759849011903272
0.0375927730027016
0.0375870521168248
0.03758132747527186
0.03757559909165151
0.037569866979316434
0.037564131151367544
0.0375583916206592
0.037552648399803795
0.03754690150117746
0.03754115093692535
0.03753539671896732
0.037529638859003976
0.03752387736852278
0.03751811225880425
0.037512343540928667
0.03750657122578264
0.03750079532406596
0.03749501584629883
0.037489232802828926
0.03748344620383886
0.037477656059353846
0.037471862379249286
0.03746606517325854
0.03746026445098134
0.03745446022189155
0.03744865249534555
0.03744284128059081
0.0374370265867742
0.03743120842295086
0.037425386798092916
0.03741956172109828
0.037413733200799715
0.037407901245973915
0.03740206586535062
0.037396227067622
0.037390384861451874
0.03738453925548523
0.03737869025835762
0.03737283787870472
0.03736698212517206
0.03736112300642467
0.03735526053115666
0.03734939470810116
0.0373435255460401
0.03733765305381394
0.03733177724033171
0.03732589811458081
0.03732001568563683
0.03731412996267381
0.03730824095497393
0.03730234867193744
0.03729645312309285
0.037290554318106704
0.037284652266793485
0.03727874697912584
0.03727283846524407
0.03726692673546649
0.03726101180029887
0.03725509367044461
0.037249172356814526
0.03724324787053628
0.03723732022296458
0.037231389425690514
0.037225455490551375
0.037219518429640164
0.0372135782553151
0.037207634980209216
0.037201688617239416
0.037195739179616265
0.03718978668085276
0.037183831134773915
0.037177872555525446
0.037171910957583175
0.03716594635576162
0.03715997876522294
0.03715400820148562
0.037148034680433276
0.03714205821832277
0.03713607883179299
0.03713009653787306
0.037124111353990304
0.03711812329797874
0.03711213238808658
0.037106138642984246
0.03710014208177234
0.037094142723988525
0.03708814058961571
0.0370821356990889
0.03707612807330244
0.037070117733617146
0.03706410470186701
0.03705808900036609
0.03705207065191498
0.037046049679807236
0.037040026107835765
0.037033999960298776
0.0370279712620057
0.03702194003828334
0.03701590631498097
0.03700987011847623
0.03700383147568004
0.0369977904140421
0.03699174696155542
0.03698570114676139
0.03697965299875426
0.03697360254718544
0.03696754982226789
0.03696149485477994
0.03695543767606942
0.036949378318056954
0.03694331681323969
0.03693725319469453
0.036931187496081125
0.03692511975164473
0.03691904999621901
0.036912978265228484
0.03690690459469071
0.0369008290212185
0.036894751582021705
0.036888672314908916
0.03688259125828891
0.03687650845117199
0.03687042393317097
0.03686433774450197
0.03685824992598525
0.036852160519045364
0.03684606956571154
0.03683997710861776
0.036833883191002406
0.03682778785670778
0.03682169115017966
0.036815593116466455
0.03680949380121791
0.036803393250684074
0.03679729151171364
0.03679118863175247
0.0367850846588414
0.036778979641614314
0.03677287362929565
0.03676676667169807
0.036760658819219506
0.03675455012284019
0.0367484406341196
0.036742330405192834
0.036736219488767236
0.036730107938118504
0.03672399580708655
0.03671788315007145
0.036711770022028786
0.0367056564784652
0.03669954257543357
0.0366934283695277
0.03668731391787733
0.036681199278142576
0.03667508450850836
0.0366689696676784
0.03666285481486951
0.03665674000980493
0.036650625312708324
0.03664451078429691
0.0366383964857749
0.036632282478826314
0.03662616882560798
0.03662005558874217
0.036613942831309074
0.03660783061683917
0.03660171900930551
0.0365956080731154
0.03658949787310255
0.03658338847451857
0.03657727994302457
0.03657117234468253
0.03656506574594641
0.03655896021365335
0.03655285581501452
0.036546752617605927
0.036540650689358974
0.03653455009855125
0.03652845091379656
0.036522353204035365
0.036516257038525055
0.03651016248682974
0.0365040696188102
0.03649797850461386
0.0364918892146643
0.036485801819650936
0.03647971639051865
0.03647363299845688
0.03646755171488927
0.036461472611462625
0.03645539576003638
0.03644932123267154
0.03644324910161952
0.03643717943931148
0.03643111231834684
0.03642504781148239
0.03641898599162101
0.036412926931800205
0.036406870705181164
0.036400817385037185
0.03639476704474233
0.03638871975776003
0.036382675597631815
0.036376634637965644
0.036370596952424616
0.03636456261471541
0.03635853169857698
0.03635250427776886
0.03634648042605991
0.036340460217216895
0.036334443724992664
0.03632843102311533
0.036322422185276454
0.03631641728511986
0.03631041639623019
0.03630441959212179
0.03629842694622733
0.03629243853188671
0.03628645442233576
0.03628047469069531
0.03627449940996007
0.036268528652987735
0.03626256249248798
0.03625660100101173
0.036250644250940406
0.03624469231447517
0.03623874526362645
0.03623280317020337
0.03622686610580333
0.036220934141801844
0.03621500734934208
0.03620908579932504
0.036203169562399336
0.03619725870895132
0.03619135330909556
0.03618545343266476
0.036179559149200555
0.03617367052794397
0.03616778763782613
0.03616191054745905
0.0361560393251267
0.036150174038776
0.036144314756008045
0.03613846154406961
0.036132614469844525
0.036126773599845396
0.036120939000205264
0.0361151107366699
0.03610928887458936
0.03610347347891083
0.03609766461417048
0.036091862344486386
0.03608606673355106
0.036080277844624406
0.03607449574052654
0.03606872048363143
0.03606295213585949
0.03605719075867184
0.03605143641306353
0.03604568915955751
0.03603994905819851
0.036034216168547316
0.036028490549675066
0.036022772260157605
0.03601706135807036
0.03601135790098296
0.036005661945954226
0.035999973549527484
0.03599429276772569
0.035988619656046994
0.03598295426946029
0.03597729666240118
0.035971646888767854
0.0359660050019171
0.03596037105466084
0.035954745099262456
0.03594912718743336
0.03594351737032987
0.03593791569855001
0.0359323222221309
0.03592673699054561
0.035921160052700955
0.03591559145693476
0.035910031251013684
0.03590447948213126
0.03589893619690562
0.035893401441377905
0.03588787526101043
0.03588235770068539
0.035876848804703085
0.03587134861678101
0.035865857180052675
0.03586037453706654
0.0358549007297853
0.03584943579958516
0.03584397978725528
0.03583853273299727
0.03583309467642519
0.03582766565656494
0.03582224571185461
0.03581683488014442
0.03581143319869687
0.03580604070418718
0.035800657432703706
0.03579528341974844
0.035789918700237816
0.035784563308503395
0.03577921727829278
0.035773880642770664
0.0357685534345199
0.03576323568554274
0.035757927427262186
0.03575262869052333
0.03574733950559489
0.035742059902170865
0.035736789909372194
0.03573152955574845
0.03572627886928
0.03572103787737951
0.03571580660689448
0.035710585084108994
0.03570537333474607
0.03570017138397
0.03569497925638863
0.03568979697605567
0.03568462456647347
0.03567946205059528
0.0356743094508281
0.03566916678903525
0.0356640340865392
0.03565891136412433
0.03565379864203985
0.03564869594000259
0.035643603277200266
0.03563852067229425
0.03563344814342272
0.035628385708203876
0.03562333338373902
0.035618291186615816
0.03561325913291161
0.03560823723819666
0.03560322551753747
0.03559822398550026
0.0355932326561543
0.03558825154307543
0.03558328065934944
0.03557832001757579
0.035573369629870864
0.035568429507871854
0.035563499662740056
0.03555858010516478
0.03555367084536676
0.035548771893101995
0.03554388325766529
0.035539004947894
0.03553413697217198
0.03552927933843295
0.03552443205416446
0.035519595126411764
0.03551476856178136
0.03550995236644482
0.0355051465461429
0.035500351106188884
0.03549556605147283
0.035490791386465104
0.03548602711522025
0.03548127324138106
0.03547652976818218
0.035471796698453975
0.03546707403462643
0.035462361778733006
0.035457659932414495
0.03545296849692279
0.0354482874731247
0.03544361686150605
0.03543895666217519
0.035434306874866935
0.03542966749894652
0.03542503853341326
0.03542041997690448
0.03541581182769924
0.03541121408372212
0.035406626742547125
0.0354020498014014
0.03539748325716895
0.03539292710639453
0.03538838134528721
0.03538384596972435
0.03537932097525515
0.03537480635710442
0.03537030211017622
0.035365808229057785
0.03536132470802288
0.0353568515410357
0.0353523887217544
0.03534793624353479
0.03534349409943384
0.035339062282213445
0.03533464078434391
0.03533022959800757
0.03532582871510221
0.03532143812724487
0.03531705782577505
0.03531268780175841
0.03530832804599021
0.03530397854899875
0.03529963930104881
0.035295310292145145
0.03529099151203581
0.035286682950215614
0.035282384595929486
0.03527809643817566
0.035273818465709324
0.035269550667045596
0.03526529303046325
0.03526104554400731
0.03525680819549309
0.03525258097250871
0.03524836386241892
0.03524415685236781
0.035239959929282284
0.035235773079874994
0.03523159629064767
0.03522742954789409
0.035223272837703185
0.03521912614596212
0.035214989458359325
0.035210862760387644
0.03520674603734698
0.035202639274347726
0.0351985424563134
0.035194455567983784
0.03519037859391754
0.03518631151849551
0.035182254325923326
0.03517820700023419
0.03517416952529196
0.03517014188479376
0.03516612406227279
0.03516211604110127
0.03515811780449276
0.035154129335505366
0.03515015061704415
0.03514618163186387
0.03514222236257161
0.035138272791629496
0.035134332901357195
0.0351304026739346
0.03512648209140422
0.03512257113567406
0.035118669788519824
0.03511477803158757
0.03511089584639615
0.03510702321433961
0.03510316011668975
0.035099306534598564
0.03509546244910041
0.0350916278411146
0.035087802691447685
0.03508398698079578
0.035080180689746866
0.03507638379878307
0.03507259628828301
0.03506881813852392
0.03506504932968399
0.03506128984184454
0.03505753965499213
0.03505379874902082
0.035050067103734296
0.03504634469884786
0.03504263151399084
0.03503892752870827
0.035035232722463346
0.035031547074639194
0.035027870564540944
0.03502420317139779
0.035020544874364956
0.03501689565252568
0.03501325548489307
0.03500962435041212
0.03500600222796147
0.035002389096355585
0.034998784934346154
0.03499518972062438
0.03499160343382265
0.034988026052516136
0.03498445755522487
0.03498089792041542
0.03497734712650253
0.03497380515185093
0.034970271974777055
0.03496674757355078
0.03496323192639693
0.03495972501149711
0.03495622680699121
0.03495273729097911
0.034949256441522226
0.03494578423664508
0.034942320654336896
0.03493886567255316
0.03493541926921707
0.03493198142222115
0.03492855210942855
0.034925131308674744
0.034921718997768886
0.034918315154495234
0.03491491975661451
0.034911532781865484
0.03490815420796613
0.034904784012615146
0.03490142217349334
0.03489806866826482
0.034894723474578386
0.03489138657006885
0.03488805793235825
0.03488473753905718
0.03488142536776612
0.03487812139607641
0.03487482560157177
0.03487153796182928
0.03486825845442073
0.034864987056913654
0.03486172374687259
0.03485846850186017
0.034855221299438195
0.0348519821171689
0.03484875093261583
0.03484552772334518
0.03484231246692657
0.034839105140934364
0.03483590572294849
0.03483271419055563
0.03482953052135003
0.03482635469293476
0.03482318668292244
0.034820026468936255
0.03481687402861109
0.034813729339594174
0.03481059237954621
0.03480746312614219
0.03480434155707237
0.03480122765004301
0.03479812138277738
0.034795022733016524
0.03479193167852016
0.03478884819706745
0.03478577226645776
0.03478270386451172
0.034779642969071684
0.034776589558002606
0.03477354360919297
0.03477050510055537
0.03476747401002723
0.03476445031557162
0.03476143399517799
0.03475842502686268
0.03475542338866992
0.03475242905867213
0.03474944201497101
0.034746462235697745
0.034743489699014
0.03474052438311241
0.03473756626621719
0.03473461532658469
0.03473167154250423
0.0347287348922984
0.034725805354323735
0.03472288290697137
0.03471996752866754
0.03471705919787402
0.03471415789308881
0.0347112635928466
0.03470837627571922
0.0347054959203163
0.034702622505285496
0.03469975600931334
0.03469689641112537
0.03469404368948673
0.03469119782320272
0.03468835879111916
0.03468552657212265
0.03468270114514133
0.03467988248914506
0.034677070583145855
0.034674265406198446
0.0346714669374004
0.03466867515589272
0.03466589004086014
0.03466311157153149
0.03466033972718009
0.034657574487123935
0.034654815830726333
0.034652063737395974
0.034649318186587334
0.034646579157800984
0.03464384663058396
0.034641120584530026
0.03463840099927985
0.0346356878545215
0.0346329811299906
0.034630280805470454
0.03462758686079265
0.03462489927583705
0.034622218030532115
0.03461954310485514
0.03461687447883246
0.034614212132539755
0.03461155604610225
0.034608906199694804
0.034606262573542254
0.03460362514791957
0.03460099390315209
0.03459836881961559
0.03459574987773662
0.034593137057992454
0.03459053034091163
0.03458792970707368
0.034585335137109624
0.03458274661170189
0.0345801641115846
0.03457758761754374
0.034575017110417064
0.034572452571094515
0.03456989398051815
0.0345673413196823
0.03456479456963374
0.034562253711471695
0.03455971872634809
0.0345571895954675
0.03455466630008729
0.03455214882151775
0.034549637141122046
0.03454713124031652
0.03454463110057052
0.034542136703406626
0.034539648030400605
0.0345371650631817
0.03453468778343219
0.034532216172888104
0.03452975021333868
0.03452728988662681
0.034524835174648834
0.03452238605935455
0.03451994252274756
0.03451750454688498
0.03451507211387747
0.03451264520588949
0.03451022380513907
0.03450780789389798
0.03450539745449161
0.03450299246929905
0.03450059292075309
0.034498198791340175
0.03449581006360043
0.03449342672012757
0.03449104874356906
0.03448867611662593
0.03448630882205274
0.03448394684265781
0.03448159016130278
0.03447923876090292
0.034476892624427054
0.034474551734897295
0.03447221607538928
0.03446988562903193
0.03446756037900759
0.03446524030855166
0.03446292540095303
0.03446061563955361
0.0344583110077484
0.03445601148898544
0.03445371706676584
0.034451427724643664
0.034449143446225655
0.034446864215171534
0.034444590015193635
0.03444232083005699
0.03444005664357923
0.034437797439630345
0.034435543202132914
0.03443329391506175
0.034431049562444
0.03442881012835886
0.034426575596937625
0.034424345952363745
0.034422121178872396
0.03441990126075057
0.03441768618233708
0.03441547592802225
0.034413270482247946
0.03441106982950744
0.034408873954345436
0.03440668284135766
0.034404496475191074
0.03440231484054363
0.03440013792216411
0.03439796570485214
0.034395798173458
0.034393635312882545
0.03439147710807705
0.03438932354404311
0.03438717460583262
0.03438503027854739
0.03438289054733947
0.03438075539741059
0.03437862481401223
0.03437649878244559
0.034374377288061246
0.034372260316259215
0.03437014785248873
0.03436803988224813
0.03436593639108483
0.03436383736459497
0.03436174278842349
0.03435965264826399
0.03435756692985847
0.034355485618997254
0.03435340870151891
0.0343513361633101
0.03434926799030535
0.034347204168487064
0.03434514468388527
0.03434308952257753
0.03434103867068881
0.034338992114391315
0.0343369498399044
0.034334911833494325
0.03433287808147422
0.034330848570203965
0.03432882328608991
0.03432680221558494
0.03432478534518796
0.03432277266144431
0.03432076415094511
0.034318759800327336
0.03431675959627381
0.03431476352551269
0.03431277157481771
0.03431078373100781
0.034308799980947005
0.03430682031154432
0.0343048447097536
0.034302873162573376
0.03430090565704669
0.03429894218026092
0.034296982719347835
0.0342950272614831
0.034293075793886414
0.03429112830382128
0.034289184778594835
0.03428724520555763
0.03428530957210366
0.03428337786567012
0.03428145007373716
0.03427952618382789
0.034277606183508204
0.034275690060386485
0.03427377780211365
0.034271869396382916
0.03426996483092962
0.03426806409353116
0.034266167172006624
0.03426427405421699
0.034262384728064706
0.034260499181493625
0.03425861740248886
0.034256739379076584
0.034254865099324
0.03425299455133906
0.0342511277232704
0.034249264603307114
0.03424740517967876
0.03424554944065492
0.034243697374545405
0.03424184896969986
0.03424000421450766
0.03423816309739783
0.03423632560683887
0.03423449173133862
0.03423266145944396
0.03423083477974092
0.034229011680854335
0.034227192151447774
0.03422537618022332
0.034223563755921574
0.034221754867321395
0.03421994950323977
0.03421814765253157
0.03421634930408967
0.03421455444684454
0.0342127630697642
0.03421097516185409
0.03420919071215688
0.03420740970975236
0.03420563214375736
0.03420385800332537
0.03420208727764663
0.034200319955948
0.03419855602749259
0.034196795481579806
0.03419503830754523
0.03419328449476023
0.03419153403263218
0.03418978691060391
0.034188043118153995
0.03418630264479631
0.03418456548007991
0.03418283161358906
0.03418110103494293
0.03417937373379549
0.03417764969983549
0.03417592892278615
0.03417421139240508
0.034172497098484245
0.03417078603084964
0.03416907817936129
0.03416737353391315
0.03416567208443274
0.034163973820881224
0.03416227873325328
0.034160586811576805
0.03415889804591286
0.03415721242635559
0.034155529943032024
0.03415385058610191
0.03415217434575777
0.03415050121222441
0.03414883117575914
0.03414716422665148
0.03414550035522304
0.03414383955182739
0.034142181806849935
0.034140527110707794
0.03413887545384962
0.034137226826755525
0.03413558121993701
0.03413393862393661
0.034132299029328114
0.034130662426716
0.034129028806735684
0.034127398160053286
0.03412577047736533
0.0341241457493989
0.03412252396691129
0.034120905120689916
0.03411928920155233
0.03411767620034593
0.03411606610794791
0.03411445891526515
0.03411285461323405
0.03411125319282043
0.03410965464501939
0.034108058960855225
0.0341064661313813
0.03410487614767981
0.03410328900086185
0.034101704682067205
0.03410012318246418
0.03409854449324948
0.03409696860564827
0.03409539551091382
0.03409382520032753
0.03409225766519873
0.03409069289686469
0.0340891308866904
0.03408757162606833
0.03408601510641862
0.03408446131918882
0.034082910255853596
0.034081361907914914
0.03407981626690169
0.03407827332436983
0.034076733071902135
0.03407519550110792
0.034073660603623324
0.03407212837111079
0.034070598795259185
0.03406907186778376
0.03406754758042566
0.034066025924952316
0.034064506893157036
Eğitim Tamamlandı
20 numaralı ağdaki hata: %7,243
