1.0
0.10892955419992637
0.10761639734790819
0.10688591998029522
0.10590052282074362
0.10457118262605136
0.10281570702970384
0.1005919631619328
0.09794373974049667
0.09502682837473307
0.09207613086900114
0.08931948868799404
0.08689963849973552
0.08485553272259463
0.08315394229427799
0.08173173956546771
0.0805243418237547
0.07947794021285667
0.07855185612430046
0.07771679260024078
0.07695210431920556
0.07624332374967296
0.07558026159659328
0.07495565118302286
0.07436421410791941
0.07380202599633762
0.07326608786237475
0.07275403605443727
0.0722639452802881
0.07179419441618295
0.07134337501910672
0.07091022915756104
0.07049360752957787
0.07009244167604785
0.06970572597338928
0.0693325063541826
0.06897187357806248
0.06862295949410571
0.06828493518418154
0.06795701020645652
0.06763843240267153
0.0673284879138651
0.06702650118206505
0.06673183481120674
0.0664438892276182
0.06616210212553382
0.06588594771162597
0.0656149357788152
0.06534861064710937
0.06508655001066924
0.06482836372783514
0.06457369258606963
0.06432220706784778
0.06407360613728358
0.0638276160612555
0.06358398927333385
0.06334250328409403
0.06310295963750467
0.06286518291000806
0.06262901974663028
0.06239433792689657
0.06216102545241748
0.06192898964766793
0.06169815626562742
0.06146846859051531
0.061239886530758174
0.061012385696502996
0.06078595645736857
0.060560602977632896
0.060336342227626856
0.0601132029716685
0.05989122473436793
0.059670456748512325
0.0594509568889432
0.059232790597844136
0.059016029807635255
0.058800751868219564
0.05858703848564445
0.058374974679350516
0.05816464776509502
0.057956146370393424
0.0577495594889422
0.057544975580003155
0.05734248171816627
0.05714216279828741
0.056944100799740924
0.05674837411343791
0.05655505693436999
0.056364218721729205
0.05617592372795414
0.05599023059735884
0.05580719203431423
0.0556268545402922
0.055449258218438074
0.05527443664373054
0.05510241679621612
0.05493321905427864
0.054766857244429104
0.05460333874368831
0.054442664630281086
0.054284829878084084
0.05412982359006213
0.05397762926579875
0.05382822509817284
0.053681584294255374
0.05353767541558986
0.053396462733178364
0.053257906592705254
0.05312196378579696
0.05298858792341412
0.05285772980780656
0.05272933779981439
0.05260335817865966
0.052479735491742334
0.05235841289231388
0.05223933246325484
0.052122435525514016
0.05200766293008577
0.05189495533268895
0.05178425345057941
0.05167549830116963
0.05156863142234086
0.05146359507452486
0.051360332424796366
0.05125878771335845
0.051158906402924406
0.051060635311597324
0.050963922729932574
0.050868718522930206
0.050774974217754454
0.05068264307801062
0.0505916801654305
0.05050204238982637
0.05041368854816853
0.05032657935362891
0.05024067745540712
0.0501559474501217
0.0500723558855062
0.04998987125709824
0.04990846399855114
0.04982810646613342
0.049748772917910536
0.04967043948803147
0.049593084156465156
0.04951668671445779
0.04944122872590549
0.0493666934847674
0.04929306596857772
0.049220332788057104
0.04914848213277586
0.04907750371278357
0.04900738869609646
0.04893812964192416
0.04886972042952361
0.048802156182591344
0.04873543318914211
0.048669548816880195
0.04860450142413684
0.04854029026653259
0.04847691539961778
0.048414377577847605
0.048352678150358624
0.04829181895412124
0.0482318022051545
0.04817263038858831
0.04811430614845105
0.04805683217813643
0.04800021111256159
0.047944445423066084
0.04788953731611293
0.04783548863684157
0.04778230077848419
0.04772997459859103
0.04767851034292227
0.047627907577753016
0.04757816513120597
0.0475292810440819
0.04748125253050066
0.04743407594850275
0.047387746780597186
0.047342259624082755
0.04729760819081577
0.047253785315960944
0.04721078297513621
0.04716859230926113
0.047127203656332294
0.04708660658928862
0.047046789959090854
0.047007741942119284
0.046969450090997365
0.046931901387969946
0.046895082299999856
0.04685897883479888
0.04682357659706927
0.04678886084430256
0.04675481654155564
0.04672142841470365
0.046688681001745884
0.046656558701818916
0.04662504582164337
0.04659412661920156
0.046563785344505254
0.04653400627737124
0.046504773762172553
0.04647607223957774
0.04644788627532725
0.046420200586127995
0.046393000062770445
0.046366269790593405
0.04633999506743498
0.046314161419217674
0.04628875461332294
0.046263760669910586
0.04623916587134084
0.04621495676985235
0.04619112019364606
0.04616764325151922
0.04614451333618663
0.04612171812641948
0.04609924558812302
0.046077083974468414
0.04605522182518388
0.04603364796510244
0.04601235150205869
0.04599132182421442
0.045970548596890246
0.045950021758971865
0.04592973151895263
0.045909668350669244
0.045889822988781394
0.04587018642404094
0.04585074989839182
0.04583150489993728
0.045812443157806956
0.045793556636953586
0.045774837532903845
0.04575627826648718
0.04573787147856214
0.04571961002475769
0.04570148697024427
0.04568349558454891
0.04566562933642422
0.04564788188878216
0.04563024709369989
0.045612718987504866
0.0455952917859448
0.04557795987944672
0.045560717828469655
0.04554356035895185
0.04552648235785713
0.0455094788688199
0.045492545087890315
0.0454756763593807
0.04545886817181265
0.04544211615396491
0.04542541607102199
0.04540876382082237
0.04539215543020662
0.04537558705146337
0.045359054958874205
0.045342555545354886
0.045326085319193944
0.045309640900886725
0.04529321902006527
0.04527681651252308
0.04526043031733518
0.04524405747407193
0.04522769512010842
0.04521134048802744
0.04519499090311776
0.04517864378096685
0.04516229662514864
0.04514594702500665
0.045129592653532294
0.045113231265339046
0.045096860694732274
0.045080478853874985
0.04506408373104921
0.04504767338901309
0.045031245963453134
0.04501479966153114
0.04499833276052487
0.04498184360656199
0.044965330613445174
0.04494879226156811
0.04493222709691967
0.04491563373017497
0.04489901083587137
0.04488235715166635
0.04486567147767656
0.04484895267589329
0.044832199669674284
0.04481541144330766
0.04479858704164644
0.04478172556981108
0.04476482619295845
0.04474788813611439
0.04473091068406978
0.04471389318133789
0.04469683503217286
0.04467973570064932
0.04466259471080284
0.04464541164683299
0.044628186153369255
0.0446109179358028
0.04459360676068627
0.0445762524562035
0.04455885491271401
0.04454141408337397
0.044523929984839
0.044506402698050784
0.044488832369112226
0.0444712192102534
0.04445356350089164
0.04443586558878658
0.04441812589129198
0.04440034489670343
0.04438252316570006
0.04436466133287671
0.04434676010836186
0.04432882027951222
0.04431084271267593
0.0442928283550105
0.0442747782363415
0.044256693471043634
0.044238575259924244
0.044220424892085476
0.04420224374673948
0.044184033294947946
0.044165795101254186
0.04414753082517525
0.04412924222251832
0.04411093114648375
0.044092599548517755
0.04407424947887424
0.04405588308684801
0.044037502620639615
0.044019110426814424
0.04400070894931967
0.043982300728025975
0.04396388839676219
0.04394547468081709
0.04392706239388562
0.04390865443444142
0.043890253781525425
0.043871863489944006
0.04385348668487882
0.04383512655591681
0.04381678635051576
0.04379846936692989
0.043780178946625115
0.04376191846622402
0.04374369132902412
0.04372550095614378
0.043707350777352084
0.04368924422164797
0.043671184707656685
0.04365317563391538
0.043635220369123234
0.043617322242432706
0.043599484533858465
0.0435817104648813
0.04356400318932076
0.04354636578454939
0.04352880124311566
0.04351131246483933
0.04349390224943643
0.04347657328972473
0.04345932816545354
0.043442169337794476
0.04342509914452136
0.04340811979589947
0.043391233371297314
0.043374441816524056
0.04335774694189075
0.04334115042098333
0.04332465379013116
0.04330825844854615
0.04329196565910409
0.0432757765497332
0.04325969211537109
0.04324371322044866
0.04322784060185586
0.043212074872342035
0.043196416524303685
0.04318086593391024
0.04316542336552001
0.04315008897633749
0.043134862821266606
0.043119744857913304
0.04310473495169609
0.043089832881022694
0.04307503834249531
0.043060350956109494
0.04304577027041395
0.04303129576760311
0.043016926868515236
0.04300266293751464
0.042988503287236676
0.042974447183180095
0.04296049384813141
0.04294664246641098
0.04293289218793088
0.042919242132059485
0.04290569139128682
0.04289223903468971
0.04287888411119524
0.042865625652644054
0.042852462676655566
0.042839394189298934
0.04282641918757435
0.042813536661709964
0.04280074559728138
0.04278804497715933
0.04277543378329437
0.042762910998344596
0.0427504756071556
0.042738126598099335
0.0427258629642811
0.04271368370462165
0.04270158782482261
0.04268957433822321
0.04267764226655504
0.042665790640603385
0.042654018500780363
0.04264232489761865
0.04263070889219036
0.042619169556458496
0.04260770597356617
0.0425963172380689
0.042585002456115795
0.04257376074558396
0.042562591236170386
0.04255149306944643
0.04254046539887765
0.04252950738981395
0.04251861821945174
0.042507797076772984
0.04249704316246256
0.04248635568880705
0.04247573387957796
0.04246517696990028
0.04245468420610935
0.04244425484559773
0.04243388815665306
0.04242358341828919
0.04241333992007156
0.042403156961937735
0.04239303385401459
0.042382969916433345
0.04237296447914193
0.042363016881717695
0.04235312647317886
0.04234329261179676
0.042333514664908894
0.0423237920087331
0.042314124028183825
0.042304510116689995
0.04229494967601554
0.04228544211608229
0.042275986854796034
0.0422665833178751
0.04225723093868246
0.04224792915806078
0.04223867742417114
0.04222947519233499
0.0422203219248796
0.04221121709098698
0.04220216016654667
0.04219315063401155
0.042184187982257745
0.042175271706447796
0.0421664013078975
0.04215757629394585
0.04214879617782928
0.04214006047855847
0.04213136872079914
0.042122720434755886
0.04211411515605944
0.04210555242565711
0.04209703178970652
0.04208855279947245
0.042080115011226486
0.04207171798615013
0.04206336129024051
0.042055044494219096
0.04204676717344333
0.04203852890782072
0.042030329281725884
0.042022167883920214
0.04201404430747392
0.0420059581496906
0.04199790901203448
0.041989896500059576
0.04198192022334147
0.041973979795411155
0.04196607483369142
0.04195820495943436
0.04195036979766207
0.04194256897710852
0.04193480213016374
0.04192706889281936
0.0419193689046164
0.0419117018085948
0.041904067251243855
0.04189646488245513
0.04188889435547638
0.04188135532686698
0.04187384745645503
0.04186637040729528
0.04185892384562896
0.04185150744084432
0.041844120865438754
0.04183676379498157
0.04182943590807844
0.0418221368863363
0.04181486641432956
0.041807624179566974
0.041800409872459775
0.04179322318629025
0.041786063817181196
0.041778931464066235
0.041771825828660736
0.04176474661543339
0.04175769353157829
0.04175066628698788
0.04174366459422622
0.04173668816850272
0.041729736727646474
0.04172280999208092
0.04171590768479925
0.041709029531339537
0.041702175259760804
0.041695344600619154
0.041688537286944403
0.041681753054216626
0.041674991640343294
0.041668252785636455
0.041661536232790224
0.04165484172685857
0.041648169015232946
0.04164151784762023
0.04163488797602112
0.04162827915470827
0.04162169114020456
0.041615123691261816
0.04160857656883918
0.041602049536081986
0.04159554235830048
0.04158905480294854
0.04158258663960268
0.041576137639941044
0.041569707577722534
0.04156329622876558
0.041556903370927614
0.04155052878408411
0.04154417225010785
0.04153783355284814
0.04153151247811046
0.041525208813635334
0.04151892234907839
0.04151265287598932
0.04150640018779177
0.041500164079762876
0.04149394434901293
0.04148774079446522
0.04148155321683562
0.04147538141861281
0.04146922520403802
0.04146308437908518
0.04145695875144125
0.04145084813048609
0.041444752327273196
0.04143867115451012
0.041432604426538774
0.041426551959316625
0.04142051357039716
0.04141448907891088
0.04140847830554685
0.041402481072533456
0.04139649720362011
0.04139052652405893
0.0413845688605863
0.041378624041404945
0.04137269189616604
0.04136677225595152
0.04136086495325681
0.04135496982197315
0.0413490866973709
0.04134321541608247
0.04133735581608596
0.041331507736688436
0.04132567101851001
0.04131984550346794
0.04131403103476081
0.04130822745685332
0.0413024346154608
0.041296652357534776
0.04129088053124799
0.04128511898598014
0.04127936757230383
0.04127362614197081
0.0412678945478984
0.041262172644156304
0.041256460285953665
0.041250757329626415
0.041245063632624986
0.041239379053502244
0.04123370345190181
0.041228036688546466
0.04122237862522743
0.04121672912479313
0.04121108805113898
0.04120545526919707
0.04119983064492639
0.04119421404530339
0.04118860533831262
0.04118300439293786
0.04117741107915362
0.041171825267916774
0.04116624683115881
0.04116067564177808
0.04115511157363254
0.041149554501532896
0.041144004301235694
0.04113846084943732
0.041132924023767795
0.041127393702785134
0.04112186976596991
0.041116352093720394
0.04111084056734758
0.04110533506907081
0.04109983548201375
0.04109434169020039
0.041088853578551715
0.04108337103288235
0.04107789393989756
0.04107242218719093
0.04106695566324171
0.041061494257412824
0.04105603785994926
0.0410505863619764
0.04104513965549888
0.04103969763339959
0.041034260189439245
0.0410288272182555
0.041023398615363256
0.04101797427715456
0.04101255410089887
0.041007137984743834
0.04100172582771602
0.040996317529721896
0.04099091299154933
0.04098551211486892
0.0409801148022358
0.04097472095709156
0.04096933048376643
0.040963943287481555
0.04095855927435161
0.04095317835138743
0.040947800426499106
0.040942425408498816
0.04093705320710416
0.04093168373294162
0.04092631689755016
0.04092095261338477
0.04091559079382057
0.0409102313531564
0.040904874206619264
0.040899519270368466
0.04089416646149998
0.040888815698050744
0.04088346689900335
0.040878119984290716
0.04087277487480057
0.04086743149238045
0.04086208975984262
0.04085674960096863
0.04085141094051469
0.040846073704216605
0.04084073781879453
0.04083540321195856
0.04083006981241337
0.040824737549863564
0.040819406355018836
0.0408140761595991
0.040808746896339496
0.040803418498995506
0.04079809090234833
0.040792764042209675
0.04078743785542675
0.0407821122798875
0.04077678725452524
0.04077146271932382
0.04076613861532215
0.0407608148846193
0.04075549147037872
0.04075016831683313
0.04074484536928882
0.0407395225741302
0.04073419987882388
0.040728877231923
0.04072355458307102
0.04071823188300594
0.04071290908356382
0.04070758613768253
0.040702262999405214
0.0406969396238838
0.04069161596738173
0.0406862919872775
0.04068096764206721
0.040675642891367235
0.040670317695916995
0.040664992017580955
0.04065966581935083
0.04065433906534771
0.04064901172082359
0.04064368375216304
0.04063835512688427
0.040633025813640644
0.040627695782221356
0.040622365003552055
0.04061703344969549
0.040611701093851545
0.040606367910357495
0.040601033874687394
0.04059569896345215
0.040590363154398394
0.0405850264264077
0.040579688759495386
0.04057435013480924
0.04056901053462766
0.040563669942357716
0.04055832834253326
0.040552985720812264
0.04054764206397431
0.04054229735991753
0.04053695159765559
0.0405316047673142
0.04052625686012749
0.04052090786843401
0.04051555778567265
0.04051020660637817
0.040504854326176495
0.04049950094177986
0.040494146450981504
0.040488790852650364
0.040483434146725436
0.04047807633420962
0.0404727174171638
0.04046735739870025
0.040461996282976184
0.040456634075186564
0.04045127078155727
0.040445906409337595
0.04044054096679254
0.04043517446319531
0.0404298069088188
0.040424438314927764
0.04041906869377003
0.04041369805856791
0.0404083264235092
0.04040295380373807
0.04039758021534577
0.04039220567536084
0.04038683020173991
0.040381453813357004
0.040376076529994025
0.0403706983723302
0.04036531936193135
0.04035993952123962
0.04035455887356243
0.04034917744306135
0.04034379525474102
0.040338412334437836
0.040333028708808255
0.04032764440531737
0.040322259452226956
0.04031687387858351
0.04031148771420633
0.04030610098967493
0.040300713736317266
0.04029532598619679
0.04028993777210001
0.040284549127523876
0.040279160086662914
0.04027377068439629
0.04026838095627497
0.040262990938508485
0.04025760066795175
0.04025221018209192
0.04024681951903495
0.040241428717492415
0.04023603781676759
0.04023064685674253
0.0402252558778639
0.04021986492112975
0.040214474028075764
0.04020908324076127
0.04020369260175587
0.0401983021541255
0.04019291194141846
0.0401875220076518
0.04018213239729743
0.04017674315526808
0.04017135432690376
0.04016596595795752
0.0401605780945819
0.04015519078331484
0.04014980407106609
0.04014441800510288
0.04013903263303674
0.040133648002809316
0.040128264162678604
0.040122881161205305
0.040117499047239304
0.04011211786990561
0.04010673767859112
0.040101358522930834
0.04009598045279449
0.04009060351827295
0.04008522776966499
0.04007985325746381
0.040074480032343825
0.04006910814514748
0.040063737646872155
0.04005836858865707
0.04005300102177026
0.040047634997595845
0.04004227056762114
0.04003690778342391
0.04003154669665982
0.04002618735904986
0.040020829822368056
0.04001547413842883
0.040010120359075155
0.040004768536166246
0.03999941872156553
0.03999407096712883
0.039988725324692415
0.03998338184606161
0.039978040582998996
0.03997270158721308
0.03996736491034694
0.03996203060396694
0.039956698719552056
0.03995136930848233
0.039946042422028566
0.03994071811134146
0.03993539642744089
0.03993007742120584
0.0399247611433638
0.03991944764448089
0.039914136974951456
0.0399088291849887
0.03990352432461461
0.03989822244365042
0.03989292359170723
0.03988762781817663
0.039882335172221645
0.03987704570276752
0.03987175945849311
0.03986647648782189
0.03986119683891362
0.03985592055965563
0.039850647697654784
0.03984537830022927
0.03984011241440055
0.03983485008688558
0.03982959136408911
0.039824336292096044
0.03981908491666434
0.03981383728321733
0.03980859343683703
0.039803353422257014
0.03979811728385563
0.03979288506564937
0.03978765681128644
0.03978243256404029
0.039777212366803545
0.039771996262082006
0.03976678429198846
0.039761576498237375
0.03975637292213887
0.03975117360459367
0.03974597858608743
0.03974078790668583
0.039735601606029555
0.03973041972332922
0.039725242297360824
0.03972006936646124
0.039714900968523606
0.039709737140993163
0.03970457792086296
0.03969942334467003
0.03969427344849139
0.03968912826794027
0.03968398783816277
0.03967885219383412
0.03967372136915544
0.0396685953978506
0.03966347431316323
0.039658358147853554
0.039653246934195925
0.03964814070397586
0.03964303948848774
0.039637943318532196
0.039632852224414074
0.03962776623594003
0.03962268538241665
0.03961760969264856
0.039612539194936444
0.03960747391707559
0.0396024138863543
0.039597359129552305
0.03959230967293955
0.03958726554227504
0.03958222676280564
0.03957719335926507
0.03957216535587318
0.03956714277633504
0.03956212564384033
0.039557113981062604
0.039552107810159214
0.03954710715277055
0.03954211203002002
0.03953712246251386
0.03953213847034092
0.039527160073072866
0.03952218728976416
0.0395172201389524
0.03951225863865854
0.03950730280638732
0.0395023526591276
0.039497408213353256
0.039492469485023315
0.039487536489583246
0.039482609241965276
0.03947768775658948
0.03947277204736484
0.03946786212769005
0.03946295801045484
0.03945805970804087
0.039453167232323304
0.03944828059467179
0.039443399805952246
0.03943852487652779
0.03943365581626065
0.03942879263451365
0.0394239353401516
0.039419083941543344
0.039414238446563145
0.03940939886259283
0.03940456519652327
0.03939973745475669
0.039394915643208135
0.03939009976730797
0.039385289832003574
0.03938048584176157
0.039375687800569915
0.039370895711940156
0.03936610957890959
0.03936132940404354
0.039356555189437606
0.039351786936720104
0.039347024647054404
0.03934226832114122
0.03933751795922122
0.03933277356107744
0.03932803512603772
0.039323302652977246
0.039318576140321276
0.039313855586047525
0.03930914098768869
0.03930443234233547
0.03929972964663889
0.03929503289681305
0.0392903420886379
0.03928565721746177
0.03928097827820441
0.0392763052653594
0.039271638172997246
0.03926697699476788
0.03926232172390353
0.03925767235322171
0.039253028875127716
0.03924839128161782
0.039243759564281694
0.03923913371430564
0.039234513722475224
0.039229899579178176
0.03922529127440732
0.03922068879776325
0.039216092138457455
0.03921150128531506
0.039206916226777674
0.03920233695090641
0.039197763445384545
0.0391931956975206
0.03918863369425109
0.03918407742214348
0.039179526867398985
0.03917498201585558
0.039170442852990615
0.039165909363923876
0.03916138153342039
0.03915685934589328
0.03915234278540667
0.039147831835678215
0.03914332648008244
0.039138826701653036
0.039134332483086065
0.039129843806742545
0.03912536065465136
0.039120883008511916
0.03911641084969698
0.03911194415925546
0.03910748291791522
0.0391030271060856
0.03909857670386025
0.039094131691020086
0.039089692047035524
0.039085257751069434
0.039080828781979805
0.03907640511832252
0.039071986738353645
0.03906757362003236
0.03906316574102349
0.03905876307869997
0.03905436561014575
0.03904997331215807
0.039045586161250055
0.0390412041336534
0.0390368272053206
0.03903245535192801
0.03902808854887755
0.03902372677129991
0.03901936999405659
0.039015018191742475
0.039010671338688074
0.03900632940896236
0.03900199237637466
0.038997660214477314
0.03899333289656799
0.03898901039569214
0.038984692684644856
0.038980379735973805
0.038976071521981154
0.038971768014725884
0.03896746918602616
0.03896317500746134
0.03895888545037448
0.038954600485874534
0.03895032008483826
0.03894604421791253
0.038941772855516824
0.0389375059678448
0.03893324352486689
0.038928985496332225
0.0389247318517708
0.038920482560495386
0.03891623759160393
0.03891199691398125
0.03890776049630147
0.03890352830702963
0.03889930031442407
0.0388950764865382
0.038890856791222596
0.03888664119612692
0.038882429668702014
0.03887822217620169
0.038874018685684776
0.03886981916401698
0.038865623577872856
0.0388614318937378
0.03885724407790974
0.03885306009650114
0.038848879915440976
0.03884470350047637
0.0388405308171747
0.038836361830925314
0.03883219650694132
0.03882803481026164
0.038823876705752554
0.03881972215810974
0.038815571131860044
0.038811423591363164
0.03880727950081354
0.03880313882424235
0.03879900152551888
0.038794867568352626
0.03879073691629503
0.0387866095327412
0.03878248538093158
0.03877836442395409
0.038774246624745524
0.0387701319460935
0.03876602035063806
0.03876191180087377
0.03875780625915124
0.038753703687678755
0.0387496040485246
0.038745507303618025
0.03874141341475182
0.03873732234358358
0.03873323405163764
0.038729148500306974
0.038725065650854616
0.03872098546441594
0.03871690790200022
0.03871283292449223
0.038708760492654475
0.038704690567128726
0.03870062310843787
0.038696558076987894
0.038692495433069456
0.03868843513686006
0.03868437714842575
0.03868032142772287
0.03867626793460027
0.03867221662880074
0.038668167469963446
0.03866412041762551
0.038660075431223836
0.03865603247009752
0.03865199149348938
0.038647952460548106
0.03864391533033026
0.03863988006180232
0.03863584661384259
0.0386318149452433
0.03862778501471276
0.03862375678087736
0.038619730202283646
0.03861570523740052
0.03861168184462136
0.03860765998226614
0.03860363960858376
0.03859962068175402
0.03859560315989013
0.03859158700104078
0.03858757216319255
0.03858355860427206
0.038579546282148526
0.03857553515463594
0.03857152517949553
0.038567516314438284
0.03856350851712713
0.03855950174517982
0.03855549595617101
0.038551491107635075
0.038547487157068676
0.03854348406193321
0.03853948177965758
0.03853548026764081
0.038531479483254694
0.0385274793838467
0.0385234799267426
0.038519481069249344
0.038515482768657947
0.03851148498224614
0.03850748766728169
0.03850349078102499
0.03849949428073224
0.03849549812365847
0.038491502267060634
0.03848750666820071
0.038483511284348695
0.038479516072786143
0.03847552099080922
0.03847152599573192
0.038467531044889494
0.038463536095641904
0.038459541105377075
0.03845554603151451
0.038451550831508745
0.038447555462852855
0.038443559883082117
0.03843956404977784
0.038435567920570526
0.03843157145314444
0.038427574605240614
0.03842357733466123
0.03841957959927323
0.03841558135701251
0.03841158256588765
0.03840758318398426
0.03840358316946884
0.03839958248059302
0.03839558107569794
0.038391578913218274
0.03838757595168661
0.038383572149738
0.03837956746611413
0.03837556185966805
0.03837155528936847
0.03836754771430464
0.03836353909369075
0.03835952938687075
0.038355518553323156
0.038351506552665816
0.03834749334466076
0.03834347888921924
0.03833946314640666
0.03833544607644762
0.03833142763973104
0.03832740779681538
0.038323386508433886
0.03831936373549972
0.038315339439111536
0.03831131358055869
0.0383072861213269
0.03830325702310355
0.038299226247783466
0.03829519375747459
0.038291159514503396
0.03828712348142111
0.038283085621009065
0.03827904589628494
0.038275004270508506
0.03827096070718787
0.03826691517008513
0.03826286762322298
0.03825881803089051
0.03825476635764979
0.038250712568341685
0.03824665662809286
0.038242598502321645
0.03823853815674484
0.03823447555738414
0.03823041067057257
0.03822634346296154
0.038222273901527215
0.03821820195357732
0.03821412758675804
0.03821005076906093
0.03820597146882974
0.038201889654767396
0.03819780529594322
0.03819371836179975
0.03818962882216012
0.03818553664723508
0.03818144180763034
0.03817734427435382
0.038173244018823035
0.038169141012872464
0.03816503522876096
0.03816092663917933
0.038156815217257646
0.03815270093657315
0.03814858377115764
0.0381444636955051
0.03814034068457967
0.038136214713822975
0.03813208575916228
0.03812795379701811
0.03812381880431222
0.03811968075847533
0.038115539637455134
0.03811139541972431
0.03810724808428835
0.038103097610693734
0.03809894397903578
0.03809478716996696
0.03809062716470469
0.03808646394503966
0.038082297493343735
0.03807812779257842
0.038073954826302756
0.038069778578681455
0.0380655990344933
0.0380614161791392
0.03805722999865034
0.038053040479696584
0.03804884760959426
0.038044651376314985
0.038040451768493216
0.03803624877543494
0.038032042387125604
0.038027832594238295
0.03802361938814195
0.03801940276090963
0.03801518270532634
0.038010959214897465
0.038006732283856565
0.038002501907173684
0.037998268080563065
0.037994030800491484
0.03798979006418596
0.037985545869641646
0.0379812982156299
0.03797704710170576
0.037972792528216164
0.03796853449630724
0.03796427300793215
0.03796000806585868
0.03795573967367661
0.0379514678358055
0.0379471925575016
0.037942913844865485
0.037938631704849304
0.03793434614526357
0.03793005717478461
0.03792576480296112
0.03792146904022139
0.03791716989787972
0.037912867388143326
0.037908561524118686
0.03790425231981793
0.03789993979016529
0.03789562395100318
0.037891304819098075
0.037886982412146705
0.03788265674878155
0.037878327848576636
0.037873995732052815
0.03786966042068316
0.03786532193689819
0.03786098030409076
0.03785663554662081
0.037852287689820206
0.03784793675999693
0.03784358278443956
0.037839225791421335
0.037834865810203955
0.037830502871041186
0.037826137005182656
0.037821768244876715
0.03781739662337384
0.03781302217492928
0.03780864493480569
0.037804264939275474
0.03779988222562293
0.03779549683214628
0.03779110879815913
0.03778671816399187
0.03778232497099297
0.03777792926152957
0.03777353107898849
0.03776913046777607
0.03776472747331861
0.03776032214206187
0.037755914521470764
0.03775150466002828
0.03774709260723472
0.03774267841360584
0.03773826213067135
0.03773384381097308
0.03772942350806222
0.03772500127649682
0.03772057717183877
0.03771615125065057
0.03771172357049145
0.03770729418991348
0.037702863168457196
0.037698430566646846
0.0376939964459855
0.037689560868949444
0.03768512389898245
0.037680685600489865
0.03767624603883176
0.03767180528031649
0.03766736339219312
0.03766292044264409
0.03765847650077711
0.03765403163661682
0.03764958592109618
0.0376451394260472
0.03764069222419178
0.0376362443891314
0.03763179599533722
0.03762734711813948
0.03762289783371619
0.0376184482190821
0.03761399835207648
0.03760954831135157
0.037605098176359465
0.037600648027339416
0.03759619794530467
0.03759174801202853
0.0375872983100303
0.03758284892256114
0.03757839993358885
0.03757395142778295
0.037569503490499034
0.03756505620776278
0.03756060966625372
0.037556163953288646
0.03755171915680449
0.03754727536534102
0.03754283266802308
0.0375383911545427
0.03753395091514055
0.03752951204058721
0.03752507462216434
0.0375206387516451
0.03751620452127459
0.037511772023749924
0.03750734135219979
0.03750291260016406
0.03749848586157284
0.037494061230725566
0.0374896388022692
0.037485218671177094
0.03748080093272669
0.0374763856824776
0.0374719730162494
0.03746756303009864
0.037463155820296495
0.03745875148330555
0.03745435011575673
0.037449951814425855
0.03744555667621037
0.03744116479810541
0.03743677627718023
0.03743239121055425
0.037428009695372876
0.03742363182878346
0.03741925770791117
0.037414887429834565
0.03741052109156107
0.03740615879000303
0.03740180062195267
0.037397446684058054
0.03739309707279833
0.03738875188445941
0.03738441121510939
0.03738007516057409
0.03737574381641274
0.037371417277893657
0.03736709563996977
0.03736277899725473
0.03735846744399866
0.03735416107406428
0.037349859980902914
0.037345564257531154
0.0373412739965068
0.03733698928990614
0.037332710229300285
0.037328436905732384
0.03732416940969502
0.03731990783110732
0.03731565225929317
0.03731140278295876
0.03730715949017104
0.037302922468336275
0.037298691804178725
0.03729446758371981
0.03729024989225782
0.03728603881434722
0.03728183443377928
0.03727763683356205
0.03727344609590179
0.03726926230218355
0.03726508553295333
0.03726091586789981
0.037256753385836824
0.037252598164686214
0.03724845028146105
0.03724430981224949
0.037240176832198775
0.037236051415499835
0.03723193363537237
0.03722782356405049
0.037223721272768594
0.037219626831747996
0.03721554031018373
0.03721146177623215
0.037207391296998876
0.03720332893852731
0.03719927476578759
0.03719522884266605
0.03719119123195528
0.03718716199534474
0.0371831411934117
0.03717912888561283
0.037175125130276494
0.03717112998459505
0.03716714350461832
0.037163165745247244
0.03715919676022783
0.03715523660214637
0.037151285322424225
0.037147342971313904
0.03714340959789542
0.03713948525007304
0.03713556997457245
0.03713166381693912
0.037127766821536234
0.03712387903154378
0.03712000048895803
0.03711613123459117
0.037112271308072035
0.037108420747846614
0.03710457959117982
0.03710074787415692
0.03709692563168615
0.0370931128975013
0.037089309704165005
0.03708551608307248
0.03708173206445544
0.03707795767738685
0.03707419294978575
0.03707043790842276
0.037066692578925794
0.03706295698578624
0.037059231152365466
0.037055515100902076
0.03705180885251878
0.037048112427230606
0.037044425843952365
0.037040749120507525
0.03703708227363668
0.03703342531900655
0.037029778271219546
0.03702614114382297
0.037022513949319505
0.03701889669917704
0.03701528940383916
0.03701169207273612
0.03700810471429548
0.03700452733595365
0.037000959944167085
0.036997402544424136
0.03699385514125667
0.03699031773825243
0.036986790338066934
0.03698327294243615
0.03697976555218894
0.03697626816725976
0.036972780786701576
0.03696930340869893
0.036965836030580734
0.03696237864883409
0.03695893125911691
0.03695549385627184
0.03695206643433957
0.036948648986572345
0.03694524150544787
0.0369418439826826
0.036938456409245764
0.03693507877537309
0.03693171107058053
0.036928353283678036
0.03692500540278356
0.03692166741533671
0.03691833930811265
0.036915021067235924
0.03691171267819409
0.03690841412585185
0.036905125394464174
0.03690184646769059
0.03689857732860853
0.036895317959726795
0.03689206834299944
0.036888828459838645
0.03688559829112878
0.036882377817239055
0.036879167018037194
0.036875965872902275
0.036872774360737944
0.03686959245998506
0.03686642014863485
0.03686325740424128
0.03686010420393398
0.0368569605244304
0.03685382634204835
0.03685070163271818
0.036847586371994825
0.03684448053506979
0.03684138409678305
0.03683829703163452
0.036835219313795936
0.03683215091712197
0.03682909181516158
0.036826041981169115
0.03682300138811519
0.03681997000869775
0.036816947815352254
0.03681393478026267
0.036810930875371524
0.03680793607239003
0.0368049503428083
0.03680197365790508
0.03679900598875733
0.03679604730625006
0.036793097581085454
0.03679015678379215
0.03678722488473424
0.03678430185412017
0.0367813876620116
0.03677848227833165
0.03677558567287351
0.03677269781530869
0.03676981867519495
0.03676694822198421
0.03676408642503047
0.03676123325359709
0.0367583886768645
0.03675555266393732
0.0367527251838514
0.03674990620558087
0.036747095698045
0.036744293630114604
0.036741499970618714
0.0367387146883508
0.036735937752075065
0.03673316913053227
0.036730408792445886
0.036727656706527556
0.03672491284148291
0.03672217716601685
0.036719449648838796
0.036716730258668256
0.03671401896423923
0.03671131573430569
0.03670862053764585
0.03670593334306704
0.03670325411941036
0.03670058283555452
0.03669791946042059
0.03669526396297585
0.03669261631223777
0.03668997647727798
0.0366873444272259
0.03668472013127242
0.03668210355867346
0.03667949467875322
0.03667689346090755
0.03667429987460706
0.03667171388940042
0.03666913547491689
0.03666656460086955
0.03666400123705788
0.036661445353370334
0.03665889691978714
0.036656355906382526
0.03665382228332709
0.03665129602089027
0.0366487770894423
0.03664626545945632
0.03664376110151058
0.036641263986290036
0.03663877408458853
0.036636291367310156
0.03663381580547132
0.036631347370202044
0.03662888603274768
0.036626431764470044
0.03662398453684927
0.03662154432148468
0.03661911109009613
0.03661668481452536
0.036614265466736844
0.03661185301881888
0.03660944744298468
0.036607048711573095
0.036604656797049696
0.03660227167200738
0.03659989330916703
0.036597521681378545
0.03659515676162105
0.036592798523003726
0.03659044693876625
0.036588101982279374
0.03658576362704515
0.036583431846697476
0.03658110661500238
0.03657878790585831
0.036576475693296355
0.036574169951480585
0.03657187065470794
0.036569577777408754
0.0365672912941464
0.03656501117961774
0.03656273740865295
0.03656046995621545
0.03655820879740205
0.036555953907442706
0.036553705261700487
0.03655146283567143
0.03654922660498429
0.03654699654540054
0.036544772632813874
0.03654255484325025
0.0365403431528674
0.03653813753795455
0.03653593797493228
0.036533744440351935
0.03653155691089549
0.03652937536337498
0.036527199774732205
0.03652503012203822
0.03652286638249302
0.036520708533425005
0.036518556552290395
0.03651641041667299
0.03651427010428344
0.03651213559295873
0.03651000686066189
0.03650788388548118
0.03650576664562946
0.03650365511944407
0.03650154928538569
0.03649944912203814
0.0364973546081076
0.03649526572242198
0.036493182443930273
0.036491104751702176
0.03648903262492703
0.03648696604291345
0.03648490498508872
0.03648284943099786
0.03648079936030309
0.036478754752783255
0.03647671558833299
0.036474681846962065
0.036472653508794785
0.03647063055406906
0.0364686129631359
0.03646660071645882
0.036464593794612775
0.03646259217828366
0.03646059584826771
0.03645860478547049
0.03645661897090636
0.03645463838569778
0.03645266301107447
0.03645069282837271
0.03644872781903473
0.036446767964607794
0.036444813246743604
0.0364428636471975
0.036440919147827974
0.03643897973059535
0.03643704537756187
0.03643511607089015
0.036433191792843135
0.03643127252578296
0.03642935825217034
0.036427448954563874
0.03642554461561924
0.03642364521808868
0.03642175074482007
0.03641986117875622
0.03641797650293431
0.036416096700485054
0.03641422175463194
0.036412351648690756
0.03641048636606869
0.036408625890263564
0.03640677020486341
0.03640491929354557
0.036403073140076035
0.03640123172830878
0.03639939504218497
0.03639756306573268
0.03639573578306556
0.03639391317838277
0.03639209523596791
0.03639028194018867
0.036388473275495874
0.03638666922642291
0.03638486977758533
0.03638307491367967
0.03638128461948338
0.03637949887985386
0.03637771767972779
0.0363759410041206
0.03637416883812595
0.036372401166914786
0.03637063797573513
0.03636887924991099
0.03636712497484226
0.03636537513600368
0.03636362971894441
0.036361888709287485
0.03636015209272923
0.036358419855038314
0.03635669198205576
0.03635496845969387
0.03635324927393595
0.03635153441083548
0.036349823856515716
0.036348117597169174
0.036346415619056854
0.036344717908508
0.03634302445191911
0.03634133523575387
0.036339650246542315
0.03633796947088037
0.03633629289542922
0.03633462050691507
0.036332952292128254
0.03633128823792295
0.03632962833121668
0.036327972558989584
0.036326320908284165
0.03632467336620459
0.03632302991991643
0.036321390556645905
0.03631975526367953
0.03631812402836363
0.036316496838103784
0.036314873680364526
0.03631325454266869
0.03631163941259704
0.03631002827778777
0.03630842112593602
0.036306817944793575
0.036305218722168166
0.036303623445923305
0.03630203210397755
0.036300444684304344
0.03629886117493138
0.03629728156394031
0.03629570583946627
0.036294133989697414
0.036292566002874574
0.03629100186729068
0.03628944157129069
0.03628788510327085
0.036286332451678484
0.03628478360501148
0.03628323855181793
0.036281697280695926
0.03628015978029279
0.03627862603930511
0.036277096046478094
0.036275569790605255
0.036274047260528075
0.03627252844513563
0.03627101333336418
0.036269501914196894
0.03626799417666349
0.03626649010983977
0.036264989702847354
0.03626349294485334
0.036261999825069946
0.03626051033275418
0.03625902445720754
0.03625754218777555
0.03625606351384755
0.03625458842485648
0.03625311691027819
0.03625164895963161
0.0362501845624779
0.036248723708420694
0.036247266387105334
0.03624581258821886
0.03624436230148948
0.036242915516686486
0.036241472223619835
0.0362400324121398
0.03623859607213691
0.036237163193541366
0.036235733766323004
0.03623430778049077
0.036232885226092755
0.036231466093215696
0.036230050371984616
0.03622863805256289
0.03622722912515165
0.036225823579989755
0.03622442140735325
0.03622302259755548
0.036221627140946504
0.036220235027912995
0.03621884624887803
0.03621746079430064
0.036216078654675826
0.03621469982053421
0.03621332428244158
0.03621195203099904
0.03621058305684248
0.036209217350642496
0.036207854903104
0.03620649570496625
0.03620513974700233
0.03620378702001912
0.03620243751485701
0.03620109122238969
0.036199748133523835
0.03619840823919918
0.03619707153038793
0.03619573799809478
0.03619440763335665
0.0361930804272425
0.03619175637085319
0.03619043545532099
0.03618911767180976
0.036187803011514474
0.03618649146566124
0.0361851830255068
0.03618387768233879
0.03618257542747501
0.03618127625226375
0.03617998014808318
0.036178687106341506
0.036177397118476444
0.0361761101759555
0.036174826270275275
0.03617354539296162
0.036172267535569375
0.036170992689682206
0.03616972084691241
0.03616845199890068
0.0361671861373161
0.036165923253855876
0.036164663340245186
0.03616340638823695
0.036162152389611804
0.03616090133617777
0.03615965321977034
0.036158408032252
0.0361571657655124
0.03615592641146798
0.036154689962061885
0.03615345640926379
0.03615222574506977
0.03615099796150224
0.03614977305060964
0.03614855100446642
0.03614733181517279
0.03614611547485471
0.03614490197566361
0.03614369130977637
0.036142483469395095
0.03614127844674702
0.03614007623408439
0.03613887682368433
0.03613768020784853
0.036136486378903473
0.03613529532919993
0.036134107051113105
0.0361329215370424
0.036131738779411206
0.03613055877066696
0.036129381503280864
0.03612820696974786
0.03612703516258643
0.03612586607433859
0.036124699697569575
0.03612353602486797
0.03612237504884543
0.03612121676213644
0.0361200611573986
0.03611890822731219
0.03611775796458002
0.03611661036192762
0.03611546541210282
0.0361143231078758
0.036113183442038954
0.03611204640740676
0.03611091199681567
0.03610978020312407
0.03610865101921211
0.03610752443798162
0.03610640045235598
0.0361052790552801
0.03610416023972017
0.036103043998663834
0.03610193032511967
0.03610081921211749
0.03609971065270806
0.03609860463996299
0.03609750116697479
0.03609640022685648
0.03609530181274181
0.036094205917785074
0.03609311253516079
0.03609202165806399
0.03609093327970988
0.03608984739333377
0.03608876399219102
0.03608768306955711
0.03608660461872717
0.03608552863301628
0.03608445510575917
0.03608338403031018
0.03608231540004323
0.0360812492083517
0.036080185448648286
0.036079124114364994
0.03607806519895308
0.03607700869588286
0.03607595459864373
0.03607490290074415
0.03607385359571128
0.03607280667709119
0.03607176213844877
0.03607071997336737
0.03606968017544909
0.03606864273831451
0.03606760765560257
0.03606657492097064
0.03606554452809429
0.03606451647066739
0.036063490742401956
0.03606246733702795
0.03606144624829351
0.03606042746996446
0.03605941099582473
0.03605839681967589
0.036057384935337264
0.036056375336645845
0.036055368017456166
0.0360543629716403
0.036053360193087754
0.036052359675705484
0.036051361413417624
0.03605036540016564
0.03604937162990823
0.03604838009662117
0.03604739079429725
0.036046403716946306
0.03604541885859514
0.036044436213287304
0.036043455775083326
0.03604247753806036
0.036041501496312175
0.036040527643949424
0.036039555975099065
0.036038586483904685
0.03603761916452643
0.03603665401114055
0.036035691017939867
0.03603473017913343
0.03603377148894632
0.03603281494162011
0.03603186053141221
0.03603090825259622
0.036029958099461565
0.03602901006631381
0.03602806414747435
0.03602712033728025
0.03602617863008458
0.036025239020255936
0.03602430150217869
0.03602336607025282
0.03602243271889376
0.03602150144253267
0.036020572235615944
0.03601964509260545
0.03601872000797854
0.036017796976227624
0.03601687599186067
0.036015957049400485
0.036015040143385385
0.03601412526836856
0.03601321241891831
0.036012301589618025
0.03601139277506587
0.03601048596987521
0.036009581168673914
0.03600867836610489
0.03600777755682581
0.03600687873550897
0.03600598189684147
0.03600508703552485
0.036004194146275426
0.03600330322382391
0.036002414262915595
0.03600152725831007
0.03600064220478158
0.035999759097118444
0.035998877930123456
0.03599799869861364
0.03599712139742029
0.03599624602138872
0.03599537256537854
0.03599450102426344
0.035993631392931026
0.035992763666283054
0.03599189783923515
0.03599103390671695
0.03599017186367189
0.035989311705057266
0.0359884534258442
0.03598759702101746
0.035986742485575735
0.035985889814531144
0.035985039002909676
0.0359841900457507
0.035983342938107274
0.03598249767504593
0.03598165425164667
0.03598081266300294
0.03597997290422156
0.035979134970422655
0.03597829885673988
0.03597746455831986
0.03597663207032267
0.03597580138792151
0.03597497250630283
0.03597414542066606
0.03597332012622388
0.035972496618201864
0.035971674891838654
0.035970854942386
0.03597003676510837
0.03596922035528325
0.03596840570820101
0.03596759281916481
0.035966781683490656
0.03596597229650721
0.03596516465355592
0.03596435874999098
0.03596355458117904
0.0359627521424996
0.035961951429344614
0.03596115243711862
0.03596035516123862
0.03595955959713402
0.03595876574024693
0.03595797358603158
0.03595718312995475
0.035956394367495495
0.03595560729414513
0.035954821905407296
0.03595403819679791
0.03595325616384501
0.035952475802088844
0.03595169710708173
0.03595092007438823
0.035950144699584866
0.035949370978260224
0.03594859890601485
0.03594782847846138
0.035947059691224276
0.035946292539939965
0.03594552702025674
0.03594476312783472
0.03594400085834582
0.035943240207473824
0.03594248117091411
0.03594172374437396
0.035940967923572244
0.03594021370423936
0.035939461082117624
0.035938710052960676
0.035937960612533855
0.03593721275661397
0.035936466480989325
0.03593572178145983
0.035934978653836616
0.03593423709394239
0.03593349709761115
0.03593275866068825
0.035932021779030446
0.03593128644850568
0.0359305526649932
0.03592982042438342
0.0359290897225781
0.03592836055549002
0.03592763291904315
0.035926906809172585
0.035926182221824546
0.03592545915295615
0.035924737598535726
0.035924017554542456
0.03592329901696665
0.03592258198180935
0.0359218664450826
0.0359211524028094
0.03592043985102347
0.03591972878576951
0.035919019203102844
0.03591831109908963
0.03591760446980684
0.035916899311342065
0.03591619561979365
0.03591549339127048
0.0359147926218922
0.03591409330778894
0.03591339544510158
0.035912699029981315
0.035912004058590026
0.03591131052710002
0.03591061843169401
0.035909927768565345
0.03590923853391757
0.03590855072396471
0.035907864334931136
0.035907179363051524
0.0359064958045709
0.035905813655744495
0.035905132912837874
0.03590445357212678
0.03590377562989715
0.03590309908244507
0.03590242392607682
0.035901750157108794
0.035901077771867386
0.035900406766689236
0.03589973713792081
0.03589906888191874
0.035898401995049595
0.03589773647368999
0.03589707231422625
0.03589640951305485
0.03589574806658205
0.03589508797122394
0.03589442922340653
0.03589377181956558
0.03589311575614667
0.03589246102960506
0.0358918076364058
0.035891155573023775
0.03589050483594327
0.03588985542165849
0.03588920732667311
0.035888560547500545
0.035887915080663614
0.03588727092269495
0.03588662807013649
0.03588598651953979
0.03588534626746588
0.03588470731048524
0.0358840696451778
0.03588343326813287
0.03588279817594926
0.03588216436523498
0.0358815318326075
0.03588090057469352
0.035880270588129135
0.03587964186955968
0.03587901441563966
0.03587838822303282
0.035877763288412245
0.03587713960846002
0.03587651717986742
0.03587589599933491
0.035875276063572055
0.03587465736929744
0.03587403991323866
0.03587342369213247
0.03587280870272465
0.03587219494176979
0.03587158240603159
0.035870971092282655
0.03587036099730443
0.035869752117887496
0.03586914445083093
0.03586853799294301
0.035867932741040665
0.03586732869194957
0.03586672584250436
0.03586612418954826
0.03586552372993335
0.035864924460520316
0.03586432637817869
0.03586372947978646
0.035863133762230416
0.03586253922240593
0.035861945857216915
0.03586135366357595
0.035860762638404195
0.03586017277863117
0.035859584081194995
0.035858996543042435
0.035858410161128465
0.035857824932416696
0.03585724085387903
0.03585665792249591
0.03585607613525595
0.03585549548915641
0.035854915981202565
0.03585433760840829
0.03585376036779557
0.03585318425639471
0.03585260927124427
0.03585203540939107
0.03585146266789005
0.03585089104380442
0.03585032053420555
0.03584975113617292
0.035849182846794066
0.035848615663164725
0.03584804958238866
0.03584748460157782
0.03584692071785197
0.03584635792833894
0.03584579623017479
0.035845235620503256
0.03584467609647621
0.03584411765525333
0.03584356029400229
0.03584300400989865
0.035842448800125805
0.03584189466187501
0.03584134159234537
0.035840789588743795
0.035840238648284874
0.035839688768191186
0.0358391399456928
0.03583859217802771
0.035838045462441515
0.03583749979618754
0.03583695517652673
0.0358364116007277
0.03583586906606669
0.03583532756982762
0.03583478710930176
0.03583424768178827
0.035833709284593576
0.03583317191503176
0.03583263557042442
0.03583210024810057
0.03583156594539676
0.03583103265965686
0.03583050038823234
0.03582996912848194
0.035829438877771826
0.035828909633475584
0.035828381392974035
0.03582785415365542
0.035827327912915236
0.03582680266815631
0.03582627841678869
0.03582575515622971
0.035825232883903886
0.03582471159724309
0.03582419129368611
0.03582367197067916
0.03582315362567551
0.0358226362561356
0.035822119859526894
0.03582160443332404
0.03582108997500873
0.035820576482069724
0.035820063952002774
0.03581955238231075
0.03581904177050342
0.03581853211409759
0.035818023410617066
0.03581751565759248
0.03581700885256147
0.03581650299306862
0.03581599807666537
0.035815494100909916
0.035814991063367434
0.03581448896160998
0.03581398779321627
0.03581348755577197
0.035812988246869314
0.03581248986410759
0.035811992405092634
0.03581149586743695
0.03581100024875998
0.035810505546687584
0.03581001175885249
0.03580951888289399
0.03580902691645801
0.03580853585719715
0.03580804570277048
0.035807556450843846
0.035807068099089484
0.03580658064518623
0.03580609408681942
0.035805608421680964
0.035805123647469246
0.03580463976188906
0.035804156762651716
0.03580367464747494
0.03580319341408287
0.03580271306020611
0.03580223358358149
0.0358017549819524
0.03580127725306848
0.035800800394685695
0.035800324404566354
0.03579984928047912
0.0357993750201988
0.03579890162150655
0.03579842908218978
0.035797957400042074
0.03579748657286334
0.03579701659845956
0.03579654747464302
0.035796079199231966
0.03579561177005099
0.035795145184930724
0.035794679441707916
0.03579421453822548
0.03579375047233225
0.03579328724188328
0.03579282484473955
0.03579236327876822
0.035791902541842245
0.03579144263184076
0.03579098354664879
0.03579052528415731
0.03579006784226332
0.035789611218869706
0.03578915541188524
0.03578870041922459
0.03578824623880834
0.035787792868562936
0.035787340306420654
0.035786888550319494
0.03578643759820357
0.035785987448022444
0.03578553809773169
0.03578508954529255
0.03578464178867213
0.03578419482584305
0.03578374865478392
0.03578330327347878
0.03578285867991759
0.035782414872095845
0.035781971848014724
0.035781529605681074
0.03578108814310741
0.035780647458311735
0.0357802075493177
0.0357797684141545
0.035779330050857
0.035778892457465516
0.035778455632025856
0.035778019572589526
0.03577758427721332
0.03577714974395966
0.035776715970896246
0.03577628295609656
0.03577585069763921
0.03577541919360843
0.03577498844209367
0.035774558441189964
0.03577412918899765
0.035773700683622366
0.035773272923175205
0.03577284590577247
0.035772419629535965
0.03577199409259259
0.03577156929307467
0.0357711452291197
0.03577072189887055
0.035770299300475296
0.035769877432087205
0.03576945629186474
0.03576903587797162
0.035768616188576734
0.03576819722185414
0.03576777897598299
0.03576736144914776
0.03576694463953781
0.03576652854534773
0.03576611316477728
0.03576569849603118
0.035765284537319246
0.03576487128685644
0.035764458742862625
0.03576404690356283
0.03576363576718695
0.035763225331969926
0.03576281559615181
0.03576240655797746
0.035761998215696804
0.035761590567564595
0.03576118361184057
0.03576077734678948
0.03576037177068078
0.035759966881788986
0.035759562678393336
0.03575915915877805
0.03575875632123211
0.035758354164049405
0.03575795268552858
0.035757551883973074
0.03575715175769117
0.035756752304995865
0.03575635352420491
0.035755955413641
0.03575555797163126
0.03575516119650774
0.035754765086607174
0.035754369640270886
0.03575397485584495
0.03575358073168018
0.035753187266131976
0.0357527944575603
0.03575240230432992
0.035752010804810025
0.03575161995737457
0.035751229760402015
0.03575084021227536
0.03575045131138229
0.03575006305611495
0.03574967544486997
0.03574928847604864
0.0357489021480567
0.0357485164593043
0.03574813140820621
0.035747746993181645
0.03574736321265417
0.03574698006505191
0.0357465975488074
0.03574621566235757
0.03574583440414374
0.03574545377261168
0.035745073766211555
0.0357446943833978
0.03574431562262932
0.0357439374823693
0.035743559961085275
0.0357431830572491
0.03574280676933687
0.03574243109582916
0.035742056035210634
0.03574168158597037
0.03574130774660151
0.0357409345156017
0.03574056189147263
0.035740189872720214
0.035739818457854754
0.03573944764539058
0.0357390774338462
0.03573870782174439
0.03573833880761208
0.03573797038998027
0.03573760256738418
0.03573723533836303
0.03573686870146037
0.03573650265522368
0.0357361371982045
0.035735772328958616
0.03573540804604577
0.03573504434802975
0.03573468123347841
0.03573431870096362
0.03573395674906132
0.035733595376351436
0.035733234581417854
0.035732874362848485
0.03573251471923513
0.03573215564917372
0.035731797151264
0.03573143922410963
0.035731081866318334
0.03573072507650161
0.03573036885327498
0.03573001319525775
0.035729658101073244
0.03572930356934846
0.03572894959871445
0.03572859618780607
0.03572824333526187
0.03572789103972442
0.035727539299839975
0.03572718811425868
0.035726837481634306
0.035726487400624764
0.03572613786989125
0.03572578888809917
0.03572544045391739
0.035725092566018565
0.0357247452230792
0.035724398423779405
0.0357240521668031
0.035723706450837646
0.035723361274574476
0.03572301663670832
0.035722672535937826
0.03572232897096523
0.035721985940496304
0.03572164344324063
0.03572130147791125
0.03572096004322486
0.035720619137901845
0.03572027876066604
0.03571993891024503
0.03571959958536978
0.03571926078477489
0.03571892250719859
0.03571858475138251
0.03571824751607189
0.03571791080001549
0.03571757460196556
0.035717238920677755
0.03571690375491139
0.03571656910342915
0.03571623496499714
0.03571590133838506
0.03571556822236593
0.035715235615716275
0.035714903517216005
0.03571457192564845
0.035714240839800404
0.03571391025846193
0.03571358018042669
0.03571325060449146
0.03571292152945657
0.03571259295412565
0.035712264877305604
0.03571193729780684
0.0357116102144429
0.0357112836260308
0.03571095753139079
0.03571063192934642
0.03571030681872445
0.035709982198355174
0.03570965806707182
0.035709334423711145
0.03570901126711299
0.03570868859612055
0.03570836640958015
0.035708044706341396
0.03570772348525707
0.03570740274518314
0.03570708248497896
0.035706762703506756
0.03570644339963215
0.03570612457222385
0.035705806220153784
0.03570548834229689
0.03570517093753135
0.035704854004738544
0.03570453754280275
0.03570422155061157
0.03570390602705559
0.03570359097102856
0.03570327638142726
0.03570296225715151
0.0357026485971043
0.0357023354001916
0.03570202266532244
0.035701710391408924
0.03570139857736608
0.03570108722211211
0.03570077632456814
0.03570046588365825
0.035700155898309584
0.0356998463674523
0.03569953729001941
0.03569922866494706
0.03569892049117423
0.035698612767642905
0.035698305493297944
0.03569799866708719
0.03569769228796149
0.03569738635487444
0.035697080866782666
0.0356967758226456
0.03569647122142566
0.03569616706208809
0.03569586334360108
0.035695560064935544
0.03569525722506536
0.03569495482296724
0.035694652857620704
0.03569435132800815
0.03569405023311474
0.035693749571928474
0.035693449343440195
0.03569314954664349
0.035692850180534766
0.03569255124411323
0.03569225273638084
0.03569195465634226
0.03569165700300501
0.03569135977537934
0.03569106297247819
0.03569076659331729
0.03569047063691498
0.03569017510229255
0.03568987998847372
0.03568958529448514
0.03568929101935596
0.03568899716211824
0.03568870372180649
0.035688410697458
0.035688118088112813
0.03568782589281337
0.03568753411060503
0.03568724274053563
0.03568695178165573
0.03568666123301839
0.03568637109367941
0.03568608136269709
0.035685792039132476
0.035685503122049066
0.035685214610512966
0.03568492650359298
0.035684638800360276
0.03568435149988882
0.035684064601254825
0.03568377810353744
0.035683492005818
0.035683206307180616
0.03568292100671178
0.03568263610350058
0.03568235159663856
0.03568206748521976
0.03568178376834082
0.03568150044510074
0.03568121751460106
0.03568093497594581
0.03568065282824147
0.035680371070596864
0.03568008970212353
0.035679808721935116
0.03567952812914802
0.03567924792288096
0.03567896810225493
0.0356786886663935
0.0356784096144227
0.03567813094547076
0.035677852658668505
0.03567757475314894
0.035677297228047695
0.03567702008250257
0.03567674331565388
0.03567646692664414
0.03567619091461834
0.03567591527872379
0.035675640018110126
0.035675365131929315
0.035675090619335666
0.03567481647948578
0.03567454271153861
0.03567426931465534
0.03567399628799951
0.03567372363073698
0.035673451342035804
0.03567317942106642
0.03567290786700143
0.03567263667901581
0.03567236585628667
0.03567209539799344
0.035671825303317854
0.03567155557144376
0.03567128620155732
0.03567101719284692
0.035670748544503104
0.03567048025571868
0.03567021232568863
0.035669944753610225
0.03566967753868272
0.03566941068010782
0.035669144177089246
0.0356688780288329
0.03566861223454697
0.035668346793441566
0.03566808170472919
0.03566781696762439
0.03566755258134387
0.035667288545106396
0.03566702485813305
0.03566676151964685
0.03566649852887295
0.035666235885038755
0.03566597358737362
0.03566571163510912
0.035665450027478805
0.035665188763718395
0.03566492784306565
0.03566466726476039
0.03566440702804458
0.03566414713216214
0.03566388757635914
0.035663628359883605
0.03566336948198571
0.03566311094191762
0.03566285273893349
0.035662594872289524
0.035662337341243945
0.035662080145057055
0.03566182328299108
0.03566156675431025
0.03566131055828088
0.03566105469417114
0.03566079916125128
0.03566054395879351
0.035660289086071974
0.03566003454236285
0.035659780326944224
0.03565952643909621
0.03565927287810078
0.03565901964324183
0.03565876673380528
0.03565851414907903
0.0356582618883527
0.03565800995091798
0.03565775833606857
0.035657507043099876
0.035657256071309304
0.03565700541999613
0.035656755088461604
0.03565650507600878
0.035656255381942586
0.03565600600556989
0.03565575694619939
0.03565550820314163
0.03565525977570911
0.0356550116632161
0.03565476386497868
0.03565451638031491
0.035654269208544545
0.03565402234898921
0.03565377580097254
0.03565352956381966
0.03565328363685775
0.035653038019415835
0.035652792710824485
0.03565254771041638
0.03565230301752575
0.035652058631488806
0.03565181455164341
0.0356515707773293
0.03565132730788789
0.03565108414266239
0.0356508412809979
0.035650598722241085
0.0356503564657405
0.0356501145108464
0.035649872856910805
0.03564963150328744
0.035649390449331825
0.0356491496944011
0.03564890923785428
0.03564866907905198
0.035648429217356524
0.03564818965213206
0.03564795038274432
0.03564771140856075
0.03564747272895059
0.03564723434328467
0.03564699625093559
0.03564675845127739
0.03564652094368621
0.03564628372753943
0.03564604680221637
0.035645810167097905
0.03564557382156653
0.035645337765006516
0.0356451019968037
0.035644866516345526
0.03564463132302112
0.035644396416221164
0.035644161795338115
0.035643927459766
0.03564369340890027
0.03564345964213835
0.03564322615887895
0.03564299295852247
0.035642760040471004
0.03564252740412814
0.035642295048899125
0.03564206297419073
0.035641831179411367
0.035641599663970944
0.035641368427281
0.03564113746875456
0.03564090678780641
0.0356406763838526
0.035640446256310944
0.03564021640460075
0.03563998682814286
0.03563975752635962
0.03563952849867502
0.03563929974451444
0.035639071263304886
0.03563884305447488
0.03563861511745439
0.035638387451674865
0.03563816005656943
0.035637932931572594
0.03563770607612036
0.03563747948965029
0.035637253171601366
0.03563702712141409
0.03563680133853046
0.03563657582239392
0.03563635057244939
0.03563612558814328
0.035635900868923445
0.035635676414239224
0.03563545222354136
0.035635228296282136
0.03563500463191516
0.03563478122989562
0.035634558089680045
0.03563433521072643
0.035634112592494126
0.035633890234444125
0.03563366813603859
0.035633446296741235
0.03563322471601716
0.03563300339333294
0.0356327823281564
0.035632561519956925
0.035632340968205216
0.03563212067237339
0.03563190063193498
0.03563168084636481
0.035631461315139175
0.03563124203773579
0.03563102301363352
0.03563080424231294
0.035630585723255684
0.03563036745594494
0.03563014943986513
0.03562993167450206
0.03562971415934297
0.035629496893876365
0.03562927987759218
0.03562906310998148
0.03562884659053692
0.03562863031875231
0.03562841429412288
0.03562819851614517
0.03562798298431692
0.035627767698137434
0.03562755265710705
0.03562733786072761
0.03562712330850218
0.03562690899993509
0.03562669493453211
0.03562648111180011
0.03562626753124746
0.03562605419238361
0.03562584109471932
0.03562562823776685
0.035625415621039484
0.03562520324405185
0.0356249911063199
0.03562477920736083
0.03562456754669299
0.03562435612383617
0.03562414493831121
0.035623933989640394
0.03562372327734711
0.03562351280095599
0.03562330255999306
0.035623092553985373
0.03562288278246134
0.03562267324495056
0.035622463940983916
0.03562225487009331
0.03562204603181223
0.035621837425675006
0.03562162905121735
0.03562142090797621
0.035621212995489586
0.03562100531329688
0.0356207978609385
0.035620590637956175
0.03562038364389277
0.03562017687829239
0.03561997034070021
0.035619764030662665
0.03561955794772738
0.035619352091443145
0.03561914646135981
0.03561894105702852
0.035618735878001545
0.03561853092383234
0.03561832619407548
0.03561812168828658
0.03561791740602264
0.035617713346841634
0.03561750951030273
0.035617305895966275
0.035617102503393616
0.035616899332147414
0.035616696381791345
0.03561649365189015
0.03561629114200996
0.03561608885171763
0.0356158867805815
0.035615684928170764
0.035615483294055984
0.03561528187780849
0.03561508067900096
0.035614879697207155
0.03561467893200187
0.03561447838296101
0.035614278049661566
0.0356140779316816
0.035613878028600325
0.035613678339997956
0.03561347886545585
0.0356132796045564
0.035613080556883066
0.03561288172202048
0.03561268309955409
0.035612484689070724
0.03561228649015806
0.03561208850240486
0.03561189072540106
0.035611693158737495
0.0356114958020061
0.035611298654799915
0.03561110171671291
0.03561090498734018
0.03561070846627788
0.03561051215312307
0.03561031604747397
0.035610120148929794
Eitim Tamamland
8 numaral adaki hata: %7,793
