1.0
0.11569977492452241
0.11430313559830199
0.11283841940271569
0.11077883687288158
0.10785725286899515
0.10398154723180478
0.09950370973232645
0.09516781049855723
0.09158044854495807
0.08887630704547779
0.08687720821518868
0.0853504009883138
0.08412014826301821
0.08307585853868708
0.08215217779198189
0.08131077508148946
0.08052869734931202
0.07979170260573612
0.0790905675155776
0.0784190420544332
0.07777269814540935
0.07714826594976316
0.07654324084422125
0.07595564427964409
0.07538387451529432
0.07482661132884945
0.0742827539988023
0.07375138022185468
0.07323171832867453
0.07272312787456124
0.07222508531210695
0.07173717249277665
0.07125906645762113
0.07079052950047524
0.07033139888655461
0.06988157591753195
0.06944101427020147
0.06900970771674533
0.06858767747732958
0.0681749595733517
0.06777159264583173
0.06737760676952949
0.06699301381126248
0.06661779983158159
0.06625191990352285
0.06589529552990447
0.06554781460998997
0.06520933367780651
0.06487968194867111
0.06455866659682179
0.06424607865659415
0.06394169898513545
0.06364530382584134
0.06335666964259437
0.0630755770308785
0.06280181363424259
0.06253517609225583
0.062275471114937836
0.06202251581980234
0.061776137485438386
0.06153617287561444
0.061302467275937085
0.06107487336609393
0.060853250028602965
0.06063746117258814
0.060427374630237146
0.060222861165312336
0.06002379361779552
0.05983004619649788
0.059641493922013844
0.05945801221540479
0.0592794766230474
0.05910576266479522
0.058936745790607044
0.05877230142981542
0.05861230511697016
0.05845663267852494
0.058305160465370584
0.05815776561725249
0.05801432634635129
0.05787472222868207
0.05773883449343303
0.057606546301868816
0.05747774300892755
0.05735231240211835
0.057230144913730435
0.05711113380368639
0.056995175311569356
0.056882168777415955
0.056772016731771964
0.0566646249562517
0.05655990251641627
0.056457761769197534
0.056358118347353624
0.05626089112356416
0.056166002156778194
0.05607337662334411
0.05598294273529467
0.05589463164797119
0.05580837735895282
0.05572411660004877
0.055641788723911005
0.05556133558665583
0.05548270142774288
0.05540583274824809
0.0553306781885891
0.05525718840669982
0.05518531595760778
0.05511501517532513
0.0550462420579271
0.054978954156636284
0.05491311046967307
0.05484867134155001
0.05478559836839452
0.05472385430977545
0.054663403007387104
0.05460420931081782
0.05454623901049988
0.05448945877780973
0.05443383611216717
0.05437933929487498
0.054325937349341456
0.05427360000725495
0.05422229768021434
0.05417200143627809
0.05412268298086841
0.054074314641458246
0.05402686935547088
0.05398032066084281
0.05393464268872554
0.05388981015783856
0.05384579837002879
0.053802583206635494
0.05376014112531013
0.05371844915698845
0.05367748490275986
0.053637226530427136
0.05359765277059268
0.053558742912147385
0.05352047679707711
0.05348283481453314
0.05344579789414356
0.0534093474985651
0.05337346561529929
0.05333813474781037
0.05330333790599809
0.053269058596088714
0.05323528081001361
0.05320198901435005
0.053169168138900894
0.05313680356499074
0.053104881113553035
0.05307338703308088
0.05304230798751054
0.05301163104409913
0.05298134366135735
0.05295143367708591
0.05292188929656387
0.052892699080926774
0.052863851935768924
0.05283533709999584
0.052807144134950024
0.05277926291382472
0.05275168361137827
0.05272439669395581
0.05269739290981981
0.0526706632797918
0.052644199088199096
0.05261799187412235
0.052592033422935724
0.052566315758130165
0.052540831133409426
0.05251557202504842
0.05249053112450149
0.05246570133124997
0.052441075745877905
0.0524166476633648
0.05239241056658584
0.05236835812001047
0.052344484163591325
0.05232078270683539
0.05229724792305293
0.05227387414377702
0.05225065585335112
0.05222758768368061
0.0522046644091452
0.05218188094167152
0.05215923232596321
0.052136713734888145
0.052114320465021576
0.05209204793234397
0.052069891668092824
0.052047847314766534
0.05202591062227847
0.05200407744425866
0.0519823437344991
0.05196070554353893
0.051939159015383526
0.0519177003843519
0.051896325972043765
0.051875032184418766
0.05185381550897839
0.05183267251203973
0.051811599836089524
0.051790594197208197
0.051769652382549734
0.05174877124786567
0.051727947715060396
0.05170717876976521
0.05168646145891852
0.05166579288834146
0.05164517022029745
0.05162459067102753
0.051604051508252154
0.05158355004863469
0.05156308365520127
0.051542649734715784
0.05152224573500898
0.05150186914226631
0.05148151747827679
0.051461188297653934
0.051440879185036495
0.051420587752283003
0.05140031163567599
0.051380048493152995
0.05135979600158446
0.05133955185412126
0.05131931375763492
0.05129907943027655
0.05127884659918009
0.05125861299833808
0.05123837636667679
0.0512181344463594
0.051197884981343346
0.05117762571621992
0.05115735439536023
0.05113706876239246
0.05111676656003137
0.05109644553028047
0.051076103415023166
0.05105573795701728
0.05103534690130278
0.051014927997030515
0.0509944789997154
0.05097399767391227
0.050953481796312095
0.05093292915924673
0.050912337574593534
0.050891704878058545
0.0508710289338218
0.05085030763951635
0.050829538931516004
0.05080872079049715
0.050787851247242013
0.05076692838864414
0.05074595036387596
0.05072491539067637
0.05070382176171342
0.050682667850975784
0.05066145212014794
0.050640173124919745
0.05061882952118419
0.05059742007107631
0.05057594364880604
0.05055439924624106
0.050532785978195986
0.05051110308738572
0.05048934994900541
0.05046752607489943
0.0504456311172876
0.0504236648720179
0.050401627281319875
0.05037951843603634
0.05035733857731537
0.05033508809774756
0.05031276754193875
0.05029037760651255
0.0502679191395401
0.05024539313940007
0.05022280075307493
0.05020014327389355
0.05017742213873438
0.050154638924706695
0.05013179534532955
0.05010889324623446
0.050085934600415716
0.05006292150305897
0.05003985616597873
0.050016740911697104
0.049993578167198786
0.04997037045739762
0.0499471203983508
0.04992383069025751
0.04990050411027938
0.049877143505219025
0.049853751784093875
0.04983033191064067
0.049806886895785114
0.04978341979011191
0.04975993367636601
0.04973643166201785
0.049712916871919734
0.04968939244108409
0.04966586150760622
0.049642327205757716
0.04961879265927181
0.04959526097484006
0.04957173523583869
0.04954821849630114
0.049524713775149734
0.049501224050698595
0.04947775225543922
0.049454301271114685
0.04943087392409146
0.04940747298103219
0.04938410114487282
0.049360761051106684
0.04933745526437545
0.049314186275365324
0.04929095649800831
0.049267768266983175
0.04924462383551373
0.0492215253734575
0.04919847496568109
0.04917547461071372
0.049152526219671824
0.04912963161544842
0.04910679253215652
0.04908401061481973
0.04906128741930028
0.04903862441245384
0.049016022972503695
0.04899348438962284
0.04897100986671391
0.04894860052037801
0.048926257382061716
0.04890398139937132
0.04888177343754621
0.04885963428107918
0.0488375646354756
0.048815565129140266
0.048793636315383186
0.048771778674534215
0.048749992616158186
0.04872827848135947
0.04870663654516992
0.04868506701900823
0.04866357005320564
0.04864214573958654
0.048620794114098614
0.048599515159483075
0.048578308807978476
0.04855717494405025
0.048536113407139536
0.04851512399442397
0.04849420646358455
0.04847336053557212
0.048452585897367034
0.04843188220472697
0.048411249084917105
0.048390686139416945
0.04837019294659956
0.0483497690643777
0.04832941403281236
0.04830912737667938
0.04828890860799032
0.04826875722846283
0.048248672731936476
0.0482286546067323
0.048208702337950084
0.04818881540970177
0.04816899330727721
0.04814923551923944
0.048129541539447346
0.048109910869001585
0.04809034301811269
0.048070837507889305
0.048051393872042214
0.04803201165850551
0.048012690430969826
0.047993429770328624
0.04797422927603425
0.047955088567363635
0.047936007284591596
0.04791698509007166
0.04789802166922266
0.04787911673142175
0.047860270010801884
0.04784148126695511
0.04782275028554046
0.047804076878797196
0.04778546088596365
0.04776690217360237
0.0477484006358319
0.04772995619446706
0.04771156879906786
0.047693238426899896
0.04767496508280585
0.047656748798992586
0.047638589634733414
0.047620487675989594
0.04760244303495283
0.047584455849511535
0.04756652628264368
0.04754865452174045
0.04753084077786187
0.047513085284930125
0.04749538829886269
0.04747775009665002
0.04746017097538088
0.04744265125122031
0.047425191258343616
0.04740779134783127
0.04739045188652825
0.047373173255873494
0.04735595585070247
0.047338800078028334
0.04732170635580611
0.04730467511168321
0.04728770678174248
0.04727080180924063
0.04725396064334699
0.04723718373788662
0.047220471550092236
0.047203824539367695
0.04718724316606874
0.04717072789030281
0.04715427917075218
0.047137897463523995
0.04712158322102981
0.04710533689089727
0.04708915891491746
0.04707304972802924
0.047057009757343886
0.047041039421211024
0.047025139128328064
0.047009309276894826
0.04699355025381414
0.04697786243393946
0.04696224617937108
0.04694670183880013
0.04693122974690256
0.046915830223781
0.046900503574456756
0.04688525008840991
0.04687007003916799
0.04685496368394259
0.04683993126331251
0.0468249730009538
0.04681008910341362
0.04679527975992947
0.04678054514228967
0.04676588540473572
0.0467513006839044
0.04673679109880779
0.04672235675084991
0.04670799772387816
0.046693714084268555
0.0466795058810411
0.04666537314600646
0.046651315893939053
0.046637334122777145
0.04662342781384725
0.04660959693211056
0.0465958414264307
0.04658216122986071
0.04656855625994697
0.04655502641904966
0.04654157159467661
0.0465281916598307
0.04651488647336787
0.04650165588036511
0.04648849971249667
0.04647541778841757
0.04646240991415258
0.046449475883490056
0.04643661547837875
0.04642382846932754
0.04641111461580603
0.04639847366664577
0.0463859053604404
0.046373409425945554
0.04636098558247505
0.046348633540295545
0.04633635300101688
0.0463241436579784
0.04631200519663058
0.04629993729491146
0.046287939623617345
0.04627601184676706
0.04626415362196018
0.04625236460072816
0.046240644428878194
0.046228992746830073
0.04621740918994492
0.04620589338884678
0.04619444496973565
0.04618306355469271
0.046171748761977535
0.046160500206316825
0.04614931749918501
0.046138200249076396
0.046127148061769346
0.046116160540581805
0.04610523728661872
0.0460943778990115
0.04608358197514892
0.046072849110900316
0.04606217890083073
0.046051570938408164
0.0460410248162031
0.0460305401260805
0.046020116459384114
0.04600975340711389
0.045999450560095446
0.04598920750914307
0.045979023845215905
0.045968899159566555
0.04595883304388438
0.04594882509043073
0.045938874892169655
0.04592898204289119
0.04591914613732912
0.04590936677127332
0.04589964354167577
0.04588997604675193
0.04588036388607584
0.04587080666067122
0.04586130397309655
0.045851855427526234
0.045842460629826234
0.04583311918762604
0.04582383071038576
0.04581459480945922
0.045805411098152775
0.04579627919178074
0.045787198707716574
0.04577816926544038
0.045769190486583525
0.04576026199496935
0.04575138341665079
0.045742554379945004
0.045733774515464974
0.04572504345614838
0.04571636083728343
0.045707726296532546
0.04569913947395295
0.04569060001201567
0.045682107555621375
0.045673661752114646
0.045665262251295934
0.045656908705431584
0.045648600769262075
0.04564033810000804
0.04563212035737511
0.04562394720355701
0.04561581830323661
0.045607733323586426
0.0455996919342667
0.04559169380742299
0.04558373861768235
0.045575826042147806
0.04556795576039243
0.04556012745445202
0.045552340808816906
0.04554459551042256
0.04553689124863996
0.04552922771526446
0.04552160460450434
0.045514021612968684
0.045506478439654316
0.04549897478593215
0.0454915103555335
0.04548408485453509
0.045476697991344316
0.04546934947668351
0.045462039023574326
0.04545476634732119
0.04544753116549492
0.04544033319791577
0.04543317216663653
0.04542604779592476
0.04541895981224582
0.045411907944244316
0.04540489192272718
0.04539791148064505
0.045390966353074304
0.04538405627719895
0.045377180992292356
0.04537034023969905
0.045363533762816294
0.04535676130707591
0.04535002261992605
0.0453433174508127
0.045336645551161875
0.0453300066743613
0.04532340057574203
0.04531682701256116
0.045310285743983277
0.045303776531063246
0.04529729913672812
0.045290853325759765
0.04528443886477774
0.04527805552222153
0.04527170306833392
0.045265381275143665
0.04525908991644919
0.04525282876780142
0.04524659760648776
0.04524039621151574
0.04523422436359673
0.04522808184513029
0.04522196844018841
0.04521588393449984
0.04520982811543499
0.04520380077199061
0.04519780169477501
0.0451918306759931
0.045185887509432136
0.04517997199044715
0.045174083915946794
0.04516822308437977
0.0451623892957204
0.04515658235145569
0.04515080205457187
0.045145048209540746
0.04513932062230738
0.04513361910027704
0.04512794345230247
0.045122293488671764
0.045116669021096095
0.04511106986269745
0.04510549582799716
0.04509994673290415
0.045094422394703175
0.04508892263204405
0.04508344726493007
0.04507799611470732
0.04507256900405373
0.045067165756968654
0.04506178619876234
0.045056430156045435
0.04505109745671932
0.045045787929965546
0.04504050140623676
0.0450352377172462
0.04502999669595873
0.04502477817658147
0.045019581994554116
0.04501440798654026
0.04500925599041814
0.045004125845272094
0.04499901739138364
0.044993930470222765
0.04498886492443971
0.04498382059785661
0.04497879733545902
0.044973794983388035
0.0449688133889322
0.04496385240051946
0.04495891186770972
0.044953991641186714
0.044949091572750816
0.0449442115153111
0.04493935132287832
0.04493451085055735
0.044929689954540025
0.04492488849209806
0.04492010632157572
0.04491534330238325
0.04491059929498966
0.04490587416091578
0.04490116776272785
0.044896479964030685
0.044891810629460814
0.04488715962468024
0.04488252681637001
0.044877912072223115
0.04487331526093901
0.044868736252216664
0.04486417491674849
0.04485963112621431
0.04485510475327478
0.04485059567156582
0.044846103755691986
0.04484162888122083
0.04483717092467687
0.0448327297635357
0.04482830527621771
0.04482389734208284
0.044819505841424336
0.04481513065546327
0.04481077166634244
0.044806428757121174
0.04480210181176903
0.04479779071516075
0.044793495353070416
0.04478921561216571
0.044784951380002685
0.04478070254501993
0.044776468996533425
0.04477225062473063
0.04476804732066551
0.044763858976252936
0.04475968548426296
0.04475552673831595
0.04475138263287706
0.04474725306325078
0.04474313792557566
0.044739037116819015
0.044734950534772
0.04473087807804368
0.044726819646056404
0.044722775139040286
0.044718744458027905
0.04471472750484956
0.04471072418212758
0.04470673439327149
0.044702758042472826
0.0446987950346998
0.04469484527569245
0.044690908671957436
0.044686985130762885
0.04468307456013365
0.04467917686884558
0.04467529196642119
0.044671419763124144
0.04466756016995467
0.04466371309864402
0.04465987846164987
0.04465605617215131
0.04465224614404366
0.04464844829193368
0.044644662531134645
0.0446408887776614
0.044637126948225164
0.04463337696022914
0.04462963873176315
0.04462591218159899
0.044622197229185555
0.04461849379464385
0.04461480179876227
0.04461112116299168
0.04460745180944076
0.04460379366087094
0.0446001466406917
0.04459651067295604
0.04459288568235527
0.04458927159421462
0.04458566833448827
0.04458207582975472
0.044578494007212116
0.04457492279467338
0.044571362120561744
0.04456781191390588
0.0445642721043354
0.044560742622075995
0.04455722339794514
0.04455371436334706
0.04455021545026842
0.04454672659127375
0.04454324771950068
0.044539778768655496
0.04453631967300859
0.04453287036739002
0.04452943078718476
0.04452600086832853
0.044522580547302966
0.04451916976113153
0.044515768447374676
0.04451237654412589
0.04450899399000666
0.04450562072416283
0.044502256686259574
0.044498901816477324
0.04449555605550761
0.04449221934454823
0.04448889162529956
0.04448557283995977
0.0444822629312207
0.04447896184226388
0.044475669516755974
0.044472385898844564
0.04446911093315432
0.044465844564782406
0.04446258673929467
0.0444593374027211
0.044456096501552356
0.04445286398273486
0.04444963979366747
0.044446423882197036
0.04444321619661445
0.044440016685650556
0.04443682529847238
0.044433641984679056
0.04443046669429763
0.04442729937777959
0.044424139985996675
0.04442098847023701
0.044417844782201336
0.044414708873999086
0.04441158069814475
0.044408460207553666
0.044405347355538756
0.04440224209580649
0.04439914438245313
0.04439605416996133
0.04439297141319584
0.044389896067400667
0.04438682808819473
0.044383767431568646
0.044380714053880936
0.04437766791185465
0.044374628962573576
0.044371597163478944
0.04436857247236586
0.044365554847379675
0.0443625442470128
0.04435954063010099
0.04435654395582028
0.04435355418368322
0.04435057127353576
0.04434759518555393
0.04434462588024042
0.04434166331842117
0.04433870746124264
0.044335758270167676
0.0443328157069733
0.04432987973374658
0.04432695031288228
0.044324027407079074
0.044321110979336865
0.04431820099295326
0.04431529741152098
0.04431240019892452
0.04430950931933702
0.04430662473721752
0.044303746417307895
0.04430087432462972
0.0442980084244818
0.04429514868243642
0.044292295064337524
0.04428944753629702
0.04428660606469219
0.04428377061616313
0.044280941157609596
0.0442781176561885
0.04427530007931092
0.04427248839463943
0.044269682570085796
0.0442668825738079
0.04426408837420683
0.044261299939925065
0.04425851723984324
0.04425574024307759
0.04425296891897773
0.04425020323712389
0.04424744316732432
0.04424468867961306
0.04424193974424735
0.04423919633170505
0.044236458412682436
0.044233725958091746
0.04423099893905867
0.044228277326920265
0.04422556109322238
0.04422285020971731
0.04422014464836193
0.044217444381314946
0.044214749380934976
0.04421205961977802
0.04420937507059574
0.044206695706332844
0.04420402150012511
0.04420135242529736
0.04419868845536124
0.044196029564012966
0.04419337572513171
0.04419072691277713
0.04418808310118767
0.044185444264778204
0.04418281037813847
0.044180181416030875
0.04417755735338853
0.044174938165313586
0.04417232382707494
0.044169714314106844
0.04416710960200676
0.04416450966653351
0.04416191448360551
0.04415932402929934
0.0441567382798473
0.04415415721163635
0.044151580801205716
0.044149009025245996
0.04414644186059666
0.04414387928424488
0.04414132127332392
0.04413876780511115
0.04413621885702662
0.04413367440663182
0.04413113443162745
0.04412859890985243
0.04412606781928223
0.04412354113802706
0.044121018844331
0.044118500916569894
0.04411598733325029
0.044113478073007834
0.04411097311460614
0.04410847243693494
0.0441059760190092
0.04410348383996725
0.044100995879069925
0.04409851211569911
0.0440960325293563
0.04409355709966134
0.044091085806351384
0.044088618629279326
0.04408615554841287
0.04408369654383313
0.04408124159573352
0.04407879068441863
0.04407634379030289
0.044073900893909605
0.04407146197586969
0.044069027016920836
0.04406659599790608
0.044064168899772854
0.044061745703572026
0.044059326390456864
0.04405691094168174
0.04405449933860152
0.04405209156267033
0.04404968759544056
0.04404728741856209
0.04404489101378111
0.04404249836293938
0.044040109447973326
0.04403772425091305
0.04403534275388131
0.04403296493909305
0.04403059078885417
0.04402822028556091
0.044025853411699
0.0440234901498427
0.04402113048265419
0.044018774392882584
0.04401642186336369
0.04401407287701846
0.04401172741685282
0.04400938546595695
0.044007047007504255
0.04400471202475082
0.04400238050103497
0.04400005241977622
0.04399772776447482
0.0439954065187112
0.04399308866614495
0.04399077419051484
0.04398846307563767
0.043986155305407865
0.043983850863797073
0.04398154973485329
0.043979251902700384
0.04397695735153793
0.043974666065640065
0.04397237802935544
0.04397009322710655
0.04396781164338925
0.043965533262772284
0.04396325806989675
0.04396098604947574
0.04395871718629395
0.04395645146520707
0.043954188871141234
0.04395192938909307
0.043949673004129
0.0439474197013847
0.043945169466065075
0.043942922283443445
0.043940678138861704
0.04393843701772952
0.04393619890552422
0.0439339637877904
0.04393173165013945
0.043929502478249415
0.04392727625786487
0.043925052974796014
0.043922832614919034
0.04392061516417542
0.04391840060857185
0.04391618893417983
0.04391398012713558
0.043911774173639555
0.043909571059956416
0.04390737077241473
0.04390517329740673
0.043902978621388034
0.04390078673087748
0.043898597612457
0.04389641125277127
0.043894227638527704
0.04389204675649603
0.04388986859350834
0.04388769313645873
0.043885520372303324
0.04388335028805995
0.04388118287080803
0.04387901810768842
0.04387685598590333
0.04387469649271623
0.043872539615451525
0.04387038534149455
0.04386823365829152
0.043866084553349144
0.0438639380142349
0.043861794028576644
0.043859652584062554
0.043857513668441074
0.043855377269520886
0.04385324337517067
0.04385111197331903
0.043848983051954685
0.043846856599125766
0.04384473260294077
0.0438426110515672
0.04384049193323274
0.04383837523622411
0.04383626094888785
0.04383414905962978
0.0438320395569151
0.043829932429268324
0.04382782766527316
0.04382572525357253
0.04382362518286852
0.043821527441922394
0.043819432019554364
0.04381733890464369
0.04381524808612866
0.04381315955300641
0.04381107329433299
0.043808989299223354
0.04380690755685134
0.043804828056449426
0.04380275078730892
0.043800675738779896
0.0437986029002711
0.04379653226124983
0.04379446381124223
0.04379239753983288
0.04379033343666494
0.0437882714914401
0.04378621169391867
0.04378415403391932
0.04378209850131925
0.043780045086053855
0.0437779937781173
0.04377594456756177
0.043773897444497806
0.04377185239909437
0.04376980942157861
0.043767768502235786
0.043765729631409456
0.043763692799501284
0.04376165799697092
0.04375962521433625
0.043757594442173
0.043755565671114854
0.04375353889185371
0.043751514095138916
0.043749491271777886
0.043747470412635756
0.04374545150863549
0.0437434345507575
0.04374141953003982
0.04373940643757835
0.04373739526452597
0.04373538600209341
0.043733378641548526
0.04373137317421652
0.04372936959147966
0.04372736788477755
0.0437253680456068
0.04372337006552093
0.04372137393613024
0.04371937964910207
0.04371738719616034
0.043715396569085525
0.043713407759714766
0.04371142075994159
0.04370943556171569
0.04370745215704316
0.0437054705379861
0.043703490696662545
0.04370151262524676
0.0436995363159682
0.043697561761112426
0.04369558895302021
0.04369361788408783
0.04369164854676687
0.04368968093356384
0.04368771503704035
0.04368575084981285
0.04368378836455229
0.04368182757398436
0.043679868470888915
0.043677911048100086
0.04367595529850612
0.043674001215049045
0.04367204879072452
0.043670098018581904
0.04366814889172381
0.043666201403305904
0.04366425554653701
0.04366231131467857
0.043660368701044686
0.04365842769900197
0.04365648830196893
0.04365455050341633
0.04365261429686647
0.04365067967589335
0.04364874663412234
0.043646815165229697
0.04364488526294275
0.04364295692103938
0.04364103013334797
0.04363910489374709
0.04363718119616499
0.04363525903458001
0.043633338403019604
0.04363141929556049
0.043629501706328455
0.0436275856294977
0.043625671059291105
0.04362375798997939
0.04362184641588133
0.04361993633136329
0.04361802773083873
0.04361612060876836
0.0436142149596595
0.04361231077806588
0.043610408058587485
0.043608506795869896
0.04360660698460468
0.043604708619528164
0.043602811695421954
0.04360091620711205
0.043599022149468834
0.04359712951740682
0.043595238305883834
0.043593348509901424
0.04359146012450391
0.04358957314477834
0.04358768756585426
0.043585803382902855
0.043583920591137575
0.04358203918581258
0.04358015916222341
0.04357828051570613
0.043576403241637036
0.043574527335432545
0.043572652792548336
0.04357077960847965
0.04356890777876034
0.04356703729896294
0.043565168164697986
0.04356330037161384
0.04356143391539621
0.04355956879176797
0.04355770499648843
0.043555842525353355
0.04355398137419434
0.043552121538878615
0.04355026301530822
0.04354840579942038
0.0435465498871863
0.04354469527461158
0.04354284195773498
0.04354098993262868
0.0435391391953978
0.043537289742179734
0.043535441569143796
0.0435335946724913
0.043531749048454416
0.04352990469329631
0.04352806160331067
0.04352621977482117
0.04352437920418106
0.043522539887773035
0.043520701822008304
0.04351886500332697
0.043517029428196796
0.04351519509311343
0.043513361994599584
0.04351153012920491
0.0435096994935055
0.04350787008410347
0.04350604189762643
0.04350421493072743
0.04350238918008425
0.04350056464239894
0.04349874131439782
0.04349691919283056
0.04349509827447023
0.04349327855611263
0.04349146003457592
0.04348964270670023
0.043487826569347424
0.04348601161940049
0.04348419785376314
0.04348238526935956
0.043480573863133885
0.04347876363204986
0.04347695457309049
0.0434751466832575
0.043473339959571096
0.043471534399069305
0.043469729998808104
0.043467926755860524
0.04346612466731636
0.043464323730281945
0.04346252394187975
0.04346072529924777
0.04345892779953952
0.043457131439923184
0.04345533621758156
0.043453542129711746
0.0434517491735244
0.04344995734624373
0.043448166645106825
0.043446377067363776
0.04344458861027643
0.04344280127111901
0.04344101504717708
0.043439229935747475
0.043437445934137765
0.04343566303966603
0.0434338812496606
0.04343210056145939
0.04343032097240966
0.04342854247986807
0.04342676508119959
0.04342498877377785
0.04342321355498448
0.04342143942220846
0.043419666372846645
0.04341789440430242
0.043416123513986285
0.043414353699314734
0.04341258495771055
0.04341081728660201
0.043409050683422976
0.04340728514561228
0.04340552067061357
0.043403757255874864
0.043401994898848356
0.04340023359699014
0.04339847334775982
0.04339671414862007
0.04339495599703676
0.04339319889047819
0.043391442826415216
0.04338968780232059
0.04338793381566895
0.04338618086393645
0.04338442894460043
0.043382678055139304
0.04338092819303191
0.04337917935575785
0.04337743154079669
0.04337568474562789
0.04337393896773073
0.04337219420458369
0.04337045045366447
0.04336870771244973
0.04336696597841474
0.04336522524903317
0.04336348552177691
0.043361746794115766
0.043360009063517335
0.043358272327446684
0.043356536583366134
0.04335480182873512
0.04335306806100989
0.04335133527764334
0.0433496034760848
0.043347872653779866
0.04334614280817013
0.043344413936693034
0.04334268603678157
0.04334095910586435
0.04333923314136508
0.04333750814070272
0.043335784101291075
0.043334061020538626
0.04333233889584842
0.04333061772461799
0.043328897504239086
0.04332717823209745
0.043325459905572676
0.043323742522038446
0.04332202607886173
0.04332031057340307
0.0433185960030163
0.04331688236504844
0.0433151696568397
0.04331345787572302
0.04331174701902427
0.0433100370840618
0.04330832806814681
0.04330661996858251
0.04330491278266483
0.04330320650768162
0.04330150114091292
0.043299796679630735
0.043298093121099
0.04329639046257345
0.043294688701301424
0.04329298783452187
0.04329128785946531
0.043289588773353725
0.043287890573400295
0.04328619325680969
0.04328449682077756
0.043282801262490844
0.04328110657912732
0.04327941276785612
0.04327771982583691
0.043276027750220485
0.04327433653814835
0.043272646186752826
0.04327095669315689
0.04326926805447421
0.04326758026780905
0.04326589333025638
0.04326420723890145
0.04326252199082034
0.0432608375830793
0.04325915401273532
0.043257471276835616
0.043255789372417836
0.043254108296510024
0.04325242804613066
0.04325074861828835
0.04324907000998234
0.043247392218201966
0.04324571523992695
0.043244039072127365
0.04324236371176357
0.04324068915578621
0.04323901540113629
0.04323734244474497
0.04323567028353417
0.04323399891441564
0.043232328334291796
0.04323065854005532
0.043228989528589265
0.0432273212967673
0.043225653841453125
0.043223987159501244
0.04322232124775662
0.04322065610305458
0.043218991722221
0.04321732810207251
0.043215665239416154
0.043214003131049755
0.04321234177376189
0.04321068116433167
0.0432090212995291
0.04320736217611514
0.04320570379084142
0.04320404614045067
0.04320238922167634
0.04320073303124322
0.04319907756586703
0.04319742282225468
0.04319576879710426
0.0431941154871051
0.043192462888937945
0.04319081099927484
0.043189159814779415
0.04318750933210666
0.04318585954790335
0.04318421045880772
0.0431825620614499
0.04318091435245186
0.04317926732842737
0.0431776209859821
0.04317597532171396
0.043174330332212796
0.043172686014060845
0.04317104236383242
0.043169399378094456
0.043167757053406086
0.04316611538631925
0.04316447437337814
0.043162834011120116
0.04316119429607509
0.043159555224765805
0.04315791679370823
0.043156278999411254
0.04315464183837693
0.04315300530710068
0.04315136940207128
0.04314973411977088
0.04314809945667524
0.04314646540925385
0.043144831973969865
0.04314319914728036
0.043141566925636234
0.04313993530548285
0.04313830428325921
0.043136673855398856
0.04313504401832978
0.043133414768474265
0.04313178610224928
0.04313015801606646
0.04312853050633236
0.04312690356944828
0.043125277201810454
0.04312365139981058
0.04312202615983521
0.04312040147826649
0.04311877735148196
0.04311715377585466
0.043115530747753254
0.04311390826354246
0.04311228631958252
0.04311066491222998
0.043109044037837385
0.04310742369275353
0.04310580387332349
0.043104184575888965
0.04310256579678803
0.04310094753235571
0.04309932977892349
0.04309771253281998
0.04309609579037085
0.043094479547898856
0.04309286380172403
0.043091248548163666
0.043089633783532824
0.04308801950414389
0.04308640570630713
0.043084792386330534
0.04308317954052013
0.04308156716518
0.043079955256612484
0.04307834381111808
0.04307673282499566
0.043075122294542974
0.04307351221605601
0.043071902585829686
0.04307029340015786
0.04306868465533328
0.043067076347647885
0.04306546847339273
0.043063861028858286
0.04306225401033449
0.04306064741411075
0.0430590412364763
0.043057435473720075
0.043055830122130725
0.04305422517799752
0.04305262063760914
0.043051016497254915
0.0430494127532246
0.043047809401808225
0.04304620643929647
0.04304460386198064
0.04304300166615304
0.04304139984810684
0.04303979840413608
0.04303819733053608
0.04303659662360346
0.04303499627963611
0.04303339629493341
0.043031796665796374
0.04303019738852766
0.04302859845943177
0.04302699987481507
0.043025401630986136
0.043023803724255225
0.04302220615093539
0.04302060890734156
0.043019011989791384
0.04301741539460505
0.04301581911810522
0.04301422315661747
0.04301262750647024
0.04301103216399492
0.04300943712552596
0.04300784238740097
0.04300624794596092
0.043004653797550106
0.04300305993851635
0.04300146636521095
0.042999873073988996
0.04299828006120948
0.04299668732323493
0.04299509485643225
0.04299350265717211
0.04299191072182957
0.04299031904678397
0.0429887276284189
0.04298713646312247
0.04298554554728744
0.042983954877311055
0.04298236444959559
0.04298077426054783
0.042979184306579855
0.04297759458410863
0.04297600508955622
0.042974415819349854
0.04297282676992235
0.04297123793771157
0.04296964931916114
0.04296806091072023
0.04296647270884363
0.04296488470999178
0.04296329691063126
0.042961709307234565
0.042960121896279756
0.04295853467425153
0.04295694763764057
0.042955360782943965
0.04295377410666482
0.04295218760531326
0.04295060127540545
0.04294901511346446
0.04294742911601983
0.042945843279608154
0.04294425760077268
0.04294267207606364
0.042941086702038375
0.042939501475261294
0.04293791639230393
0.04293633144974517
0.04293474664417104
0.042933161972175275
0.0429315774303589
0.04292999301533058
0.042928408723706575
0.042926824552110845
0.04292524049717528
0.042923656555539515
0.04292207272385108
0.04292048899876561
0.042918905376946724
0.042917321855066366
0.04291573842980456
0.04291415509784967
0.042912571855898286
0.04291098870065573
0.04290940562883545
0.04290782263715984
0.04290623972235963
0.04290465688117442
0.042903074110352525
0.04290149140665099
0.04289990876683598
0.0428983261876824
0.042896743665974284
0.042895161198504866
0.0428935787820763
0.04289199641350004
0.04289041408959695
0.04288883180719716
0.042887249563140044
0.04288566735427453
0.04288408517745917
0.04288250302956202
0.04288092090746073
0.042879338808042664
0.04287775672820496
0.04287617466485467
0.04287459261490827
0.042873010575292865
0.04287142854294491
0.042869846514811225
0.0428682644878486
0.04286668245902389
0.042865100425314405
0.04286351838370748
0.04286193633120075
0.04286035426480229
0.042858772181530565
0.042857190078414466
0.04285560795249333
0.04285402580081724
0.04285244362044669
0.04285086140845291
0.04284927916191777
0.04284769687793399
0.04284611455360503
0.0428445321860452
0.04284294977237974
0.04284136730974472
0.04283978479528742
0.04283820222616597
0.04283661959954949
0.04283503691261845
0.042833454162564406
0.0428318713465901
0.042830288461909505
0.042828705505747855
0.04282712247534204
0.04282553936793978
0.04282395618080078
0.04282237291119584
0.04282078955640742
0.042819206113729524
0.042817622580467625
0.04281603895393903
0.04281445523147265
0.04281287141040888
0.04281128748810025
0.04280970346191077
0.04280811932921644
0.042806535087405055
0.04280495073387629
0.042803366266041816
0.042801781681325306
0.04280019697716225
0.042798612151000545
0.042797027200299834
0.042795442122531994
0.042793856915181124
0.042792271575743446
0.04279068610172743
0.04278910049065363
0.042787514740055384
0.042785928847477804
0.04278434281047866
0.04278275662662799
0.04278117029350839
0.0427795838087148
0.042777997169854656
0.04277641037454805
0.04277482342042745
0.0427732363051379
0.04277164902633748
0.042770061581696196
0.04276847396889746
0.04276688618563672
0.04276529822962287
0.042763710098576865
0.0427621217902331
0.04276053330233833
0.04275894463265223
0.042757355778947785
0.04275576673901031
0.04275417751063837
0.04275258809164355
0.0427509984798503
0.04274940867309606
0.04274781866923161
0.04274622846612035
0.04274463806163926
0.04274304745367804
0.042741456640139966
0.042739865618941116
0.042738274388011026
0.04273668294529241
0.04273509128874119
0.04273349941632681
0.0427319073260316
0.04273031501585162
0.04272872248379619
0.042727129727887954
0.04272553674616305
0.042723943536671014
0.04272235009747478
0.04272075642665105
0.04271916252228977
0.042717568382494436
0.042715974005382185
0.04271437938908394
0.042712784531743764
0.042711189431519844
0.042709594086583653
0.0427079984951206
0.04270640265532964
0.04270480656542351
0.04270321022362881
0.04270161362818571
0.04270001677734825
0.042698419669384376
0.0426968223025758
0.0426952246752181
0.042693626785620754
0.04269202863210713
0.04269043021301456
0.042688831526694226
0.04268723257151149
0.042685633345845506
0.0426840338480895
0.04268243407665085
0.042680834029950834
0.04267923370642486
0.042677633104522425
0.042676032222707314
0.04267443105945718
0.0426728296132641
0.04267122788263422
0.042669625866087746
0.04266802356215941
0.042666420969398086
0.04266481808636677
0.04266321491164289
0.04266161144381809
0.042660007681498566
0.042658403623304676
0.04265679926787109
0.04265519461384707
0.042653589659896164
0.042651984404696454
0.04265037884694036
0.04264877298533481
0.04264716681860136
0.04264556034547585
0.042643953564708806
0.04264234647506539
0.04264073907532511
0.04263913136428234
0.04263752334074578
0.04263591500353916
0.04263430635150043
0.0426326973834826
0.04263108809835304
0.0426294784949941
0.042627868572302836
0.04262625832919098
0.04262464776458508
0.04262303687742644
0.042621425666671285
0.04261981413129066
0.04261820227027025
0.042616590082611136
0.04261497756732881
0.04261336472345384
0.042611751550031836
0.04261013804612321
0.04260852421080354
0.04260691004316328
0.04260529554230794
0.042603680707358135
0.042602065537449496
0.0426004500317326
0.042598834189373526
0.04259721800955307
0.04259560149146743
0.04259398463432778
0.04259236743736065
0.042590749899807843
0.042589132020926034
0.042587513799987584
0.042585895236279946
0.04258427632910573
0.04258265707778315
0.042581037481645566
0.04257941754004159
0.04257779725233551
0.04257617661790685
0.04257455563615058
0.04257293430647706
0.04257131262831215
0.04256969060109725
0.042568068224289185
0.04256644549736035
0.04256482241979865
0.04256319899110773
0.04256157521080649
0.04255995107842987
0.04255832659352811
0.04255670175566716
0.04255507656442887
0.042553451019410486
0.04255182512022517
0.04255019886650193
0.0425485722578852
0.04254694529403549
0.04254531797462904
0.0425436902993579
0.04254206226792995
0.04254043388006901
0.042538805135514765
0.0425371760340229
0.042535546575364874
0.04253391675932834
0.04253228658571673
0.042530656054349546
0.04252902516506245
0.042527393917707004
0.042525762312150876
0.042524130348277955
0.042522498025988106
0.04252086534519734
0.04251923230583809
0.042517598907858604
0.04251596515122356
0.04251433103591387
0.04251269656192683
0.042511061729275594
0.04250942653799015
0.042507790988116446
0.04250615507971688
0.0425045188128703
0.04250288218767194
0.04250124520423334
0.04249960786268265
0.04249797016316428
0.04249633210583941
0.04249469369088543
0.04249305491849651
0.04249141578888327
0.04248977630227306
0.04248813645890938
0.04248649625905296
0.04248485570298088
0.04248321479098693
0.042481573523381444
0.042479931900491937
0.042478289922662144
0.042476647590252846
0.04247500490364157
0.04247336186322266
0.04247171846940741
0.04247007472262369
0.04246843062331666
0.042466786171947886
0.04246514136899631
0.042463496214957715
0.04246185071034474
0.04246020485568708
0.0424585586515315
0.042456912098441865
0.0424552651969989
0.0424536179478006
0.0424519703514621
0.04245032240861559
0.04244867411991041
0.04244702548601316
0.04244537650760752
0.042443727185394506
0.042442077520092554
0.042440427512437
0.042438777163180647
0.04243712647309379
0.04243547544296382
0.04243382407359556
0.04243217236581134
0.04243052032045072
0.042428867938370994
0.04242721522044637
0.04242556216756904
0.042423908780648556
0.042422255060611716
0.04242060100840329
0.042418946624985285
0.042417291911337515
0.0424156368684572
0.04241398149735922
0.04241232579907609
0.04241066977465827
0.042409013425173475
0.04240735675170737
0.04240569975536327
0.04240404243726236
0.04240238479854342
0.04240072684036304
0.04239906856389582
0.04239740997033384
0.04239575106088731
0.042394091836784144
0.04239243229927023
0.042390772449609274
0.042389112289082966
0.042387451818990785
0.04238579104065034
0.042384129955397226
0.04238246856458489
0.042380806869584724
0.04237914487178643
0.04237748257259747
0.04237581997344347
0.04237415707576808
0.042372493881033146
0.04237083039071847
0.04236916660632206
0.04236750252936003
0.04236583816136676
0.04236417350389446
0.04236250855851391
0.042360843326813925
0.042359177810401424
0.042357512010901606
0.04235584592995797
0.04235417956923219
0.04235251293040419
0.04235084601517222
0.042349178825252715
0.04234751136238047
0.04234584362830856
0.04234417562480851
0.04234250735366985
0.042340838816700706
0.04233917001572748
0.042337500952594885
0.04233583162916602
0.042334162047322293
0.04233249220896371
0.0423308221160083
0.042329151770392856
0.042327481174072236
0.04232581032901991
0.04232413923722768
0.04232246790070586
0.04232079632148298
0.04231912450160626
0.042317452443141064
0.04231578014817147
0.04231410761879975
0.04231243485714678
0.04231076186535174
0.04230908864557243
0.0423074151999849
0.042305741530783696
0.04230406764018191
0.04230239353041103
0.04230071920372079
0.04229904466237967
0.042297369908674456
0.0422956949449103
0.042294019773410935
0.04229234439651838
0.04229066881659315
0.04228899303601412
0.04228731705717868
0.042285640882502626
0.04228396451441993
0.04228228795538329
0.04228061120786362
0.042278934274350095
0.042277257157350534
0.04227557985939092
0.042273902383015684
0.0422722247307875
0.04227054690528738
0.04226886890911479
0.04226719074488726
0.042265512415240965
0.042263833922829966
0.04226215527032672
0.04226047646042219
0.04225879749582499
0.0422571183792627
0.04225543911348035
0.04225375970124166
0.04225208014532828
0.042250400448540074
0.042248720613694946
0.042247040643629025
0.04224536054119632
0.04224368030926905
0.042241999950737436
0.04224031946850962
0.04223863886551193
0.04223695814468825
0.042235277309000785
0.042233596361429385
0.042231915304972056
0.04223023414264427
0.04222855287747964
0.042226871512529206
0.04222519005086215
0.04222350849556512
0.042221826849742496
0.04222014511651628
0.042218463299026295
0.04221678140042957
0.0422150994239011
0.042213417372633025
0.04221173524983513
0.04221005305873463
0.042208370802576105
0.042206688484621446
0.04220500610814987
0.04220332367645789
0.04220164119285924
0.042199958660684746
0.04219827608328253
0.042196593464017634
0.04219491080627214
0.04219322811344537
0.04219154538895331
0.042189862636228787
0.04218817985872181
0.04218649705989885
0.04218481424324334
0.042183131412255284
0.042181448570451176
0.04217976572136451
0.04217808286854486
0.042176400015558405
0.04217471716598782
0.04217303432343205
0.04217135149150633
0.042169668673842045
0.04216798587408681
0.042166303095904446
0.04216462034297455
0.04216293761899297
0.04216125492767119
0.042159572272736666
0.042157889657932615
0.04215620708701793
0.04215452456376723
0.042152842091970504
0.04215115967543321
0.04214947731797651
0.042147795023436636
0.04214611279566514
0.04214443063852876
0.04214274855590943
0.04214106655170395
0.04213938462982417
0.04213770279419685
0.042136021048763427
0.042134339397480056
0.04213265784431768
0.04213097639326153
0.0421292950483114
0.04212761381348152
0.04212593269280034
0.042124251690310456
0.04212257081006857
0.04212089005614548
0.04211920943262577
0.042117528943607985
0.04211584859320421
0.04211416838554039
0.04211248832475582
0.04211080841500341
0.04210912866044913
0.04210744906527248
0.042105769633666086
0.042104090369835395
0.042102411277998915
0.042100732362388066
0.04209905362724688
0.042097375076832
0.04209569671541273
0.04209401854727067
0.042092340576699715
0.042090662808005976
0.04208898524550773
0.042087307893535125
0.04208563075643012
0.04208395383854642
0.04208227714424958
0.04208060067791636
0.042078924443935024
0.04207724844670528
0.04207557269063769
0.042073897180154016
0.042072221919687035
0.042070546913680014
0.04206887216658727
0.0420671976828732
0.042065523467013144
0.042063849523492236
0.042062175856806154
0.04206050247146035
0.04205882937197025
0.042057156562861284
0.04205548404866804
0.042053811833935056
0.0420521399232161
0.0420504683210741
0.042048797032081094
0.04204712606081824
0.04204545541187535
0.042043785089850974
0.04204211509935232
0.04204044544499488
0.04203877613140241
0.04203710716320682
0.04203543854504816
0.042033770281573984
0.04203210237743982
0.042030434837308596
0.04202876766585075
0.04202710086774375
0.04202543444767245
0.042023768410328406
0.04202210276041014
0.04202043750262267
0.04201877264167761
0.042017108182293025
0.04201544412919282
0.0420137804871072
0.04201211726077217
0.04201045445492942
0.04200879207432627
0.04200713012371523
0.042005468607854285
0.04200380753150644
0.04200214689943944
0.042000486716425915
0.04199882698724311
0.041997167716672563
0.04199550890950019
0.041993850570515884
0.04199219270451357
0.041990535316290864
0.04198887841064881
0.04198722199239204
0.04198556606632864
0.04198391063726925
0.04198225571002787
0.041980601289420834
0.041978947380267397
0.041977293987388954
0.0419756411156092
0.04197398876975379
0.0419723369546503
0.041970685675127975
0.04196903493601749
0.04196738474215095
0.041965735098361295
0.04196408600948296
0.04196243748035067
0.041960789515799894
0.0419591421206668
0.04195749529978729
0.041955849057997575
0.041954203400133824
0.04195255833103169
0.04195091385552649
0.041949269978452684
0.041947626704644
0.041945984038933085
0.041944341986151164
0.041942700551128295
0.04194105973869271
0.0419394195536708
0.04193778000088727
0.04193614108516419
0.0419345028113215
0.04193286518417657
0.04193122820854389
0.04192959188923504
0.041927956231058515
0.04192632123881937
0.04192468691731915
0.041923053271355655
0.04192142030572286
0.04191978802521035
0.041918156434603795
0.04191652553868411
0.04191489534222739
0.04191326585000506
0.04191163706678343
0.04191000899732328
0.04190838164638018
0.04190675501870386
0.0419051291190382
0.04190350395212087
0.04190187952268362
0.04190025583545116
0.041898632895142056
0.041897010706467626
0.04189538927413238
0.041893768602833316
0.04189214869726011
0.04189052956209463
0.04188891120201107
0.041887293621675294
0.04188567682574505
0.04188406081886961
0.04188244560568945
0.04188083119083632
0.04187921757893274
0.0418776047745921
0.041875992782418166
0.04187438160700508
0.04187277125293712
0.04187116172478853
0.04186955302712309
0.04186794516449421
0.04186633814144472
0.04186473196250633
0.04186312663219983
0.04186152215503465
0.0418599185355087
0.04185831577810831
0.04185671388730784
0.04185511286756945
0.041853512723343186
0.04185191345906661
0.04185031507916434
0.04184871758804838
0.04184712099011753
0.04184552528975723
0.04184393049133947
0.04184233659922263
0.041840743617751065
0.041839151551255026
0.041837560404050754
0.041835970180439594
0.04183438088470838
0.041832792521129175
0.04183120509395894
0.04182961860743913
0.041828033065795946
0.041826448473239713
0.0418248648339652
0.04182328215215077
0.041821700431958715
0.0418201196775349
0.041818539893008363
0.04181696108249142
0.04181538325007946
0.041813806399850356
0.041812230535864754
0.04181065566216573
0.041809081782778305
0.04180750890170984
0.04180593702294907
0.04180436615046681
0.04180279628821501
0.04180122744012694
0.0417996596101169
0.041798092802080127
0.041796527019892504
0.04179496226741024
0.04179339854847001
0.041791835866888866
0.04179027422646302
0.04178871363096934
0.04178715408416359
0.04178559558978128
0.04178403815153699
0.04178248177312436
0.04178092645821579
0.04177937221046241
0.041777819033493695
0.041776266930917766
0.04177471590632055
0.041773165963265975
0.04177161710529571
0.04177006933592929
0.04176852265866333
0.041766977076971835
0.04176543259430596
0.041763889214093665
0.04176234693973966
0.04176080577462534
0.04175926572210833
0.041757726785522586
0.04175618896817808
0.0417546522733607
0.041753116704332155
0.04175158226432957
0.041750048956565554
0.04174851678422799
0.04174698575047975
0.04174545585845888
0.04174392711127783
0.04174239951202403
0.041740873063759044
0.04173934776951892
0.041737823632313806
0.0417363006551279
0.04173477884091919
0.041733258192619416
0.0417317387131337
0.041730220405340766
0.04172870327209246
0.04172718731621381
0.041725672540502655
0.04172415894772993
0.04172264654063895
0.04172113532194569
0.04171962529433857
0.04171811646047826
0.04171660882299745
0.04171510238450091
0.0417135971475653
0.04171209311473881
0.04171059028854151
0.04170908867146467
0.04170758826597102
0.04170608907449446
0.04170459109944006
0.0417030943431838
0.04170159880807231
0.04170010449642331
0.04169861141052473
0.04169711955263521
0.0416956289249838
0.04169413952976963
0.04169265136916195
0.04169116444530019
0.041689678760293676
0.04168819431622134
0.04168671111513205
0.04168522915904415
0.04168374844994556
0.041682268989793436
0.04168079078051413
0.041679313824003646
0.04167783812212669
0.04167636367671699
0.04167489048957735
0.04167341856247921
0.04167194789716287
0.04167047849533716
0.04166901035867941
0.04166754348883556
0.04166607788741986
0.041664613556014876
0.04166315049617129
0.041661688709407986
0.041660228197212025
0.041658768961038234
0.041657311002309586
0.041655854322416724
0.04165439892271808
0.041652944804539974
0.04165149196917621
0.04165004041788814
0.04164859015190478
0.04164714117242253
0.04164569348060513
0.041644247077583865
0.04164280196445711
0.04164135814229062
0.04163991561211729
0.04163847437493729
0.04163703443171754
0.0416355957833925
0.04163415843086333
0.04163272237499828
0.04163128761663258
0.041629854156568225
0.041628421995574254
0.04162699113438644
0.04162556157370742
0.04162413331420677
0.04162270635652044
0.041621280701251644
0.04161985634896983
0.041618433300211435
0.04161701155547964
0.04161559111524413
0.041614171979941286
0.0416127541499742
0.041611337625712674
0.04160992240749299
0.04160850849561822
0.041607095890358055
0.04160568459194869
0.04160427460059331
0.041602865916461285
0.04160145853968903
0.04160005247037959
0.04159864770860243
0.04159724425439402
0.04159584210775745
0.0415944412686625
0.041593041737045845
0.04159164351281079
0.04159024659582751
0.04158885098593316
0.041587456682931734
0.04158606368659386
0.04158467199665754
0.041583281612827545
0.041581892534775684
0.04158050476214083
0.04157911829452905
0.041577733131513535
0.041576349272634705
0.041574966717400345
0.04157358546528542
0.041572205515732354
0.041570826868151146
0.04156944952191911
0.041568073476381244
0.04156669873085021
0.04156532528460643
0.04156395313689795
0.04156258228694094
0.04156121273391927
0.04155984447698503
0.041558477515258395
0.04155711184782754
0.041555747473749294
0.04155438439204856
0.04155302260171885
0.04155166210172218
0.041550302890989405
0.04154894496841983
0.04154758833288197
0.041546232983213166
0.041544878918219806
0.04154352613667762
0.04154217463733152
0.04154082441889591
0.04153947548005473
0.0415381278194616
0.04153678143574004
0.04153543632748329
0.041534092493254696
0.04153274993158796
0.041531408640986964
0.041530068619926044
0.041528729866850245
0.0415273923801752
0.041526056158287465
0.041524721199544735
0.04152338750227573
0.04152205506478071
0.04152072388533128
0.04151939396217058
0.0415180652935139
0.041516737877548164
0.0415154117124326
0.04151408679629882
0.041512763127250635
0.041511440703364835
0.04151011952269075
0.04150879958325093
0.041507480883041036
0.041506163420030016
0.04150484719216059
0.0415035321973488
0.041502218433485116
0.04150090589843387
0.041499594590033745
0.041498284506098014
0.04149697564441461
0.0414956680027464
0.0414943615788314
0.04149305637038295
0.04149175237509008
0.04149044959061723
0.041489148014605244
0.041487847644671
0.04148654847840778
0.041485250513385426
0.04148395374715076
0.04148265817722785
0.041481363801117825
0.04148007061629956
0.04147877862022956
0.041477487810342564
0.04147619818405146
0.04147490973874784
0.04147362247180163
0.04147233638056239
0.04147105146235847
0.04146976771449781
0.041468485134268325
0.04146720371893782
0.041465923465754256
0.041464644371946496
0.04146336643472382
0.04146208965127674
0.04146081401877725
0.041459539534378725
0.041458266195216566
0.04145699399840831
0.04145572294105388
0.04145445302023599
0.041453184233020156
0.0414519165764555
0.0414506500475744
0.04144938464339321
0.04144812036091235
0.04144685719711679
0.04144559514897609
0.041444334213444824
0.041443074387462954
0.04144181566795605
0.04144055805183543
0.041439301535998806
0.04143804611733023
0.04143679179270076
0.04143553855896833
0.04143428641297848
0.04143303535156457
0.04143178537154772
0.04143053646973763
0.041429288642932646
0.04142804188792007
0.041426796201476566
0.04142555158036834
0.04142430802135163
0.04142306552117304
0.04142182407656951
0.0414205836842692
0.04141934434099131
0.04141810604344673
0.04141686878833828
0.04141563257236096
0.04141439739220236
0.04141316324454293
0.04141193012605652
0.04141069803341043
0.041409466963265765
0.04140823691227825
0.041407007877097717
0.04140577985436933
0.04140455284073341
0.0414033268328258
0.04140210182727824
0.04140087782071903
0.04139965480977284
0.04139843279106158
0.041397211761204325
0.04139599171681776
0.04139477265451684
0.04139355457091463
0.04139233746262312
0.04139112132625332
0.04138990615841559
0.04138869195571993
0.04138747871477691
0.04138626643219708
0.04138505510459213
0.04138384472857462
0.04138263530075895
0.04138142681776117
0.04138021927619967
0.041379012672695364
0.041377807003872044
0.04137660226635682
0.04137539845678045
0.041374195571777656
0.041372993607987484
0.04137179256205363
0.041370592430624825
0.04136939321035522
0.04136819489790464
0.04136699748993905
0.04136580098313078
0.04136460537415897
0.041363410659709964
0.041362216836477304
0.041361023901162586
0.0413598318504756
0.041358640681134484
0.04135745038986626
0.04135626097340724
0.04135507242850326
0.0413538847519099
0.04135269794039309
0.04135151199072927
0.04135032689970585
0.041349142664121506
0.041347959280786196
0.041346776746522054
0.04134559505816343
0.0413444142125573
0.04134323420656331
0.041342055037054556
0.041340876700917704
0.0413396991950532
0.04133852251637574
0.04133734666181456
0.04133617162831375
0.04133499741283266
0.04133382401234601
0.04133265142384451
0.041331479644334736
0.04133030867083998
0.04132913850040009
0.04132796913007217
0.041326800556930464
0.04132563277806711
0.041324465790592076
0.041323299591633604
0.04132213417833856
0.0413209695478728
0.041319805697421
0.04131864262418766
0.041317480325396706
0.041316318798292326
0.04131515804013891
0.041313998048221535
0.04131283881984589
0.04131168035233908
0.04131052264304941
0.04130936568934701
0.04130820948862393
0.04130705403829446
0.0413058993357952
0.0413047453785856
0.04130359216414809
0.04130243968998835
0.041301287953635475
0.04130013695264229
0.04129898668458565
0.041297837147066516
0.04129668833771045
0.04129554025416745
0.04129439289411262
0.0412932462552461
0.041292100335293326
0.041290955132005445
0.04128981064315923
0.04128866686655747
0.04128752380002936
0.04128638144143
0.04128523978864162
0.04128409883957296
0.04128295859215975
0.04128181904436498
0.041280680194178895
0.04127954203961935
0.0412784045787319
0.04127726780958991
0.041276131730294915
0.041274996338976536
0.041273861633792965
0.04127272761293059
0.04127159427460487
0.041270461617059793
0.04126932963856849
0.04126819833743302
0.04126706771198495
0.04126593776058499
0.04126480848162348
0.04126367987352028
0.04126255193472507
0.04126142466371743
0.04126029805900681
0.04125917211913264
0.04125804684266477
0.04125692222820312
0.041255798274377926
0.041254674979849956
0.04125355234331056
0.04125243036348149
0.04125130903911536
0.04125018836899538
0.04124906835193548
0.0412479489867807
0.04124683027240681
0.04124571220772056
0.041244594791659754
0.041243478023193135
0.04124236190132053
0.041241246425073076
0.04124013159351269
0.041239017405732825
0.04123790386085766
0.04123679095804298
0.04123567869647552
0.041234567075373194
0.04123345609398509
0.04123234575159163
0.04123123604750418
0.041230126981065436
0.04122901855164899
0.04122791075865985
0.04122680360153364
0.04122569707973735
0.04122459119276891
0.041223485940157095
0.04122238132146152
0.04122127733627283
0.041220173984212106
0.041219071264931406
0.041217969178113385
0.041216867723471114
0.04121576690074819
0.041214666709718725
0.041213567150186876
0.041212468221987306
0.04121136992498456
0.041210272259073255
0.04120917522417793
0.041208078820252896
0.04120698304728205
0.041205887905279
0.04120479339428657
0.04120369951437698
0.041202606265651705
0.04120151364824099
0.04120042166230414
0.04119933030802906
0.04119823958563221
0.041197149495358645
0.04119606003748145
0.04119497121230194
0.041193883020149195
0.04119279546138009
0.04119170853637911
0.041190622245558015
0.041189536589355806
0.041188451568238346
0.04118736718269861
0.04118628343325579
0.04118520032045557
0.04118411784487003
0.04118303600709692
0.041181954807759914
0.041180874247508194
0.04117979432701616
0.04117871504698342
0.04117763640813431
0.041176558411217895
0.04117548105700748
0.04117440434630048
0.04117332827991839
0.04117225285870624
0.041171178083532316
0.041170103955288126
0.04116903047488809
0.04116795764326901
0.0411668854613903
0.041165813930233296
0.04116474305080102
0.041163672824118196
0.04116260325123057
0.041161534333205005
0.04116046607112891
0.04115939846611004
0.04115833151927636
0.04115726523177549
0.04115619960477456
0.041155134639459925
0.041154070337036636
0.04115300669872859
0.04115194372577776
0.04115088141944402
0.041149819781005084
0.041148758811755774
0.04114769851300803
0.04114663888609051
0.04114557993234801
0.04114452165314161
0.04114346404984794
0.041142407123859026
0.0411413508765819
0.04114029530943844
0.04113924042386475
0.04113818622131099
0.04113713270324113
0.04113607987113222
0.041135027726474635
0.041133976270771234
0.041132925505537196
0.04113187543229981
0.04113082605259769
0.041129777367981166
0.04112872938001102
0.04112768209025897
0.04112663550030677
0.04112558961174606
0.04112454442617797
0.04112349994521284
0.04112245617046973
0.04112141310357623
0.041120370746167915
0.0411193290998882
0.041118288166387566
0.04111724794732378
0.04111620844436119
0.04111516965917031
0.041114131593427736
0.04111309424881537
0.041112057627020505
0.04111102172973516
0.04110998655865582
0.04110895211548309
0.04110791840192131
0.0411068854196782
0.04110585317046447
0.04110482165599345
0.04110379087798084
0.041102760838144126
0.041101731538202575
0.0411007029798764
0.04109967516488695
0.041098648094955746
0.04109762177180459
0.041096596197155146
0.04109557137272828
0.041094547300244075
0.041093523981421326
0.041092501417977004
0.04109147961162627
0.04109045856408175
0.04108943827705344
0.04108841875224839
0.04108739999137011
0.04108638199611833
0.04108536476818878
0.04108434830927267
0.041083332621056595
0.04108231770522166
0.04108130356344396
0.04108029019739343
0.041079277608734054
0.04107826579912332
0.0410772547702118
0.041076244523643064
0.04107523506105327
0.041074226384070704
0.04107321849431538
0.041072211393399206
0.04107120508292513
0.04107019956448713
0.0410691948396698
0.04106819091004785
0.04106718777718618
0.04106618544263945
0.04106518390795158
0.041064183174655544
0.04106318324427312
0.04106218411831473
0.04106118579827872
0.041060188285651465
0.04105919158190703
0.041058195688506806
0.04105720060689911
0.04105620633851892
0.04105521288478808
0.041054220247114276
0.041053228426891325
0.04105223742549872
0.041051247244301155
0.04105025788464872
0.041049269347876324
0.04104828163530347
0.041047294748233945
0.04104630868795586
0.04104532345574111
0.04104433905284522
0.041043355480507186
0.04104237273994893
0.041041390832375756
0.041040409758975244
0.04103942952091776
0.04103845011935572
0.0410374715554237
0.041036493830238
0.04103551694489665
0.04103454090047911
0.04103356569804589
0.04103259133863859
0.041031617823279666
0.041030645152972146
0.04102967332869947
0.04102870235142531
0.04102773222209353
0.04102676294162765
0.041025794510931135
0.04102482693088677
0.04102386020235699
0.04102289432618306
0.041021929303185704
0.04102096513416421
0.041020001819896776
0.04101903936114032
0.04101807775862991
0.04101711701307923
0.04101615712517988
0.04101519809560178
0.041014239924992486
0.04101328261397762
0.04101232616316039
0.04101137057312142
0.04101041584441903
0.041009461977588625
0.0410085089731432
0.041007556831572506
0.04100660555334364
0.041005655138900435
0.041004705588663655
0.041003756903030916
0.04100280908237637
0.041001862127051064
0.041000916037382276
0.04099997081367393
0.04099902645620638
0.040998082965236375
0.040997140340996656
0.04099619858369656
0.04099525769352138
0.04099431767063272
0.04099337851516819
0.04099244022724152
0.040991502806942345
0.04099056625433644
0.0409896305694654
0.04098869575234705
0.04098776180297471
0.04098682872131802
0.0409858965073222
0.0409849651609086
0.040984034681974355
0.04098310507039238
0.0409821763260116
0.040981248448656894
0.04098032143812884
0.04097939529420414
0.04097847001663511
0.040977545605150316
0.04097662205945415
0.040975699379227126
0.040974777564125556
0.04097385661378201
0.040972936527805086
0.040972017305779415
0.040971098947265985
0.0409701814518019
0.0409692648189005
0.04096834904805151
0.04096743413872095
0.04096652009035151
0.04096560690236212
0.04096469457414823
0.04096378310508232
0.040962872494513115
0.04096196274176639
0.040961053846144777
0.04096014580692765
0.04095923862337153
0.040958332294710034
0.040957426820154
0.04095652219889148
0.04095561843008792
0.04095471551288635
0.04095381344640718
0.040952912229748534
0.040952011861986465
0.04095111234217485
0.04095021366934551
0.0409493158425083
0.04094841886065143
0.04094752272274147
0.04094662742772336
0.04094573297452055
0.04094483936203544
0.040943946589148975
0.04094305465472127
0.04094216355759149
0.04094127329657786
0.040940383870478186
0.040939495278069636
0.04093860751810908
0.04093772058933308
0.0409368344904582
0.040935949220180984
0.04093506477717817
0.040934181160107115
0.0409332983676054
0.04093241639829119
0.04093153525076379
0.040930654923603225
0.0409297754153708
0.04092889672460892
0.040928018849841666
0.04092714178957453
0.04092626554229502
0.04092539010647222
0.04092451548055755
0.04092364166298467
0.04092276865216984
0.04092189644651152
0.04092102504439134
0.04092015444417373
0.04091928464420623
0.040918415642819686
0.040917547438328615
0.040916680029030816
0.040915813413208275
0.04091494758912678
0.040914082555036466
0.04091321830917172
0.040912354849751545
0.040911492174979754
0.040910630283044855
0.04090976917212081
0.04090890884036659
0.0409080492859268
0.04090719050693162
0.04090633250149717
0.04090547526772556
0.04090461880370513
0.040903763107510725
0.04090290817720376
Eitim Tamamland
6 numaral adaki hata: %4,582
