1.0
0.11394783307934071
0.11226329046960916
0.11019534543908115
0.10725998221319563
0.10342975206333613
0.09903595245554812
0.0946858163464386
0.0909182704620225
0.08793841673002742
0.08566677647470886
0.08392297670715954
0.08254206659000805
0.08140594597301418
0.08043758528089705
0.07958807869157546
0.07882612124973737
0.07813109975920202
0.0774889028184223
0.07688945435190922
0.07632526842551761
0.07579059258685081
0.0752808876680931
0.07479250093046984
0.07432245207468631
0.07386828685054471
0.07342797258110205
0.07299982077453226
0.0725824280327975
0.0721746298496481
0.07177546381652268
0.07138413987879172
0.07100001596456595
0.0706225777393671
0.07025142152902804
0.06988623965885339
0.06952680761202588
0.06917297253333887
0.06882464270702174
0.06848177772706532
0.06814437915994938
0.06781248157600021
0.06748614389797597
0.06716544108317997
0.06685045621584682
0.06654127313554514
0.06623796975992215
0.0659406122716968
0.06564925032766802
0.06536391341194706
0.0650846084006538
0.06481131833823808
0.06454400235581102
0.0642825965990223
0.06402701598505581
0.06377715658010162
0.06353289838142445
0.0632941082997733
0.0630606431639024
0.06283235260384704
0.06260908170783613
0.06239067338478192
0.06217697039697047
0.0619678170541239
0.06176306057985437
0.061562552175033085
0.06136614781062215
0.06117370878619918
0.06098510209087001
0.06080020060156236
0.06061888315064825
0.0604410344911207
0.06026654518360419
0.06009531142561968
0.05992723483994312
0.05976222223568853
0.05960018535295123
0.05944104059946245
0.059284708785713285
0.059131114863357835
0.05898018767037013
0.05883185968535929
0.05868606679260319
0.05854274805870726
0.0584018455212982
0.05826330398979534
0.05812707085803715
0.05799309592836238
0.05786133124662982
0.05773173094759729
0.05760425111005519
0.05747884962111393
0.057355486049066255
0.05723412152428155
0.057114718627633364
0.056997241286006195
0.05688165467447688
0.056767925124807384
0.05665602003993021
0.05654590781413796
0.05643755775872409
0.05633094003284376
0.056226025579381174
0.05612278606562696
0.056021193828575885
0.05592122182466175
0.05582284358374795
0.05572603316719195
0.055630765129800905
0.055537014485490935
0.05544475667646071
0.055353967545684994
0.055264623312531874
0.05517670055130491
0.055090176172509
0.05500502740664013
0.05492123179029986
0.05483876715443729
0.05475761161452529
0.054677743562483484
0.05459914166016432
0.054521784834228815
0.0544456522722425
0.05437072341983375
0.05429697797876437
0.05422439590577109
0.05415295741204779
0.05408264296324694
0.054013433279889084
0.05394530933807886
0.05387825237043549
0.05381224386715529
0.05374726557713308
0.0536832995090768
0.053620327932559594
0.053558333378960925
0.05349729864225423
0.05343720677960839
0.053378041111774195
0.05331978522323418
0.05326242296209942
0.053205938439741765
0.0531503160301551
0.05309554036904201
0.05304159635262705
0.05298846913620109
0.05293614413240216
0.05288460700924356
0.05283384368789891
0.05278384034025821
0.05273458338626839
0.05268605949107384
0.05263825556197327
0.05259115874520901
0.05254475642260652
0.05249903620808015
0.052453985944023236
0.05240959369759865
0.05236584775694592
0.05232273662732225
0.05228024902719093
0.05223837388427312
0.05219710033157613
0.05215641770341175
0.05211631553141676
0.05207678354058636
0.05203781164533184
0.051999389945571434
0.05196150872286306
0.05192415843658693
0.05188732972018456
0.051851013377460294
0.05181520037895074
0.051779881858366045
0.051745049109107245
0.051710693580862194
0.05167680687628268
0.051643380747744036
0.05161040709418875
0.05157787795805441
0.051545785522286634
0.051514122107435174
0.05148288016883471
0.05145205229386759
0.051421631199307344
0.051391609728742606
0.05136198085007771
0.051332737653110014
0.051303873347179736
0.05127538125889154
0.05124725482990501
0.05121948761479108
0.051192073278952616
0.051165005596605966
0.05113827844882177
0.05111188582162176
0.051085821804129225
0.05106008058677094
0.05103465645952805
0.0510095438102337
0.05098473712291458
0.050960230976175136
0.050936020041621705
0.05091209908232455
0.0508884629513165
0.05086510659012539
0.05084202502733983
0.05081921337720529
0.05079666683825017
0.05077438069193968
0.050752350301356566
0.050730571109906725
0.05070903864004979
0.05068774849205252
0.050666696342763856
0.05064587794441191
0.050625289123420764
0.0506049257792467
0.0505847838832334
0.05056485947748516
0.05054514867375722
0.05052564765236344
0.050506352661099964
0.0504872600141848
0.050468366091212705
0.05044966733612547
0.05043116025619646
0.05041284142102981
0.05039470746157328
0.05037675506914534
0.050358980994475416
0.050341382046757754
0.05032395509271821
0.05030669705569387
0.05028960491472577
0.050272675703664005
0.050255906510285164
0.05023929447542268
0.050222836792108705
0.050206530704728636
0.050190373508187315
0.05017436254708747
0.050158495214919815
0.050142768953264576
0.05012718125100546
0.050111729643554516
0.05009641171208851
0.050081225082797116
0.05006616742614234
0.05005123645612869
0.05003642992958507
0.05002174564545764
0.05000718144411345
0.04999273520665523
0.049978404854246844
0.049964188347449694
0.04995008368556931
0.04993608890601332
0.049922202083658586
0.049908421330230386
0.04989474479369015
0.04988117065763456
0.049867697140704284
0.04985432249600232
0.04984104501052277
0.04982786300458897
0.04981477483130129
0.04980177887599427
0.049788873555703404
0.04977605731864091
0.04976332864368069
0.049750686039852346
0.04973812804584372
0.04972565322951255
0.04971326018740648
0.049700947544291406
0.04968871395268842
0.04967655809241847
0.04966447867015542
0.04965247441898685
0.04964054409798212
0.049628686491768985
0.04961690041011637
0.04960518468752541
0.049593538182826996
0.049581959778786495
0.04957044838171517
0.04955900292108827
0.04954762234916928
0.04953630564064111
0.04952505179224253
0.04951385982241144
0.04950272877093332
0.04949165769859547
0.04948064568684688
0.049469691837463435
0.04945879527221767
0.04944795513255428
0.04943717057927021
0.049426440792198774
0.04941576496989913
0.04940514232934955
0.049394572105644935
0.04938405355169833
0.04937358593794629
0.04936316855205808
0.04935280069864782
0.04934248169899073
0.049332210890742016
0.049321987627659124
0.04931181127932687
0.04930168123088508
0.04929159688275924
0.04928155765039327
0.04927156296398531
0.0492616122682246
0.04925170502203167
0.04924184069829993
0.04923201878363894
0.04922223877812036
0.04921250019502416
0.04920280256058795
0.04919314541375668
0.0491835283059341
0.049173950800736055
0.049164412473743896
0.0491549129122605
0.049145451715066096
0.04913602849217639
0.049126642864600674
0.04911729446410195
0.04910798293295741
0.049098707923719835
0.04908946909898076
0.04908026613113355
0.04907109870213862
0.049061966503288486
0.04905286923497476
0.04904380660645587
0.049034778335625556
0.04902578414878333
0.049016823780405255
0.049007896972916444
0.04899900347646482
0.04899014304869631
0.04898131545453134
0.048972520465943074
0.04896375786173702
0.048955027427332785
0.04894632895454752
0.04893766224138076
0.048929027091802274
0.048920423315541264
0.04891185072787818
0.04890330914943885
0.04889479840599109
0.04888631832824378
0.04887786875164886
0.04886944951620618
0.048861060466270756
0.04885270145036391
0.04884437232098688
0.04883607293443806
0.0488278031506335
0.04881956283293079
0.04881135184795668
0.04880317006543826
0.04879501735803807
0.04878689360119272
0.04877879867295572
0.04877073245384438
0.04876269482669038
0.048754685676494686
0.048746704890287096
0.04873875235698919
0.048730827967282106
0.0487229316134789
0.048715063189400214
0.048707222590255776
0.04869940971252896
0.04869162445386681
0.04868386671297385
0.04867613638951048
0.0486684333839959
0.04866075759771535
0.04865310893263186
0.04864548729130206
0.04863789257679679
0.04863032469262552
0.04862278354266537
0.04861526903109414
0.04860778106232772
0.04860031954096117
0.04859288437171435
0.048585475459381244
0.048578092708783036
0.04857073602472533
0.04856340531195894
0.04855610047514433
0.04854882141881962
0.048541568047372106
0.0485343402650133
0.04852713797575702
0.04851996108340073
0.0485128094915104
0.04850568310340768
0.048498581822160415
0.04849150555057624
0.04848445419119782
0.04847742764630225
0.04847042581790129
0.048463448607745346
0.0484564959173289
0.04844956764789846
0.04844266370046249
0.04843578397580339
0.04842892837449114
0.04842209679689897
0.04841528914322051
0.048408505313488545
0.048401745207595145
0.04839500872531333
0.04838829576631992
0.04838160623021937
0.04837494001656903
0.04836829702490489
0.04836167715476884
0.04835508030573606
0.04834850637744369
0.048341955269619714
0.04833542688211272
0.04832892111492157
0.04832243786822652
0.048315977042419106
0.04830953853813383
0.048303122256279064
0.048296728098067926
0.04829035596505016
0.048284005759142774
0.0482776773826616
0.048271370738351915
0.04826508572941931
0.04825882225956016
0.04825258023299179
0.04824635955448192
0.0482401601293785
0.048233981863638066
0.048227824663854425
0.048221688437286116
0.04821557309188387
0.04820947853631692
0.0482034046799988
0.0481973514331129
0.04819131870663625
0.048185306412363765
0.04817931446293053
0.048173342771834174
0.04816739125345574
0.04816145982308023
0.048155548396915666
0.04814965689211175
0.04814378522677729
0.04813793331999672
0.048132101091845604
0.048126288463405414
0.04812049535677679
0.048114721695092344
0.04810896740252816
0.048103232404313995
0.04809751662674312
0.0480918199971803
0.04808614244406946
0.04808048389693941
0.0480748442864094
0.04806922354419309
0.0480636216031015
0.04805803839704462
0.0480524738610325
0.04804692793117474
0.04804140054467911
0.04803589163984907
0.04803040115607979
0.0480249290338538
0.048019475214734826
0.04801403964136096
0.048008622257436476
0.04800322300772274
0.04799784183802768
0.047992478695194844
0.047987133527090456
0.047981806282590155
0.04797649691156389
0.04797120536486085
0.04796593159429186
0.047960675552612006
0.047955437193501364
0.04795021647154504
0.04794501334221215
0.047939827761833254
0.047934659687577666
0.047929509077428656
0.0479243758901587
0.04791926008530255
0.047914161623130454
0.04790908046461932
0.047904016571423784
0.04789896990584554
0.04789394043080215
0.04788892810979486
0.04788393290687514
0.04787895478661077
0.047873993714050336
0.04786904965468763
0.04786412257442439
0.0478592124395326
0.04785431921661595
0.047849442872569876
0.04784458337454163
0.04783974068988879
0.04783491478613736
0.04783010563093886
0.047825313192027145
0.04782053743717351
0.04781577833414237
0.047811035850645195
0.047806309954294086
0.04780160061255511
0.047796907792700724
0.04779223146176109
0.047787571586476056
0.047782928133245466
0.04777830106807968
0.047773690356549235
0.04776909596373452
0.04776451785417461
0.047759955991815935
0.04775541033996111
0.04775088086121652
0.04774636751744076
0.04774187026969211
0.04773738907817625
0.04773292390219403
0.04772847470008867
0.04772404142919357
0.04771962404578015
0.047715222505004935
0.04771083676085835
0.04770646676611224
0.04770211247226886
0.04769777382950913
0.04769345078664248
0.047689143291056224
0.04768485128866581
0.0476805747238657
0.047676313539480895
0.04767206767671934
0.04766783707512448
0.04766362167252945
0.04765942140501204
0.04765523620685007
0.04765106601047842
0.04764691074644708
0.04764277034338017
0.04763864472793661
0.04763453382477154
0.04763043755649988
0.04762635584366059
0.047622288604683115
0.04761823575585512
0.047614197211291856
0.04761017288290748
0.04760616268038798
0.047602166511165965
0.04759818428039774
0.047594215890941684
0.04759026124333943
0.0475863202357986
0.04758239276417796
0.04757847872197459
0.04757457800031377
0.04757069048794049
0.04756681607121384
0.04756295463410347
0.04755910605818893
0.04755527022266088
0.04755144700432514
0.047547636277609356
0.047543837914571924
0.04754005178491377
0.04753627775599246
0.047532515692838964
0.04752876545817743
0.0475250269124469
0.04752129991382613
0.04751758431826062
0.0475138799794928
0.04751018674909419
0.04750650447650072
0.047502833009049714
0.047499172192020676
0.04749552186867702
0.047491881880311684
0.047488252066294014
0.04748463226411982
0.04748102230946312
0.0474774220362304
0.0474738312766173
0.04747024986116679
0.04746667761882988
0.04746311437702836
0.047459559961719015
0.04745601419745986
0.04745247690747831
0.0474489479137409
0.047445427037023966
0.047441914096986955
0.04743840891224583
0.047434911300448745
0.04743142107835218
0.04742793806189858
0.04742446206629462
0.047420992906090614
0.04741753039526023
0.0474140743472812
0.04741062457521642
0.047407180891795346
0.04740374310949561
0.04740031104062537
0.04739688449740447
0.04739346329204701
0.047390047236842585
0.04738663614423782
0.04738322982691741
0.04737982809788442
0.047376430770540295
0.04737303765876367
0.047369648576989
0.047366263340283536
0.04736288176442384
0.04735950366597084
0.04735612886234356
0.04735275717189216
0.04734938841396847
0.04734602240899613
0.04734265897853849
0.047339297945365115
0.04733593913351622
0.04733258236836581
0.04732922747668253
0.04732587428668883
0.047322522628117744
0.04731917233226825
0.047315823232057796
0.04731247516207341
0.04730912795861985
0.04730578145976629
0.04730243550539005
0.04729908993721831
0.047295744598867956
0.04729239933588192
0.04728905399576461
0.04728570842801368
0.047282362484150194
0.04727901601774607
0.04727566888444927
0.047272320942006424
0.04726897205028329
0.047265622071282584
0.04726227086915962
0.047258918310235584
0.0472555642630082
0.047252208598160726
0.04724885118856772
0.04724549190929956
0.04724213063762389
0.0472387672530054
0.04723540163710329
0.047232033673766306
0.047228663249026394
0.04722529025108961
0.04722191457032545
0.04721853609925402
0.047215154732531454
0.04721177036693345
0.047208382901336804
0.04720499223669962
0.047201598276039314
0.04719820092440958
0.047194800088874944
0.04719139567848473
0.04718798760424485
0.04718457577908846
0.04718116011784529
0.04717774053720948
0.04717431695570649
0.047170889293658494
0.04716745747314874
0.04716402141798508
0.04716058105366202
0.04715713630732264
0.04715368710771823
0.047150233385168716
0.047146775071521124
0.04714331210010774
0.047139844405703575
0.04713637192448339
0.04713289459397757
0.04712941235302825
0.047125925141744365
0.04712243290145644
0.047118935574671575
0.04711543310502713
0.04711192543724462
0.04710841251708381
0.04710489429129597
0.04710137070757725
0.04709784171452196
0.0470943072615759
0.04709076729898953
0.047087221777771075
0.047083670649640225
0.04708011386698086
0.0470765513827955
0.047072983150658144
0.0470694091246687
0.04706582925940713
0.04706224350988755
0.047058651831513296
0.047055054180031544
0.047051450511489123
0.04704784078218794
0.04704422494864115
0.047040602967529814
0.04703697479565979
0.04703334038991929
0.04702969970723662
0.047026052704538766
0.04702239933871016
0.04701873956655253
0.047015073344744335
0.047011400629801796
0.04700772137803984
0.047004035545533895
0.047000343088082305
0.046996643961168975
0.046992938119927274
0.04698922551910409
0.04698550611302457
0.04698177985555773
0.04697804670008246
0.0469743065994544
0.04697055950597345
0.0469668053713516
0.04696304414668212
0.04695927578240878
0.04695550022829591
0.046951717433399584
0.04694792734603905
0.04694412991376869
0.04694032508335124
0.046936512800731404
0.04693269301101005
0.04692886565841918
0.046925030686297976
0.04692118803706893
0.04691733765221518
0.0469134794722581
0.04690961343673622
0.04690573948418412
0.046901857552112715
0.04689796757698969
0.04689406949422107
0.04689016323813328
0.04688624874195578
0.04688232593780476
0.04687839475666741
0.04687445512838673
0.046870506981647235
0.04686655024396143
0.046862584841656674
0.046858610699863266
0.04685462774250271
0.046850635892277066
0.04684663507065911
0.046842625197882674
0.04683860619293421
0.046834577973545094
0.046830540456184254
0.04682649355605195
0.04682243718707398
0.04681837126189689
0.04681429569188381
0.04681021038711089
0.0468061152563647
0.046802010207140546
0.0467978951456408
0.046793769976775
0.046789634604159976
0.0467854889301211
0.046781332855694135
0.046777166280628044
0.046772989103388396
0.04676880122116181
0.04676460252986094
0.04676039292413045
0.04675617229735377
0.04675194054166065
0.046747697547935445
0.04674344320582653
0.04673917740375627
0.04673490002893188
0.04673061096735741
0.04672631010384596
0.046721997322033984
0.046717672504394785
0.04671333553225445
0.04670898628580775
0.04670462464413535
0.04670025048522174
0.04669586368597422
0.046691464122242725
0.0466870516688406
0.04668262619956631
0.0466781875872262
0.046673735703658015
0.04666927041975556
0.046664791605494256
0.04666029912995759
0.04665579286136483
0.04665127266709924
0.04664673841373793
0.04664218996708208
0.04663762719218844
0.046633049953402006
0.04662845811438937
0.04662385153817348
0.04661923008716886
0.04661459362321843
0.046609942007631106
0.046605275101220214
0.04660059276434334
0.04659589485694299
0.04659118123858806
0.0465864517685169
0.04658170630568086
0.04657694470878913
0.046572166836354394
0.04656737254674004
0.046562561698207355
0.046557734148965024
0.04655288975721852
0.046548028381221185
0.04654314987932581
0.04653825411003773
0.046533340932068366
0.04652841020439005
0.04652346178629171
0.04651849553743546
0.04651351131791423
0.04650850898831017
0.04650348840975386
0.04649844944398479
0.046493391953412316
0.04648831580117761
0.04648322085121641
0.046478106968322656
0.04647297401821273
0.04646782186759066
0.04646265038421392
0.046457459436959905
0.04645224889589337
0.04644701863233413
0.04644176851892568
0.0464364984297043
0.04643120824016862
0.04642589782735009
0.046420567069883394
0.04641521584807806
0.04640984404398958
0.04640445154149183
0.046399038226349144
0.04639360398628918
0.04638814871107589
0.04638267229258253
0.046377174624865285
0.046371655604236436
0.046366115129338435
0.04636055310121725
0.04635496942339603
0.04634936400194912
0.04634373674557502
0.04633808756567032
0.0463324163764026
0.046326723094783244
0.04632100764074067
0.04631526993719185
0.04630950991011475
0.046303727488619384
0.04629792260501888
0.04629209519489963
0.046286245197190955
0.046280372554234055
0.046274477211850074
0.04626855911940737
0.046262618229888135
0.04625665449995368
0.04625066789000883
0.04624465836426561
0.04623862589080516
0.046232570441638775
0.0462264919927678
0.04622039052424199
0.04621426602021649
0.04620811846900736
0.04620194786314562
0.04619575419942984
0.04618953747897668
0.04618329770727003
0.04617703489420873
0.04617074905415125
0.046164440205959924
0.046158108373042295
0.04615175358339072
0.04614537586962001
0.04613897526900278
0.046132551823502566
0.04612610557980499
0.046119636589346466
0.0461131449083403
0.046106630597800936
0.04610009372356543
0.04609353435631252
0.046086952571579125
0.046080348449774204
0.046073722076190614
0.04606707354101325
0.046060402939325416
0.046053710371112326
0.046046995941261396
0.046040259759560505
0.046033501940692764
0.04602672260422903
0.046019921874617446
0.04601309988116986
0.04600625675804587
0.045999392644233666
0.045992507683528264
0.04598560202450669
0.045978675820500435
0.04597172922956491
0.04596476241444664
0.04595777554254645
0.04595076878588121
0.045943742321041994
0.04593669632914938
0.04592963099580681
0.04592254651105034
0.04591544306929625
0.045908320869286
0.04590118011402817
0.04589402101073864
0.04588684377077762
0.04587964860958434
0.04587243574660956
0.04586520540524591
0.04585795781275532
0.04585069320019494
0.04584341180234049
0.045836113857607955
0.04582879960797262
0.045821469298887106
0.045814123179196836
0.045806761501054
0.045799384519829935
0.0457919924940259
0.04578458568518218
0.045777164357785935
0.04576972877917795
0.04576227921945748
0.045754815951386564
0.04574733925029355
0.04573984939397446
0.04573234666259509
0.045724831338590816
0.045717303706567056
0.04570976405319846
0.04570221266712742
0.04569464983886284
0.04568707586067829
0.045679491026510026
0.04567189563185456
0.04566428997366701
0.045656674350258684
0.045649049061195386
0.04564141440719582
0.045633770690030294
0.045626118212419804
0.04561845727793594
0.04561078819090074
0.045603111256288104
0.04559542677962501
0.04558773506689439
0.04558003642443823
0.045572331158861876
0.04556461957693945
0.04555690198552026
0.04554917869143617
0.04554145000141047
0.04553371622196797
0.045525977659345754
0.04551823461940611
0.04551048740755077
0.045502736328635475
0.045494981686887655
0.045487223785824364
0.04547946292817201
0.04547169941578825
0.045463933549584425
0.045456165629450575
0.0454483959541816
0.04544062482140485
0.04543285252750993
0.04542507936757981
0.04541730563532362
0.04540953162301133
0.045401757621409945
0.04539398391972132
0.045386210805522006
0.045378438564704464
0.045370667481420004
0.04536289783802373
0.04535512991502065
0.04534736399101382
0.04533960034265428
0.04533183924459203
0.04532408096942929
0.04531632578767517
0.045308573967701674
0.045300825775701575
0.045293081475648096
0.04528534132925548
0.04527760559594167
0.04526987453279237
0.04526214839452653
0.04525442743346312
0.04524671189948997
0.04523900204003339
0.04523129810002947
0.04522360032189692
0.045215908945510995
0.04520822420817913
0.045200546344617294
0.04519287558692861
0.0451852121645821
0.045177556304393754
0.04516990823050812
0.04516226816438135
0.04515463632476565
0.04514701292769461
0.04513939818646953
0.045131792311647725
0.045124195511030626
0.04511660798965442
0.045109029949780374
0.0451014615908874
0.04509390310966485
0.04508635470000659
0.04507881655300605
0.04507128885695242
0.04506377179732755
0.04505626555680385
0.04504877031524295
0.0450412862496958
0.04503381353440306
0.04502635234079642
0.0450189028375011
0.045011465190339085
0.0450040395623327
0.044996626113709685
0.044989225001908224
0.04498183638158377
0.04497446040461562
0.04496709722011469
0.044959746974431856
0.044952409811167306
0.04494508587117986
0.044937775292597695
0.04493047821082929
0.044923194758574966
0.04491592506583927
0.04490866925994378
0.04490142746554043
0.04489419980462558
0.04488698639655434
0.04487978735805581
0.04487260280324834
0.04486543284365569
0.0448582775882235
0.04485113714333614
0.044844011612833974
0.04483690109803141
0.04482980569773479
0.04482272550826116
0.044815660623457175
0.04480861113471837
0.044801577131008796
0.04479455869888108
0.044787555922496614
0.04478056888364631
0.04477359766177104
0.04476664233398345
0.04475970297508875
0.04475277965760653
0.04474587245179271
0.04473898142566143
0.04473210664500744
0.04472524817342833
0.04471840607234735
0.04471158040103588
0.044704771216636636
0.04469797857418638
0.04469120252663914
0.044684443124889575
0.044677700417795924
0.044670974452203735
0.044664265272969246
0.04465757292298265
0.04465089744319191
0.04464423887262612
0.04463759724841923
0.044630972605833506
0.04462436497828333
0.044617774397358485
0.0446112008928479
0.04460464449276326
0.04459810522336231
0.044591583109172335
0.044585078173013576
0.04457859043602263
0.044572119917675464
0.044565666635810935
0.044559230606653545
0.0445528118448365
0.0445464103634247
0.04454002617393761
0.04453365928637168
0.044527309709222855
0.04452097744950942
0.04451466251279397
0.044508364903205644
0.0445020846234621
0.04449582167489159
0.04448957605745443
0.04448334776976501
0.04447713680911283
0.044470943171483944
0.04446476685158207
0.0444586078428498
0.0444524661374889
0.044446341726481584
0.04444023459961025
0.04443414474547855
0.04442807215153098
0.04442201680407306
0.04441597868829097
0.044409957788271406
0.04440395408702081
0.044397967566484654
0.04439199820756648
0.04438604599014716
0.044380110893102925
0.04437419289432451
0.04436829197073524
0.04436240809830942
0.04435654125208992
0.04435069140620645
0.044344858533893125
0.04433904260750557
0.04433324359853868
0.04432746147764345
0.04432169621464401
0.04431594777855422
0.04431021613759472
0.04430450125920869
0.04429880311007855
0.0442931216561419
0.04428745686260737
0.044281808693970394
0.04427617711402872
0.04427056208589788
0.04426496357202626
0.04425938153421035
0.044253815933609386
0.044248266730760315
0.04424273388559227
0.04423721735744074
0.04423171710506228
0.044226233086648116
0.044220765259838396
0.04421531358173579
0.04420987800891907
0.044204458497456696
0.044199055002920026
0.04419366748039638
0.04418829588450228
0.04418294016939609
0.044177600288790725
0.04417227619596623
0.04416696784378215
0.044161675184689934
0.04415639817074484
0.044151136753617905
0.04414589088460792
0.044140660514653145
0.044135445594342335
0.04413024607392689
0.044125061903331604
0.044119893032165826
0.044114739409734725
0.04410960098504975
0.04410447770683953
0.04409936952356043
0.0440942763834071
0.04408919823432254
0.04408413502400835
0.04407908669993485
0.044074053209350934
0.044069034499293835
0.04406403051659865
0.04405904120790809
0.04405406651968167
0.044049106398205085
0.04404416078959905
0.04403922963982885
0.044034312894712754
0.04402941049993061
0.04402452240103316
0.044019648543449884
0.04401478887249765
0.04400994333338882
0.04400511187123957
0.04400029443107779
0.043995490957850915
0.043990701396433664
0.04398592569163579
0.04398116378820961
0.0439764156308572
0.04397168116423786
0.04396696033297528
0.04396225308166444
0.0439575593548786
0.043952879097176205
0.04394821225310744
0.043943558767220836
0.043938918584069786
0.043934291648218826
0.04392967790424989
0.04392507729676854
0.04392048977040972
0.04391591526984384
0.04391135373978262
0.043906805124984565
0.04390226937026055
0.043897746420479535
0.04389323622057357
0.04388873871554333
0.043884253850462976
0.043879781570485304
0.043875321820846844
0.04387087454687219
0.04386643969397933
0.04386201720768366
0.04385760703360304
0.04385320911746167
0.043848823405094786
0.04384444984245275
0.0438400883756049
0.04383573895074402
0.043831401514189856
0.0438270760123931
0.043822762391939
0.04381846059955107
0.04381417058209464
0.04380989228658013
0.04380562566016656
0.04380137065016467
0.04379712720404
0.0437928952694163
0.04378867479407812
0.04378446572597387
0.04378026801321854
0.043776081604096566
0.04377190644706431
0.0437677424907527
0.04376358968396955
0.04375944797570209
0.043755317315119176
0.04375119765157355
0.04374708893460385
0.043742991113937084
0.043738904139489915
0.04373482796137121
0.04373076252988346
0.04372670779552482
0.0437226637089905
0.0437186302211746
0.04371460728317166
0.043710594846277824
0.04370659286199266
0.04370260128202025
0.0436986200582704
0.04369464914285989
0.04369068848811383
0.04368673804656628
0.0436827977709616
0.043678867614255414
0.04367494752961521
0.04367103747042133
0.04366713739026774
0.0436632472429627
0.04365936698252949
0.04365549656320674
0.043651635939449325
0.0436477850659285
0.04364394389753265
0.04364011238936736
0.0436362904967559
0.04363247817523951
0.043628675380577533
0.04362488206874774
0.04362109819594612
0.043617323718587425
0.0436135585933049
0.043609802776950264
0.04360605622659373
0.04360231889952406
0.04359859075324806
0.04359487174549076
0.04359116183419497
0.043587460977521156
0.04358376913384701
0.04358008626176721
0.04357641232009307
0.04357274726785194
0.04356909106428706
0.04356544366885688
0.04356180504123453
0.04355817514130745
0.04355455392917657
0.043550941365156075
0.043547337409772305
0.04354374202376345
0.043540155168078694
0.04353657680387762
0.04353300689252923
0.043529445395611446
0.043525892274910105
0.043522347492418366
0.043518811010335556
0.043515282791066486
0.04351176279722062
0.043508250991610986
0.04350474733725339
0.04350125179736538
0.04349776433536531
0.04349428491487129
0.04349081349970029
0.043487350053866905
0.0434838945415825
0.04348044692725416
0.04347700717548336
0.04347357525106527
0.043470151118987194
0.043466734744427755
0.04346332609275566
0.043459925129528586
0.04345653182049194
0.04345314613157785
0.04344976802890366
0.04344639747877111
0.043443034447664855
0.043439678902251325
0.04343633080937764
0.04343299013607013
0.04342965684953323
0.04342633091714828
0.04342301230647212
0.04341970098523592
0.04341639692134385
0.04341310008287181
0.04340981043806627
0.04340652795534276
0.04340325260328483
0.043399984350642413
0.043396723166330906
0.0433934690194295
0.043390221879180166
0.043386981714986124
0.04338374849641074
0.04338052219317589
0.043377302775161
0.043374090212401475
0.04337088447508742
0.043367685533562475
0.04336449335832216
0.04336130792001297
0.043358129189430515
0.04335495713751891
0.043351791735368676
0.043348632954216024
0.043345480765441126
0.04334233514056711
0.04333919605125844
0.043336063469319695
0.04333293736669457
0.043329817715463986
0.04332670448784525
0.04332359765619052
0.043320497192985606
0.0433174030708485
0.04331431526252817
0.04331123374090355
0.04330815847898167
0.04330508944989677
0.04330202662690914
0.04329896998340323
0.04329591949288708
0.04329287512899066
0.043289836865464545
0.043286804676178924
0.043283778535122296
0.043280758416399945
0.04327774429423299
0.043274736142956974
0.04327173393702084
0.04326873765098545
0.04326574725952252
0.043262762737413314
0.04325978405954759
0.04325681120092229
0.04325384413664011
0.04325088284190893
0.04324792729204005
0.04324497746244714
0.04324203332864532
0.0432390948662498
0.043236162050974754
0.043233234858632064
0.04323031326513055
0.04322739724647434
0.043224486778762124
0.04322158183818594
0.04321868240102985
0.04321578844366934
0.04321289994256954
0.043210016874284864
0.04320713921545737
0.04320426694281601
0.04320140003317535
0.043198538463434695
0.043195682210577166
0.04319283125166813
0.043189985563854845
0.043187145124364903
0.043184309910505585
0.04318147989966266
0.04317865506929935
0.04317583539695567
0.04317302086024697
0.04317021143686344
0.04316740710456877
0.04316460784119951
0.04316181362466382
0.04315902443294073
0.043156240244079366
0.04315346103619762
0.04315068678748154
0.04314791747618445
0.04314515308062593
0.043142393579191016
0.043139638950329254
0.04313688917255383
0.04313414422444088
0.04313140408462858
0.043128668731816144
0.04312593814476314
0.043123212302288605
0.04312049118327055
0.04311777476664446
0.043115063031403424
0.043112355956596585
0.04310965352132852
0.043106955704758955
0.0431042624861015
0.04310157384462292
0.04309888975964289
0.043096210210532504
0.04309353517671445
0.04309086463766136
0.04308819857289592
0.04308553696198966
0.0430828797845625
0.043080227020282046
0.043077578648862795
0.04307493465006575
0.043072295003697546
0.04306965968960979
0.0430670286876986
0.0430644019779039
0.04306177954020883
0.04305916135463902
0.04305654740126226
0.04305393766018772
0.043051332111565276
0.043048730735585225
0.04304613351247746
0.04304354042251126
0.043040951445994374
0.0430383665632726
0.043035785754729376
0.04303320900078522
0.04303063628189726
0.04302806757855863
0.04302550287129789
0.04302294214067901
0.043020385367300205
0.04301783253179431
0.04301528361482737
0.043012738597099004
0.04301019745934169
0.043007660182320134
0.043005126746831095
0.043002597133702955
0.04300007132379515
0.04299754929799805
0.04299503103723237
0.042992516522448676
0.04299000573462746
0.04298749865477831
0.042984995263939854
0.04298249554317926
0.04297999947359201
0.04297750703630148
0.04297501821245869
0.04297253298324199
0.04297005132985678
0.04296757323353511
0.04296509867553547
0.04296262763714254
0.04296016009966696
0.042957696044444944
0.042955235452838005
0.04295277830623303
0.04295032458604151
0.042947874273699886
0.04294542735066889
0.04294298379843369
0.0429405435985032
0.04293810673241061
0.04293567318171243
0.042933242927988724
0.04293081595284304
0.04292839223790193
0.04292597176481501
0.04292355451525478
0.0429211404709164
0.04291872961351758
0.0429163219247986
0.04291391738652203
0.04291151598047284
0.04290911768845787
0.04290672249230606
0.04290433037386857
0.04290194131501814
0.042899555297649536
0.04289717230367926
0.04289479231504532
0.0428924153137076
0.04289004128164773
0.04288767020086842
0.04288530205339444
0.04288293682127192
0.04288057448656847
0.042878215031373346
0.04287585843779732
0.04287350468797272
0.04287115376405341
0.04286880564821487
0.04286646032265424
0.04286411776959042
0.042861777971263886
0.04285944090993712
0.04285710656789421
0.04285477492744132
0.04285244597090661
0.042850119680640224
0.04284779603901476
0.04284547502842479
0.04284315663128732
0.04284084083004209
0.042838527607151296
0.04283621694509978
0.04283390882639548
0.042831603233569215
0.04282930014917516
0.042826999555790515
0.04282470143601618
0.04282240577247684
0.04282011254782062
0.04281782174472003
0.04281553334587161
0.042813247333996295
0.042810963691839655
0.042808682402172095
0.042806403447788945
0.04280412681151094
0.04280185247618402
0.0427995804246801
0.04279731063989688
0.042795043104758256
0.042792777802214625
0.04279051471524292
0.042788253826847325
0.042785995120058935
0.04278373857793654
0.04278148418356665
0.04277923192006393
0.042776981770571265
0.042774733718260446
0.042772487746332
0.04277024383801586
0.042768001976571504
0.04276576214528847
0.04276352432748645
0.042761288506515734
0.04275905466575751
0.04275682278862441
0.042754592858560585
0.04275236485904194
0.042750138773577265
0.0427479145857076
0.0427456922790072
0.042743471837083935
0.042741253243579275
0.042739036482169174
0.04273682153656405
0.042734608390509375
0.042732397027786084
0.042730187432210874
0.042727979587636834
0.042725773477953595
0.042723569087087826
0.04272136639900396
0.04271916539770402
0.042716966067228725
0.04271476839165732
0.0427125723551086
0.04271037794174088
0.042708185135752655
0.04270599392138315
0.042703804282912455
0.042701616204662424
0.04269942967099682
0.04269724466632179
0.04269506117508667
0.04269287918178407
0.042690698670950454
0.04268851962716687
0.042686342035059166
0.042684165879298595
0.04268199114460226
0.042679817815733684
0.04267764587750325
0.042675475314768785
0.042673306112435916
0.04267113825545892
0.042668971728840606
0.042666806517633646
0.04266464260694032
0.042662479981913685
0.0426603186277576
0.042658158529727576
0.04265599967313111
0.0426538420433284
0.04265168562573264
0.04264953040581085
0.04264737636908408
0.04264522350112827
0.042643071787574455
0.04264092121410978
0.0426387717664775
0.04263662343047781
0.042634476191968515
0.04263233003686522
0.042630184951142236
0.04262804092083289
0.04262589793203024
0.042623755970887404
0.04262161502361833
0.042619475076498346
0.04261733611586449
0.04261519812811628
0.04261306109971614
0.042610925017189986
0.042608789867127926
0.04260665563618456
0.0426045223110796
0.04260238987859866
0.04260025832559335
0.04259812763898232
0.04259599780575149
0.042593868812954704
0.04259174064771416
0.042589613297221246
0.042587486748736636
0.04258536098959147
0.042583236007187074
0.042581111788996096
0.042578988322563155
0.04257686559550477
0.04257474359551032
0.04257262231034259
0.04257050172783796
0.0425683818359075
0.042566262622536946
0.04256414407578739
0.042562026183796085
0.042559908934776465
0.04255779231701907
0.04255567631889181
0.042553560928840634
0.0425514461353899
0.04254933192714303
0.04254721829278273
0.04254510522107178
0.04254299270085351
0.04254088072105188
0.04253876927067241
0.04253665833880265
0.0425345479146123
0.042532437987353795
0.04253032854636306
0.04252821958105963
0.04252611108094722
0.04252400303561421
0.042521895434733926
0.042519788268065455
0.04251768152545352
0.04251557519682927
0.04251346927221073
0.04251136374170298
0.04250925859549881
0.04250715382387881
0.0425050494172122
0.04250294536595669
0.042500841660659365
0.04249873829195671
0.04249663525057504
0.04249453252733104
0.04249243011313198
0.042490327998975994
0.042488226175952555
0.04248612463524278
0.04248402336811953
0.04248192236594824
0.0424798216201866
0.042477721122385466
0.042475620864188504
0.042473520837333106
0.04247142103365025
0.04246932144506489
0.0424672220635963
0.042465122881358244
0.04246302389055915
0.04246092508350248
0.042458826452586924
0.0424567279903065
0.04245462968925095
0.04245253154210575
0.04245043354165258
0.042448335680769125
0.042446237952429446
0.04244414034970434
0.04244204286576101
0.04243994549386371
0.04243784822737361
0.04243575105974896
0.04243365398454517
0.04243155699541502
0.042429460086108726
0.04242736325047395
0.04242526648245593
0.04242316977609758
0.04242107312553944
0.04241897652501987
0.042416879968875006
0.04241478345153875
0.04241268696754289
0.0424105905115169
0.042408494078188315
0.04240639766238216
0.04240430125902158
0.042402204863127235
0.04240010846981769
0.04239801207430893
0.04239591567191466
0.04239381925804609
0.04239172282821192
0.04238962637801796
0.042387529903167444
0.0423854333994606
0.04238333686279466
0.04238124028916374
0.04237914367465858
0.04237704701546642
0.04237495030787094
0.042372853548251856
0.04237075673308505
0.04236865985894212
0.04236656292249012
0.042364465920491624
0.04236236884980434
0.042360271707380645
0.0423581744902677
0.042356077195607134
0.042353979820634456
0.042351882362679116
0.04234978481916411
0.04234768718760558
0.042345589465612586
0.042343491650886855
0.04234139374122229
0.04233929573450481
0.042337197628711846
0.042335099421912076
0.0423330011122649
0.04233090269802039
0.042328804177518484
0.04232670554918898
0.04232460681155092
0.042322507963212165
0.04232040900286903
0.04231830992930578
0.042316210741394376
0.04231411143809387
0.04231201201844986
0.04230991248159427
0.042307812826744784
0.042305713053204186
0.04230361316036006
0.04230151314768436
0.04229941301473254
0.042297312761143596
0.04229521238663903
0.04229311189102253
0.04229101127417962
0.04228891053607665
0.04228680967676074
0.04228470869635897
0.04228260759507778
0.04228050637320247
0.04227840503109691
0.042276303569202214
0.04227420198803692
0.04227210028819609
0.042269998470350484
0.042267896535246485
0.0422657944837049
0.0422636923166207
0.04226159003496243
0.04225948763977137
0.042257385132160895
0.042255282513316186
0.04225317978449306
0.04225107694701783
0.04224897400228622
0.04224687095176312
0.04224476779698154
0.04224266453954219
0.04224056118111279
0.042238457723427145
0.042236354168285035
0.0422342505175509
0.042232146773153394
0.042230042937084995
0.042227939011400845
0.04222583499821834
0.04222373089971648
0.0422216267181348
0.042219522455773255
0.042217418114991
0.04221531369820601
0.04221320920789407
0.04221110464658852
0.042209000016879133
0.042206895321411676
0.042204790562886944
0.04220268574406025
0.042200580867740756
0.042198475936790616
0.042196370954124235
0.04219426592270785
0.04219216084555832
0.04219005572574298
0.042187950566378495
0.04218584537063036
0.04218374014171219
0.042181634882884886
0.04217952959745601
0.042177424288779124
0.04217531896025296
0.04217321361532081
0.04217110825746983
0.042169002890230275
0.04216689751717476
0.042164792141917797
0.04216268676811469
0.04216058139946126
0.04215847603969287
0.0421563706925839
0.042154265361947
0.04215216005163219
0.042150054765526634
0.042147949507553586
0.04214584428167185
0.04214373909187507
0.0421416339421911
0.04213952883668126
0.04213742377943976
0.04213531877459306
0.04213321382629901
0.04213110893874642
0.04212900411615432
0.04212689936277138
0.042124794682874986
0.04212269008077112
0.042120585560793254
0.04211848112730186
0.04211637678468393
0.042114272537352136
0.0421121683897444
0.042110064346323244
0.04210796041157499
0.0421058565900094
0.042103752886158946
0.042101649304578395
0.04209954584984383
0.04209744252655252
0.04209533933932212
0.04209323629278994
0.04209113339161288
0.04208903064046624
0.042086928044043535
0.04208482560705611
0.04208272333423211
0.04208062123031618
0.04207851930006916
0.042076417548267145
0.042074315979701266
0.04207221459917693
0.04207011341151362
0.042068012421544045
0.04206591163411398
0.04206381105408142
0.042061710686316395
0.04205961053570029
0.04205751060712543
0.042055410905494764
0.04205331143572105
0.04205121220272678
0.04204911321144334
0.04204701446681108
0.042044915973778345
0.042042817737301334
0.04204071976234356
0.0420386220538755
0.04203652461687426
0.04203442745632289
0.04203233057721016
0.04203023398453036
0.04202813768328249
0.04202604167847017
0.04202394597510108
0.0420218505781869
0.042019755492742505
0.04201766072378597
0.04201556627633808
0.042013472155421824
0.04201137836606235
0.04200928491328655
0.04200719180212245
0.042005099037599275
0.04200300662474696
0.042000914568595726
0.04199882287417599
0.04199673154651792
0.041994640590651146
0.041992550011604686
0.04199045981440623
0.04198837000408227
0.04198628058565778
0.04198419156415563
0.04198210294459677
0.04198001473199954
0.04197792693137991
0.04197583954775072
0.04197375258612182
0.041971666051499726
0.041969579948887344
0.041967494283283904
0.04196540905968442
0.041963324283079924
0.041961239958456804
0.041959156090797076
0.04195707268507794
0.041954989746271314
0.041952907279344295
0.0419508252892585
0.04194874378097
0.04194666275942922
0.041944582229580786
0.04194250219636325
0.04194042266470912
0.04193834363954439
0.04193626512578903
0.04193418712835591
0.04193210965215159
0.041930032702075716
0.041927956283020866
0.041925880399872675
0.04192380505750959
0.0419217302608027
0.04191965601461566
0.04191758232380482
0.04191550919321877
0.04191343662769845
0.04191136463207708
0.04190929321117996
0.04190722236982458
0.041905152112820254
0.04190308244496842
0.04190101337106216
0.041898944895886615
0.041896877024218404
0.04189480976082602
0.041892743110469366
0.04189067707790023
0.041888611667861675
0.04188654688508842
0.04188448273430664
0.04188241922023381
0.0418803563475789
0.04187829412104224
0.04187623254531557
0.04187417162508181
0.04187211136501527
0.04187005176978166
0.04186799284403773
0.04186593459243177
0.041863877019603014
0.04186182013018239
0.04185976392879166
0.04185770842004426
0.04185565360854455
0.04185359949888837
0.041851546095662794
0.041849493403446146
0.041847441426808234
0.04184539017031006
0.041843339638504055
0.04184128983593399
0.04183924076713503
0.0418371924366339
0.04183514484894852
0.0418330980085886
0.041831051920055116
0.041829006587841
0.041826962016430214
0.04182491821029876
0.04182287517391416
0.04182083291173583
0.041818791428214576
0.04181675072779339
0.041814710814906834
0.04181267169398166
0.04181063336943617
0.04180859584568103
0.04180655912711866
0.04180452321814383
0.04180248812314324
0.04180045384649593
0.04179842039257316
0.041796387765738456
0.04179435597034781
0.04179232501074961
0.04179029489128464
0.04178826561628641
0.04178623719008088
0.04178420961698676
0.04178218290131555
0.04178015704737135
0.0417781320594513
0.04177610794184532
0.041774084698836526
0.0417720623347008
0.04177004085370737
0.04176802026011845
0.04176600055818957
0.04176398175216961
0.04176196384630068
0.04175994684481855
0.04175793075195217
0.041755915571924276
0.041753901308951076
0.04175188796724262
0.04174987555100254
0.04174786406442823
0.04174585351171112
0.04174384389703657
0.04174183522458374
0.041739827498525985
0.041737820723030644
0.04173581490225947
0.04173381004036806
0.041731806141506504
0.04172980320981925
0.04172780124944507
0.04172580026451727
0.04172380025916349
0.04172180123750603
0.041719803203661775
0.04171780616174222
0.041715810115853645
0.0417138150700969
0.04171182102856782
0.04170982799535694
0.04170783597454981
0.041705844970226766
0.04170385498646308
0.041701866027329296
0.0416998780968906
0.041697891199207596
0.04169590533833586
0.041693920518325954
0.04169193674322395
0.0416899540170708
0.04168797234390285
0.04168599172775168
0.04168401217264418
0.04168203368260241
0.041680056261643894
0.041678079913781425
0.04167610464302318
0.04167413045337266
0.041672157348828766
0.041670185333385804
0.04166821441103343
0.04166624458575679
0.04166427586153636
0.04166230824234801
0.04166034173216308
0.04165837633494826
0.04165641205466567
0.041654448895272776
0.04165248686072245
0.041650525954962936
0.04164856618193779
0.041646607545585926
0.04164465004984148
0.04164269369863405
0.04164073849588839
0.04163878444552437
0.04163683155145747
0.041634879817597815
0.04163292924785095
0.0416309798461175
0.04162903161629315
0.041627084562268546
0.04162513868792929
0.04162319399715601
0.04162125049382418
0.041619308181803864
0.04161736706496025
0.04161542714715296
0.04161348843223632
0.04161155092405932
0.0416096146264653
0.04160767954329222
0.041605745678372226
0.04160381303553191
0.041601881618591866
0.04159995143136719
0.0415980224776666
0.04159609476129309
0.041594168286043426
0.041592243055708175
0.04159031907407155
0.04158839634491145
0.041586474871999166
0.04158455465909943
0.041582635709970506
0.041580718028363425
0.04157880161802255
0.04157688648268523
0.04157497262608165
0.04157306005193466
0.041571148763959793
0.041569238765865095
0.041567330061351056
0.04156542265411016
0.04156351654782738
0.04156161174617948
0.04155970825283515
0.04155780607145479
0.041555905205690316
0.04155400565918534
0.04155210743557451
0.04155021053848377
0.04154831497153019
0.04154642073832158
0.041544527842456484
0.04154263628752411
0.041540746077104125
0.041538857214766356
0.04153696970407074
0.04153508354856728
0.041533198751795716
0.041531315317285405
0.04152943324855535
0.04152755254911355
0.041525673222457433
0.041523795272073186
0.041521918701435935
0.041520043514009355
0.04151816971324578
0.04151629730258554
0.04151442628545722
0.04151255666527735
0.04151068844545032
0.0415088216293678
0.041506956220409105
0.041505092221940744
0.04150322963731625
0.041501368469876
0.04149950872294699
0.04149765039984282
0.04149579350386327
0.04149393803829442
0.041492084006408046
0.04149023141146188
0.04148838025669914
0.04148653054534848
0.04148468228062354
0.041482835465723185
0.04148099010383107
0.04147914619811539
0.04147730375172884
0.041475462767808356
0.04147362324947486
0.04147178519983327
0.04146994862197214
0.041468113518963595
0.04146627989386289
0.04146444774970858
0.04146261708952212
0.04146078791630769
0.04145896023305208
0.04145713404272442
0.04145530934827617
0.04145348615264058
0.041451664458732884
0.04144984426945009
0.04144802558767039
0.04144620841625356
0.04144439275804029
0.04144257861585234
0.04144076599249212
0.041438954890742744
0.041437145313367604
0.0414353372631105
0.04143353074269514
0.041431725754825274
0.04142992230218426
0.041428120387435104
0.04142632001322021
0.04142452118216128
0.041422723896858846
0.04142092815989259
0.04141913397382087
0.04141734134118074
0.04141555026448749
0.04141376074623488
0.04141197278889485
0.0414101863949171
0.041408401566729404
0.041406618306737177
0.04140483661732326
0.04140305650084824
0.0414012779596496
0.041399500996042275
0.04139772561231803
0.04139595181074555
0.0413941795935703
0.04139240896301449
0.04139063992127671
0.041388872470531836
0.041387106612931115
0.04138534235060209
0.04138357968564821
0.04138181862014876
0.041380059156158944
0.04137830129570973
0.041376545040807566
0.04137479039343457
0.04137303735554819
0.04137128592908114
0.04136953611594142
0.04136778791801227
0.041366041337151854
0.04136429637519326
0.04136255303394468
0.04136081131518888
0.04135907122068355
0.041357332752161
0.041355595911328
0.041353860699866116
0.04135212711943125
0.041350395171653634
0.04134866485813798
0.04134693618046324
0.04134520914018272
0.041343483738823746
0.041341759977887985
0.04134003785885111
0.04133831738316297
0.041336598552247264
0.041334881367501984
0.04133316583029885
0.041331451941983725
0.04132973970387629
0.04132802911727
0.041326320183432595
0.041324612903605305
0.04132290727900336
0.04132120331081593
0.04131950100020585
0.041317800348310035
0.041316101356238914
0.04131440402507698
0.04131270835588269
0.04131101434968804
0.04130932200749899
0.041307631330295566
0.04130594231903152
0.04130425497463452
0.041302569298006235
0.04130088529002217
0.0412992029515319
0.04129752228335903
0.041295843286301176
0.04129416596112995
0.04129249030859128
0.04129081632940505
0.041289144024265416
0.04128747339384076
0.041285804438773756
0.04128413715968135
0.041282471557155025
0.0412808076317605
0.04127914538403816
0.04127748481450294
0.04127582592364417
0.04127416871192611
0.04127251317978767
0.04127085932764252
0.04126920715587928
0.04126755666486139
0.04126590785492754
0.04126426072639124
0.041262615279541455
0.041260971514642135
0.04125932943193273
0.041257689031628075
0.04125605031391848
0.041254413278969865
0.04125277792692378
0.04125114425789761
0.04124951227198456
0.04124788196925385
0.04124625334975057
0.04124462641349608
0.04124300116048811
0.04124137759070042
0.041239755704083426
0.041238135500564016
0.04123651698004574
0.0412349001424089
0.04123328498751062
0.04123167151518515
0.04123005972524351
0.04122844961747418
0.04122684119164283
0.04122523444749244
0.041223629384743644
0.0412220260030947
0.04122042430222148
0.041218824281777915
0.04121722594139585
0.04121562928068519
0.04121403429923395
0.0412124409966087
0.041210849372354384
0.041209259425994495
0.041207671157031195
0.041206084564945546
0.0412044996491976
0.04120291640922638
0.04120133484445009
0.04119975495426637
0.04119817673805223
0.04119660019516428
0.04119502532493888
0.04119345212669196
0.041191880599719795
0.04119031074329842
0.041188742556684296
0.04118717603911403
0.04118561118980499
0.04118404800795472
0.041182486492741886
0.04118092664332573
0.04117936845884671
0.04117781193842618
0.041176257081166866
0.041174703886152866
0.041173152352449706
0.04117160247910457
0.041170054265146507
0.0411685077095864
0.04116696281141704
0.04116541956961345
0.041163877983133035
0.04116233805091549
0.041160799771883055
0.04115926314494072
0.041157728168976226
0.041156194842860296
0.041154663165446526
0.04115313313557198
0.041151604752056835
0.04115007801370473
0.04114855291930296
0.041147029467622526
0.04114550765741811
0.04114398748742847
0.041142468956376375
0.04114095206296897
0.04113943680589746
0.04113792318383767
0.04113641119545003
0.041134900839379575
0.0411333921142563
0.04113188501869499
0.04113037955129562
0.04112887571064343
0.041127373495308726
0.041125872903847574
0.04112437393480132
0.04112287658669721
0.04112138085804829
0.04111988674735329
0.04111839425309731
0.04111690337375146
0.04111541410777297
0.04111392645360572
0.041112440409680075
0.04111095597441291
0.04110947314620794
0.04110799192345574
0.04110651230453382
0.04110503428780679
0.041103557871626596
0.04110208305433211
0.041100609834250276
0.04109913820969491
0.04109766817896797
0.041096199740358975
0.04109473289214531
0.04109326763259238
0.041091803959953654
0.04109034187247085
0.041088881368373936
0.04108742244588133
0.04108596510319997
0.041084509338525435
0.04108305515004194
0.04108160253592254
0.04108015149432945
0.041078702023413655
0.04107725412131535
0.04107580778616402
0.04107436301607851
0.04107291980916697
0.04107147816352719
0.04107003807724674
0.041068599548402626
0.041067162575061954
0.041065727155281624
0.041064293287108526
0.04106286096857983
0.0410614301977228
0.041060000972555015
0.041058573291084643
0.04105714715131007
0.041055722551220405
0.041054299488795416
0.04105287796200586
0.041051457968812995
0.04105003950716923
0.041048622575018116
0.04104720717029413
0.04104579329092307
0.04104438093482203
0.04104297009989958
0.041041560784055624
0.041040152985181697
0.041038746701161095
0.04103734192986862
0.041035938669171115
0.04103453691692729
0.041033136670987645
0.04103173792919517
0.041030340689384444
0.04102894494938269
0.04102755070700942
0.04102615796007632
0.04102476670638773
0.041023376943740475
0.04102198866992406
0.04102060188272069
0.041019216579905225
0.04101783275924566
0.041016450418502555
0.041015069555429946
0.04101369016777452
0.041012312253276416
0.041010935809668886
0.04100956083467851
0.04100818732602526
0.041006815281422686
0.04100544469857766
0.0410040755751909
0.04100270790895654
0.041001341697562595
0.04099997693869105
0.040998613630017534
0.040997251769211665
0.04099589135393726
0.040994532381851995
0.04099317485060792
0.04099181875785125
0.040990464101222486
0.04098911087835649
0.040987759086882576
0.040986408724424536
0.040985059788600814
0.04098371227702431
0.04098236618730278
0.040981021517038696
0.04097967826382938
0.040978336425267055
0.04097699599893873
0.040975656982426716
0.04097431937330822
0.040972983169155534
0.040971648367536334
0.040970314966013464
0.040968982962145135
0.04096765235348484
0.040966323137581646
0.0409649953119802
0.04096366887422048
0.04096234382183822
0.04096102015236492
0.040959697863327774
0.04095837695224958
0.04095705741664942
0.04095573925404188
0.04095442246193785
0.040953107037844126
0.0409517929792635
0.04095048028369502
0.04094916894863399
0.04094785897157193
0.04094655034999656
0.04094524308139227
0.04094393716323954
0.040942632593015636
0.04094132936819406
0.040940027486245166
0.04093872694463594
0.04093742774082991
0.040936129872287466
0.04093483333646576
0.04093353813081884
0.04093224425279775
0.040930951699850344
0.040929660469421536
0.040928370558953465
0.040927081965885174
0.04092579468765299
0.04092450872169046
0.04092322406542846
0.040921940716295076
0.040920658671715834
0.04091937792911371
0.04091809848590905
0.04091682033951998
0.0409155434873618
0.040914267926847867
0.04091299365538884
0.040911720670393434
0.040910448969267814
0.04090917854941616
0.040907909408240455
0.0409066415431407
0.040905374951514716
0.04090410963075834
0.04090284557826557
0.04090158279142837
0.040900321267636965
0.0408990610042797
0.04089780199874326
0.040896544248412485
0.04089528775067063
0.040894032502899226
0.040892778502478376
0.0408915257467865
0.040890274233200685
0.040889023959096396
0.04088777492184779
0.040886527118827655
0.04088528054740747
0.04088403520495746
0.04088279108884659
0.040881548196442546
0.04088030652511211
0.0408790660722207
0.04087782683513285
0.040876588811211916
0.04087535199782057
0.04087411639232025
0.04087288199207155
0.04087164879443442
0.04087041679676777
0.04086918599642976
0.04086795639077803
0.04086672797716925
0.040865500752959596
0.040864274715504675
0.04086304986215932
0.040861826190278165
0.040860603697214996
0.040859382380323356
0.04085816223695637
0.0408569432644667
0.04085572546020665
0.040854508821528336
0.0408532933457836
0.04085207903032399
0.040850865872500794
0.04084965386966542
0.04084844301916884
0.04084723331836212
0.04084602476459635
0.040844817355222426
0.040843611087591464
0.04084240595905442
0.0408412019669627
0.040839999108667466
0.04083879738152029
0.04083759678287286
0.04083639731007726
0.040835198960485604
0.040834001731450444
0.04083280562032468
0.04083161062446164
0.04083041674121499
0.04082922396793886
0.040828032301987845
0.04082684174071701
0.0408256522814822
0.04082446392163949
0.04082327665854586
0.04082209048955873
0.04082090541203633
0.04081972142333748
0.04081853852082189
0.04081735670184986
0.04081617596378261
0.04081499630398216
0.04081381771981141
0.040812640208634045
0.04081146376781484
0.0408102883947194
0.04080911408671428
0.040807940841167255
0.04080676865544691
0.040805597526923046
0.04080442745296633
0.040803258430948924
0.04080209045824389
0.04080092353222545
0.04079975765026925
0.040798592809751885
0.04079742900805153
0.04079626624254741
0.040795104510620184
0.04079394380965179
0.04079278413702566
0.040791625490126444
0.04079046786634039
0.04078931126305517
0.040788155677659796
0.04078700110754492
0.04078584755010276
0.04078469500272691
0.0407835434628128
0.04078239292775716
0.04078124339495862
0.04078009486181732
0.040778947325735115
0.04077780078411555
0.04077665523436389
0.04077551067388713
0.04077436710009417
0.040773224510395494
0.040772082902203646
0.040770942272932736
0.040769802619999
0.040768663940820384
0.04076752623281681
0.04076638949341019
0.04076525372002414
0.040764118910084586
0.04076298506101923
0.040761852170257885
0.04076072023523234
0.040759589253376395
0.04075845922212618
0.04075733013891956
0.04075620200119676
0.040755074806400074
0.040753948551973944
0.04075282323536503
0.04075169885402209
0.04075057540539623
0.04074945288694067
0.040748331296110926
0.04074721063036486
0.04074609088716244
0.04074497206396619
0.04074385415824066
0.04074273716745295
0.04074162108907254
0.040740505920571185
0.04073939165942295
0.040738278303104516
0.04073716584909492
0.04073605429487552
0.04073494363793032
0.04073383387574561
0.04073272500581026
0.04073161702561575
0.040730509932655916
0.040729403724427155
0.04072829839842862
0.040727193952161574
0.040726090383130416
0.04072498768884172
0.04072388586680488
0.04072278491453189
0.04072168482953727
0.040720585609338396
0.04071948725145501
0.04071838975340978
0.04071729311272808
0.0407161973269378
0.04071510239356965
0.0407140083101571
0.04071291507423625
0.040711822683346055
0.04071073113502834
0.040709640426827384
0.04070855055629056
0.040707461520967936
0.04070637331841235
0.0407052859461795
0.04070419940182798
0.04070311368291908
0.040702028787017105
0.04070094471168917
0.04069986145450516
0.04069877901303801
0.04069769738486345
0.04069661656756019
0.04069553655870973
0.04069445735589671
0.0406933789567085
0.04069230135873548
0.040691224559570985
0.040690148556811384
0.04068907334805584
0.04068799893090676
0.04068692530296924
0.04068585246185152
0.04068478040516497
0.040683709130523715
0.04068263863554506
0.0406815689178493
0.0406804999750597
0.04067943180480266
0.04067836440470763
0.04067729777240705
0.04067623190553648
0.04067516680173447
0.04067410245864263
0.04067303887390581
0.04067197604517178
0.040670913970091434
0.04066985264631888
0.04066879207151115
0.040667732243328605
0.04066667315943438
0.040665614817495185
0.04066455721518042
0.04066350035016292
0.0406624442201184
0.04066138882272599
0.040660334155667735
0.04065928021662891
0.040658227003298
0.04065717451336655
0.040656122744529274
0.040655071694484055
0.0406540213609321
0.04065297174157751
0.040651922834127746
0.04065087463629333
0.04064982714578817
0.040648780360329095
0.04064773427763627
0.04064668889543299
0.04064564421144583
0.0406446002234044
0.04064355692904169
0.04064251432609375
0.04064147241229982
0.04064043118540246
0.04063939064314739
0.04063835078328345
0.04063731160356271
0.040636273101740554
0.04063523527557542
0.04063419812282909
0.04063316164126644
0.04063212582865574
0.04063109068276819
0.04063005620137852
0.040629022382264394
0.040627989223206776
0.040626956721990085
0.04062592487640145
0.040624893684231715
0.040623863143274715
0.040622833251327435
0.04062180400619014
0.04062077540566641
0.04061974744756284
0.04061872012968943
0.040617693449859285
0.04061666740588872
0.04061564199559728
0.04061461721680765
0.040613593067345945
0.04061256954504111
0.04061154664772565
0.040610524373235174
0.04060950271940835
0.04060848168408712
0.040607461265116794
0.04060644146034562
0.04060542226762512
0.04060440368481014
0.040603385709758535
0.040602368340331485
0.04060135157439331
0.04060033540981144
0.040599319844456534
0.040598304876202494
0.04059729050292632
0.04059627672250808
0.040595263532831376
0.040594250931782545
0.040593238917251334
0.040592227487130574
0.04059121663931625
0.040590206371707516
0.04058919668220674
0.040588187568719306
0.04058717902915376
0.040586171061421865
0.04058516366343846
0.04058415683312166
0.04058315056839234
0.040582144867174916
0.04058113972739669
0.04058013514698808
0.040579131123882714
0.04057812765601719
0.04057712474133137
0.04057612237776819
0.040575120563273476
0.040574119295796254
0.040573118573288755
0.04057211839370607
0.04057111875500657
0.040570119655151636
0.04056912109210553
0.04056812306383578
0.040567125568312844
0.04056612860351031
0.04056513216740478
0.04056413625797585
0.04056314087320617
0.04056214601108138
0.04056115166959032
0.04056015784672451
0.0405591645404787
0.040558171748850694
0.040557179469841054
0.040556187701453465
0.040555196441694766
0.04055420568857438
0.04055321544010499
0.04055222569430219
0.04055123644918452
0.040550247702773434
0.040549259453093324
0.040548271698171524
0.04054728443603838
0.040546297664726956
0.04054531138227357
0.040544325586717105
0.04054334027609954
0.04054235544846567
0.04054137110186321
0.0405403872343428
0.04053940384395781
0.04053842092876462
0.040537438486822425
0.040536456516193246
0.04053547501494204
0.04053449398113638
0.040533513412846896
0.04053253330814698
0.040531553665112775
0.040530574481823296
0.040529595756360406
0.04052861748680851
0.04052763967125509
0.04052666230779031
0.04052568539450696
0.04052470892950092
0.040523732910870226
0.04052275733671647
0.04052178220514328
0.0405208075142573
0.04051983326216795
0.04051885944698727
0.04051788606682995
0.04051691311981346
0.04051594060405791
0.040514968517686156
0.040513996858823655
0.040513025625598525
0.04051205481614152
0.040511084428586086
0.04051011446106834
0.040509144911726885
0.04050817577870304
0.04050720706014077
0.04050623875418653
0.0405052708589894
0.040504303372701056
0.04050333629347574
0.04050236961947029
0.04050140334884412
0.040500437479759045
0.04049947201037954
Eitim Tamamland
21 numaral adaki hata: %6,420
