1.0
0.1130822292542206
0.11245700282614647
0.11173974725462935
0.110817333265764
0.10957011256635026
0.1078764400105705
0.10565663594616315
0.1029454095557966
0.09992750673574897
0.09687507635609248
0.09402637912597817
0.0915072924934204
0.08933641547185478
0.08747302476874731
0.08585951182999482
0.0844431043759894
0.08318239388077839
0.08204687686649977
0.08101443194570089
0.08006878999015332
0.07919759468519688
0.07839108059456973
0.07764123020682404
0.07694125766361194
0.07628529837309211
0.07566822092436278
0.07508550821322123
0.07453317626127622
0.07400771312984551
0.07350602868509025
0.07302541066815084
0.0725634849952566
0.07211817941681813
0.07168769019255082
0.07127045163224496
0.07086510839322598
0.07047049040941536
0.07008559029708773
0.06970954305718773
0.06934160787940906
0.06898115184979987
0.06862763537008307
0.06828059911125134
0.06793965234420532
0.06760446251413219
0.06727474595071758
0.06695025963090873
0.06663079393261039
0.06631616633454011
0.06600621602809599
0.06570079941080031
0.06539978642774043
0.06510305771828713
0.06481050251178229
0.06452201719991
0.06423750449742306
0.06395687308909774
0.06368003765121943
0.06340691913202018
0.06313744517802329
0.06287155060216158
0.06260917780402604
0.06235027707128653
0.062094806712412735
0.061842732992384235
0.06159402986328998
0.06134867849908894
0.06110666665729161
0.060867987899444885
0.060632640707066775
0.060400627530561524
0.060171953806397976
0.05994662697340723
0.059724655513398756
0.059506048035281235
0.05929081241621701
0.05907895500852938
0.0588704799174178
0.05866538835209987
0.05846367805174063
0.05826534278726033
0.058070371940587596
0.05787875016385116
0.05769045712209815
0.05750546732410457
0.05732375004647669
0.05714526935632511
0.056969984237193697
0.0567978488215583
0.056628812731050845
0.056462821522671354
0.056299817235717906
0.05613973903018886
0.05598252390321428
0.05582810746594876
0.05567642475961047
0.05552741108631136
0.055381002828279007
0.05523713822826951
0.0550957581045743
0.05495680647608127
0.05482023107630192
0.05468598373993328
0.05455402065109788
0.05442430244852655
0.05429679418920643
0.0541714651779965
0.05404828867604137
0.05392724150517746
0.0538083035687278
0.053691457310999155
0.053576687138442734
0.05346397882490034
0.053353318921796136
0.05324469419176923
0.053138091081312414
0.053033495244721354
0.05293089112830228
0.05283026162051636
0.05273158777071467
0.05263484857644691
0.052540020837081806
0.052447079069680796
0.0523559954817296
0.052266739994417354
0.052179280309629136
0.052093582013623574
0.05200960871045139
0.051927322178470105
0.051846682543777486
0.051767648464961014
0.051690177324213674
0.0516142254205464
0.05153974816151879
0.051466700250578236
0.051395035867735236
0.051324708841886085
0.05125567281362984
0.051187881387889836
0.05112128827606071
0.05105584742773853
0.05099151315237459
0.050928240231408545
0.05086598402160392
0.05080470055041682
0.050744346604299155
0.050684879810857765
0.05062625871578315
0.05056844285541975
0.050511392825782965
0.050455070348743296
0.05039943833599791
0.05034446095133528
0.05029010367158493
0.05023633334651741
0.05018311825784149
0.05013042817732301
0.050078234423934956
0.05002650991983871
0.04997522924489584
0.04992436868931453
0.04987390630395539
0.04982382194774747
0.049774097331607224
0.049724716058204485
0.04967566365688396
0.04962692761302713
0.049578497391125916
0.049530364450834835
0.04948252225527138
0.049434966270842394
0.04938769395788192
0.04934070475139705
0.049294000031225624
0.04924758308091371
0.04920145903463218
0.04915563481146002
0.049110119036393805
0.04906492194749085
0.04902005528864786
0.04897553218765458
0.04893136701937224
0.048887575254162416
0.04884417329205545
0.048801178283575955
0.04875860793863971
0.048716480325468964
0.04867481366201547
0.04863362610289276
0.048592935525262435
0.048552759317453446
0.04851311417428375
0.048474015903077504
0.04843547924421357
0.048397517709710125
0.04836014344285179
0.048323367101242666
0.048287197764944445
0.04825164287058806
0.048216708171569145
0.04818239772369546
0.0481487138949859
0.04811565739775231
0.048083227340645955
0.04805142129802986
0.04802023539384566
0.0479896643970699
0.0479597018258926
0.04793034005787333
0.04790157044352852
0.047873383421051366
0.04784576863014733
0.047818715023267004
0.047792210972818196
0.04776624437323139
0.04774080273702752
0.04771587328428503
0.04769144302512887
0.04766749883505537
0.04764402752307002
0.04762101589275159
0.047598450796461175
0.047576319182999274
0.04755460813907405
0.047533304924985524
0.04751239700495611
0.047491872072549866
0.04747171807162266
0.04745192321323914
0.047432475988975084
0.047413365181006924
0.0473945798693637
0.0473761094366944
0.047357943570872814
0.047340072265738775
0.04732248582024466
0.04730517483625121
0.04728813021518969
0.04727134315378661
0.047254805139020944
0.047238507942465736
0.0472224436141464
0.04720660447602989
0.047190983115243
0.04717557237710545
0.047160365358048906
0.04714535539848237
0.047130536075655406
0.04711590119655991
0.04710144479090535
0.04708716110419481
0.04707304459092344
0.04705908990791637
0.047045291907818663
0.04703164563274584
0.04701814630810191
0.04700478933656817
0.046991570292263404
0.04697848491507706
0.04696552910517203
0.04695269891765559
0.04693999055741536
0.04692740037411462
0.04691492485734435
0.04690256063192633
0.046890304453362015
0.04687815320342286
0.046866103885876254
0.0468541536223429
0.04684229964828002
0.04683053930908519
0.046818870056318074
0.04680728944403289
0.04679579512522003
0.046784384848350936
0.046773056454023236
0.04676180787170243
0.046750637116557005
0.04673954228638329
0.04672852155861716
0.04671757318743067
0.046706695500909265
0.046695886898309356
0.04668514584739196
0.04667447088183146
0.04666386059869696
0.04665331365600494
0.04664282877034057
0.04663240471454678
0.04662204031547938
0.046611734451826245
0.0466014860519899
0.046591294092031624
0.0465811575936763
0.04657107562237607
0.04656104728543248
0.046551071730175295
0.046541148142197356
0.046531275743644
0.04652145379155671
0.046511681576268865
0.046501958419853884
0.046492283674623644
0.04648265672167725
0.046473076969498296
0.046463543852599785
0.046454056830217035
0.046444615385045525
0.046435219022024396
0.04642586726716415
0.046416559666417355
0.0464072957845921
0.04639807520430618
0.04638889752498216
0.04637976236188217
0.046370669345180894
0.046361618119075965
0.04635260834093589
0.0463436396804832
0.04633471181901238
0.046325824448642104
0.0463169772716002
0.04630816999954074
0.046299402352892205
0.04629067406023609
0.04628198485771456
0.04627333448846677
0.046264722702092496
0.046256149254142294
0.04624761390563389
0.04623911642259256
0.04623065657561664
0.046222234139464975
0.046213848892667504
0.04620550061715702
0.04619718909792146
0.046188914122676325
0.04618067548155589
0.04617247296682255
0.04616430637259431
0.046156175494588406
0.046148080129881225
0.046140020076683344
0.04613199513412995
0.046124005102084024
0.04611604978095365
0.04610812897152208
0.046100242474789103
0.046092390091824524
0.04608457162363234
0.046076786871024664
0.04606903563450625
0.04606131771416745
0.04605363290958613
0.046045981019738
0.04603836184291405
0.04603077517664573
0.046023220817636774
0.04601569856170151
0.04600820820370836
0.04600074953753035
0.04599332235599935
0.04598592645086582
0.04597856161276335
0.04597122763117653
0.04596392429441324
0.045956651389580515
0.045949408702563234
0.045942196018006094
0.04593501311929844
0.045927859788561246
0.045920735806636595
0.04591364095307898
0.04590657500614896
0.045899537742807896
0.04589252893871403
0.04588554836822093
0.045878595804375616
0.04587167101891885
0.045864773782285796
0.04585790386360689
0.04585106103071087
0.04584424505012613
0.045837455687084645
0.0458306927055242
0.04582395586809261
0.04581724493615063
0.04581055966977583
0.04580389982776606
0.045797265167642855
0.04579065544565489
0.045784070416781245
0.04577750983473398
0.04577097345196136
0.04576446101964982
0.04575797228772644
0.04575150700486059
0.045745064918465264
0.04573864577469845
0.04573224931846361
0.04572587529340997
0.04571952344193273
0.04571319350517263
0.04570688522301474
0.04570059833408804
0.045694332575763226
0.04568808768415125
0.04568186339410127
0.04567565943919764
0.0456694755517579
0.045663311462829356
0.04565716690218558
0.04565104159832355
0.045644935278459885
0.04563884766852655
0.045632778493167714
0.04562672747573533
0.04562069433828519
0.045614678801572967
0.0456086805850504
0.045602699406861076
0.04559673498383679
0.04559078703149407
0.04558485526403053
0.04557893939432185
0.04557303913391879
0.04556715419304493
0.04556128428059427
0.045555429104129616
0.04554958836988161
0.04554376178274805
0.04553794904629377
0.04553214986275145
0.04552636393302288
0.04552059095668159
0.04551483063197524
0.04550908265583
0.045503346723855365
0.04549762253035012
0.045491909768309226
0.04548620812943231
0.04548051730413274
0.04547483698154874
0.04546916684955495
0.0454635065947767
0.04545785590260433
0.04545221445721007
0.04544658194156649
0.04544095803746614
0.04543534242554361
0.045429734785299165
0.04542413479512423
0.04541854213232912
0.04541295647317301
0.045407377492895744
0.04540180486575198
0.04539623826504802
0.04539067736318095
0.04538512183168
0.045379571341250834
0.04537402556182248
0.04536848416259717
0.04536294681210265
0.04535741317824795
0.04535188292838179
0.045346355729354214
0.0453408312475819
0.04533530914911585
0.04532978909971337
0.04532427076491316
0.04531875381011362
0.04531323790065558
0.04530772270190802
0.04530220787935786
0.04529669309870401
0.0452911780259547
0.04528566232752932
0.045280145670364015
0.04527462772202228
0.04526910815080861
0.045263586625887274
0.04525806281740536
0.0452525363966201
0.0452470070360306
0.04524147440951448
0.04523593819246854
0.045230398061954495
0.045224853696849414
0.04521930477800025
0.04521375098838351
0.045208192013269664
0.04520262754039195
0.04519705726011999
0.045191480865638595
0.045185898053129996
0.045180308521961976
0.045174711974880016
0.045169108118203814
0.04516349666202859
0.04515787732043058
0.04515224981167692
0.045146613858439565
0.045140969188013455
0.045135315532538765
0.04512965262922615
0.04512398022058689
0.045118298054665246
0.04511260588527516
0.045106903472239085
0.04510119058163029
0.0450954669860175
0.04508973246471213
0.045083986804016964
0.04507822979747748
0.04507246124613385
0.04506668095877464
0.04506088875219088
0.045055084451430805
0.04504926789005457
0.04504343891038854
0.04503759736377869
0.045031743110843195
0.04502587602172263
0.04501999597632878
0.04501410286459003
0.04500819658669436
0.04500227705332791
0.04499634418590992
0.044990397916822585
0.044984438189635684
0.04497846495932496
0.04497247819248478
0.044966477867532766
0.044960463974907466
0.04495443651725715
0.044948395509620404
0.04494234097959605
0.0449362729675042
0.044930191526535705
0.04492409672289049
0.04491798863590353
0.04491186735815909
0.0449057329955907
0.04489958566756828
0.04489342550697002
0.0448872526602403
0.04488106728743159
0.04487486956223049
0.04486865967196731
0.044862437817609215
0.04485620421373542
0.04484995908849512
0.0448437026835472
0.04483743525398139
0.04483115706822119
0.04482486840790734
0.044818569567762576
0.04481226085543683
0.044805942591333005
0.04479961510841379
0.044793278751988345
0.044786933879479816
0.04478058086017407
0.04477422007494834
0.044767851915981566
0.04476147678644602
0.04475509510018023
0.04474870728134442
0.044742313764057996
0.044735914992020315
0.0447295114181148
0.04472310350399704
0.04471669171966844
0.04471027654303426
0.044703858459448687
0.04469743796124709
0.04469101554726553
0.04468459172234982
0.0446781669968541
0.04467174188613012
0.04466531691000826
0.044658892592271966
0.044652469460125375
0.04464604804365622
0.04463962887529528
0.04463321248927236
0.04462679942107129
0.04462039020688416
0.04461398538306646
0.04460758548559427
0.04460119104952344
0.04459480260845466
0.04458842069400218
0.04458204583526974
0.04457567855833387
0.044569319385735384
0.04456296883598068
0.044556627423053205
0.044550295655937
0.04454397403815175
0.044537663067301614
0.04453136323463766
0.04452507502463567
0.04451879891458862
0.04451253537421594
0.04450628486528913
0.044500047841274634
0.044493824746994905
0.04448761601830693
0.04448142208179973
0.04447524335451081
0.04446908024366098
0.04446293314640938
0.04445680244962719
0.04445068852969075
0.04444459175229481
0.04443851247228426
0.04443245103350589
0.04442640776867887
0.0444203829992844
0.04441437703547377
0.04440839017599532
0.044402422708138815
0.04439647490769798
0.04439054703895003
0.04438463935465222
0.04437875209605463
0.0443728854929284
0.04436703976361003
0.04436121511505953
0.044355411742933386
0.044349629831670484
0.04434386955459151
0.044338131074010044
0.04433241454135578
0.04432672009730838
0.04432104787194208
0.04431539798487954
0.04430977054545503
0.04430416565288608
0.04429858339645256
0.04429302385568329
0.044287487100548785
0.04428197319166029
0.04427648218047344
0.044271014109497416
0.04426556901250772
0.04426014691476231
0.04425474783322139
0.04424937177676901
0.04424401874643712
0.0442386887356307
0.04423338173035432
0.04422809770943881
0.044222836644768414
0.04421759850150764
0.04421238323832705
0.044207190807628645
0.04420202115576922
0.04419687422328273
0.04419174994509995
0.04418664825076639
0.04418156906465724
0.04417651230618987
0.04417147789003323
0.04416646572631385
0.04416147572081866
0.044156507775194045
0.04415156178714128
0.04414663765060832
0.044141735255977047
0.04413685449024684
0.044131995237214124
0.044127157377647316
0.04412234078945743
0.044117545347864606
0.044112770925560256
0.04410801739286442
0.04410328461787896
0.04409857246663642
0.04409388080324392
0.044089209490023575
0.044084558387647355
0.044079927355268306
0.04407531625064759
0.04407072493027636
0.044066153249494366
0.04406160106260384
0.04405706822297899
0.04405255458317247
0.04404805999501631
0.044043584309720475
0.04403912737796634
0.044034689049997126
0.04403026917570422
0.04402586760471034
0.04402148418644837
0.04401711877023774
0.04401277120535654
0.04400844134111082
0.044004129026900686
0.04399983411228323
0.04399555644703208
0.04399129588119494
0.043987052265146966
0.04398282544964253
0.043978615285863894
0.04397442162546695
0.04397024432062506
0.04396608322406976
0.0439619381891302
0.04395780906976887
0.04395369572061639
0.04394959799700354
0.0439455157549914
0.04394144885139973
0.04393739714383289
0.04393336049070475
0.04392933875126119
0.043925331785601374
0.043921339454696874
0.04391736162040979
0.043913398145509354
0.043909448893686524
0.043905513729567844
0.04390159251872772
0.043897685127699565
0.043893791423985494
0.043889911276065306
0.04388604455340382
0.04388219112645764
0.04387835086668074
0.04387452364652898
0.043870709339463944
0.0438669078199557
0.043863118963485034
0.04385934264654435
0.043855578746638445
0.04385182714228431
0.04384808771301001
0.04384436033935338
0.04384064490285976
0.04383694128607942
0.04383324937256425
0.04382956904686387
0.04382590019452159
0.043822242702069414
0.043818596457023296
0.04381496134787706
0.043811337264096896
0.04380772409611487
0.04380412173532213
0.04380053007406214
0.043796949005623316
0.04379337842423136
0.043789818225041605
0.04378626830413076
0.04378272855848873
0.043779198886010014
0.04377567918548503
0.043772169356591006
0.0437686692998833
0.04376517891678572
0.04376169810958138
0.0437582267814029
0.043754764836223294
0.04375131217884559
0.043747868714893265
0.043744434350800276
0.043741008993800984
0.04373759255191992
0.043734184933961764
0.043730786049501015
0.04372739580887168
0.04372401412315692
0.043720640904178605
0.043717276064487165
0.0437139195173507
0.04371057117674482
0.04370723095734226
0.043703898774502085
0.04370057454425936
0.04369725818331456
0.04369394960902324
0.0436906487393855
0.043687355493035304
0.04368406978923034
0.04368079154784121
0.04367752068934141
0.043674257134796605
0.04367100080585438
0.043667751624734005
0.04366450951421576
0.04366127439763109
0.04365804619885211
0.04365482484228152
0.04365161025284218
0.04364840235596736
0.043645201077590255
0.043642006344134364
0.043638818082503
0.043635636220069704
0.04363246068466832
0.043629291404582736
0.04362612830853767
0.04362297132568837
0.04361982038561124
0.04361667541829387
0.043613536354125716
0.043610403123888454
0.043607275658746183
0.04360415389023636
0.04360103775026014
0.04359792717107305
0.04359482208527565
0.0435917224258045
0.043588628125922534
0.04358553911921027
0.04358245533955656
0.04357937672114952
0.04357630319846746
0.04357323470627017
0.043570171179589785
0.04356711255372192
0.04356405876421717
0.04356100974687193
0.043557965437720086
0.0435549257730241
0.043551890689266584
0.043548860123141596
0.04354583401154614
0.043542812291572024
0.043539794900496906
0.043536781775776426
0.04353377285503575
0.04353076807606096
0.043527767376791565
0.04352477069531157
0.04352177796984178
0.04351878913873167
0.043515804140451246
0.04351282291358314
0.04350984539681451
0.04350687152892954
0.043503901248800894
0.043500934495382663
0.043497971207702
0.04349501132485183
0.04349205478598281
0.043489101530295796
0.04348615149703445
0.043483204625477355
0.0434802608549307
0.04347732012472076
0.04347438237418639
0.043471447542671675
0.04346851556951867
0.04346558639405994
0.04346265995561128
0.0434597361934646
0.04345681504688065
0.04345389645508187
0.04345098035724525
0.04344806669249543
0.04344515539989733
0.043442246418449404
0.04343933968707668
0.043436435144623774
0.04343353272984793
0.0434306323814124
0.04342773403787943
0.04342483763770376
0.043421943119225564
0.04341905042066408
0.043416159480110905
0.04341327023552325
0.043410382624717636
0.043407496585363164
0.04340461205497519
0.04340172897090899
0.04339884727035303
0.04339596689032304
0.043393087767655575
0.04339020983900155
0.04338733304082052
0.04338445730937402
0.04338158258071991
0.04337870879070592
0.04337583587496396
0.04337296376890389
0.043370092407707984
0.0433672217263246
0.0433643516594627
0.04336148214158599
0.043358613106907265
0.04335574448938265
0.043352876222706206
0.043350008240304015
0.04334714047532916
0.04334427286065604
0.04334140532887493
0.043338537812286776
0.04333567024289806
0.04333280255241535
0.04332993467224042
0.043327066533465096
0.04332419806686599
0.04332132920290021
0.04331845987169977
0.04331559000306721
0.04331271952647088
0.04330984837103996
0.04330697646556025
0.04330410373846937
0.04330123011785257
0.04329835553143801
0.0432954799065928
0.043292603170318626
0.043289725249247644
0.04328684606963844
0.04328396555737201
0.043281083637947866
0.043278200236480276
0.04327531527769446
0.04327242868592305
0.04326954038510249
0.04326665029876951
0.04326375835005794
0.043260864461695026
0.04325796855599881
0.04325507055487456
0.043252170379811924
0.043249267951882095
0.043246363191735
0.043243456019596394
0.04324054635526544
0.04323763411811215
0.043234719227075016
0.043231801600658516
0.04322888115693137
0.043225957813523765
0.043223031487625956
0.043220102095986174
0.04321716955490874
0.04321423378025262
0.04321129468742979
0.04320835219140373
0.04320540620668824
0.04320245664734612
0.04319950342698821
0.043196546458772266
0.04319358565540227
0.0431906209291275
0.04318765219174235
0.04318467935458515
0.043181702328538525
0.043178721024028865
0.04317573535102596
0.04317274521904356
0.04316975053713905
0.0431667512139141
0.04316374715751484
0.04316073827563261
0.04315772447550441
0.043154705663914085
0.043151681747192853
0.04314865263122099
0.0431456182214286
0.04314257842279714
0.04313953313986112
0.04313648227670986
0.04313342573698906
0.04313036342390309
0.04312729524021702
0.043124221088259126
0.04312114086992317
0.0431180544866712
0.04311496183953644
0.04311186282912628
0.043108757355625305
0.043105645318799
0.043102526617996934
0.043099401152156686
0.04309626881980805
0.04309312951907646
0.04308998314768813
0.04308682960297402
0.04308366878187495
0.04308050058094625
0.04307732489636325
0.04307414162392639
0.04307095065906706
0.04306775189685344
0.04306454523199661
0.04306133055885672
0.04305810777144999
0.04305487676345529
0.04305163742822133
0.04304838965877403
0.04304513334782451
0.04304186838777658
0.043038594670735376
0.043035312088515854
0.04303202053265167
0.04302871989440434
0.04302541006477262
0.04302209093450266
0.04301876239409805
0.043015424333830314
0.04301207664374982
0.04300871921369704
0.04300535193331432
0.043001974692057576
0.042998587379208995
0.04299518988388963
0.04299178209507278
0.04298836390159746
0.04298493519218243
0.04298149585544063
0.04297804577989435
0.04297458485399023
0.042971112966115256
0.04296763000461304
0.04296413585780036
0.04296063041398471
0.04295711356148165
0.042953585188633125
0.04295004518382649
0.042946493435513024
0.042942929832228346
0.042939354262612195
0.04293576661542945
0.04293216677959116
0.04292855464417685
0.04292493009845621
0.04292129303191279
0.042917643334266765
0.042913980895499707
0.04291030560587841
0.042906617355980656
0.042902916036720716
0.04289920153937566
0.042895473755612215
0.042891732577514156
0.04288797789761046
0.04288420960890393
0.042880427604900025
0.042876631779637
0.04287282202771601
0.042868998244331866
0.042865160325304796
0.04286130816711221
0.04285744166692121
0.04285356072262179
0.04284966523286064
0.04284575509707504
0.04284183021552786
0.04283789048934265
0.042833935820539404
0.042829966112071106
0.04282598126786012
0.042821981192835784
0.04281796579297198
0.042813934975325506
0.04280988864807457
0.042805826720558035
0.04280174910331481
0.042797655708123966
0.042793546448045006
0.04278942123745844
0.04278527999210705
0.04278112262913722
0.042776949067140524
0.04277275922619611
0.042768553027912416
0.042764330395470555
0.04276009125366615
0.04275583552895329
0.042751563149486894
0.0427472740451666
0.04274296814768017
0.042738645390546795
0.04273430570916122
0.04272994904083702
0.042725575324850766
0.04272118450248541
0.042716776517074326
0.042712351314044765
0.042707908840961345
0.04270344904756967
0.042698971885839494
0.04269447731000767
0.042689965276621195
0.04268543574457939
0.042680888675176616
0.042676324032144
0.04267174178169065
0.04266714189254532
0.04266252433599668
0.04265788908593378
0.04265323611888536
0.04264856541405944
0.042643876953381295
0.04263917072153171
0.04263444670598388
0.04262970489704007
0.04262494528786717
0.04262016787453157
0.04261537265603339
0.04261055963433952
0.042605728814415746
0.042600880204258486
0.0425960138149246
0.042591129660561076
0.04258622775843295
0.04258130812895061
0.042576370795695706
0.0425714157854456
0.042566443128197594
0.04256145285719056
0.0425564450089263
0.042551419623189125
0.04254637674306427
0.042541316414954705
0.042536238688596614
0.042531143617073754
0.042526031256829556
0.042520901667678725
0.042515754912816194
0.04251059105882567
0.04250541017568553
0.042500212336773764
0.04249499761887119
0.04248976610216276
0.042484517870237506
0.04247925301008634
0.04247397161209885
0.04246867377005756
0.042463359581131094
0.042458029145865286
0.04245268256817259
0.042447319955319626
0.04244194141791311
0.04243654706988391
0.042431137028469366
0.04242571141419394
0.04242027035084753
0.042414813965463
0.042409342388290826
0.04240385575277269
0.042398354195513396
0.042392837856250205
0.04238730687782163
0.04238176140613322
0.04237620159012291
0.042370627581723545
0.04236503953582436
0.042359437610231004
0.04235382196562324
0.04234819276551149
0.04234255017619193
0.04233689436669976
0.04233122550876078
0.04232554377674225
0.042319849347601315
0.04231414240083264
0.04230842311841484
0.04230269168475455
0.04229694828663051
0.04229119311313549
0.042285426355617155
0.0422796482076181
0.042273858864814266
0.04226805852495264
0.042262247387787666
0.042256425655016853
0.042250593530215284
0.04224475121876914
0.04223889892780896
0.04223303686614106
0.042227165244179195
0.04222128427387491
0.042215394168647585
0.04220949514331374
0.04220358741401565
0.042197671198149884
0.042191746714294764
0.04218581418213824
0.042179873822404755
0.042173925856782125
0.0421679705078483
0.0421620079989975
0.04215603855436685
0.04215006239876251
0.04214407975758588
0.0421380908567598
0.042132095922655106
0.04212609518201679
0.04212008886189111
0.042114077189551874
0.04210806039242825
0.042102038698031675
0.042096012333884276
0.04208998152744656
0.04208394650604661
0.04207790749680927
0.0420718647265856
0.0420658184218837
0.042059768808799365
0.04205371611294798
0.04204766055939674
0.04204160237259799
0.04203554177632281
0.04202947899359611
0.0420234142466318
0.04201734775676951
0.04201127974441181
0.04200521042896255
0.04199914002876605
0.04199306876104746
0.04198699684185393
0.041980924485996926
0.04197485190699573
0.041968779317021664
0.04196270692684405
0.0419566349457766
0.04195056358162554
0.041944493040638416
0.041938423527454465
0.04193235524505594
0.04192628839472107
0.04192022317597736
0.04191415978655727
0.041908098422354226
0.04190203927738023
0.041895982543725105
0.04188992841151599
0.04188387706887949
0.041877828701903985
0.04187178349460368
0.04186574162888408
0.0418597032845084
0.04185366863906569
0.04184763786793987
0.04184161114428014
0.04183558863897314
0.041829570520615804
0.0418235569554898
0.041817548107537246
0.04181154413833768
0.041805545207086306
0.04179955147057371
0.04179356308316638
0.04178758019678898
0.04178160296090781
0.04177563152251513
0.04176966602611521
0.04176370661371128
0.041757753424793945
0.041751806596330585
0.04174586626275624
0.04173993255596522
0.04173400560530455
0.041728085537567926
0.04172217247699146
0.04171626654524986
0.04171036786145448
0.041704476542151855
0.04169859270132366
0.041692716450387864
0.04168684789820071
0.04168098715105963
0.04167513431270776
0.04166928948433879
0.04166345276460353
0.04165762424961661
0.04165180403296516
0.04164599220571739
0.041640188856433044
0.041634394071174266
0.041628607933517324
0.04162283052456546
0.04161706192296248
0.04161130220490722
0.04160555144416885
0.041599809712102906
0.041594077077668073
0.041588353607444103
0.04158263936564976
0.04157693441416228
0.04157123881253709
0.041565552618027975
0.04155987588560871
0.04155420866799456
0.04154855101566457
0.04154290297688481
0.04153726459773178
0.041531635922116644
0.041526016991809696
0.041520407846465754
0.0415148085236496
0.04150921905886229
0.04150363948556758
0.04149806983521883
0.041492510137286824
0.041486960419286935
0.04148142070680776
0.04147589102353912
0.0414703713913014
0.04146486183007416
0.04145936235802562
0.04145387299154238
0.041448393745259084
0.041442924632088575
0.041437465663252133
0.04143201684830974
0.041426578195190834
0.041421149710224814
0.041415731398172
0.04141032326225434
0.04140492530418647
0.04139953752420684
0.04139415992110844
0.04138879249227013
0.0413834352336876
0.04137808814000443
0.041372751204543035
0.041367424419335684
0.041362107775155324
0.0413568012615463
0.041351504866855265
0.0413462185782615
0.04134094238180736
0.04133567626242876
0.04133042020398516
0.0413251741892893
0.0413199382001374
0.041314712217338324
0.041309496220743105
0.041304290189273896
0.04129909410095295
0.041293907932931195
0.04128873166151657
0.041283565262202136
0.04127840870969364
0.0412732619779374
0.04126812504014716
0.04126299786883101
0.04125788043581822
0.04125277271228505
0.04124767466878085
0.04124258627525383
0.041237507501075736
0.04123243831506728
0.041227378685522065
0.04122232858023109
0.04121728796650642
0.0412122568112044
0.04120723508074872
0.04120222274115312
0.04119721975804341
0.041192226096679455
0.041187241721976436
0.041182266598526064
0.04117730069061707
0.04117234396225534
0.04116739637718417
0.04116245789890306
0.04115752849068727
0.04115260811560621
0.04114769673654153
0.041142794316205274
0.04113790081715682
0.04113301620182049
0.04112814043250145
0.04112327347140257
0.041118415280639725
0.04111356582225753
0.041108725058244096
0.04110389295054594
0.04109906946108203
0.04109425455175762
0.041089448184477795
0.041084650321160564
0.04107986092374947
0.04107507995422611
0.041070307374621806
0.04106554314702954
0.04106078723361496
0.0410560395966273
0.04105130019840994
0.041046569001410724
0.04104184596819138
0.04103713106143759
0.0410324242439676
0.04102772547874143
0.04102303472886918
0.04101835195761926
0.041013677128426275
0.04100901020489859
0.041004351150825555
0.04099969993018444
0.04099505650714715
0.04099042084608652
0.04098579291158247
0.04098117266842768
0.040976560081633334
0.04097195511643417
0.0409673577382936
0.040962767912908385
0.04095818560621322
0.04095361078438483
0.04094904341384606
0.04094448346126977
0.0409399308935821
0.04093538567796592
0.040930847781863955
0.04092631717298159
0.040921793819289565
0.04091727768902652
0.04091276875070097
0.04090826697309379
0.0409037723252598
0.04089928477652954
0.04089480429651071
0.04089033085508971
0.04088586442243253
0.04088140496898608
0.04087695246547885
0.0408725068829215
0.040868068192607666
0.0408636363661141
0.040859211375301116
0.04085479319231273
0.04085038178957631
0.040845977139802876
0.04084157921598662
0.040837187991404414
0.0408328034396155
0.040828425534460804
0.04082405425006214
0.04081968956082162
0.04081533144142037
0.040810979866817705
0.04080663481225012
0.040802296253229925
0.040797964165543876
0.040793638525252
0.04078931930868608
0.0407850064924481
0.04078070005340853
0.040776399968704816
0.04077210621573964
0.0407678187721791
0.040763537615950585
0.04075926272524125
0.0407549940784959
0.040750731654414785
0.040746475431951805
0.04074222539031216
0.04073798150895025
0.04073374376756749
0.04072951214611013
0.04072528662476675
0.04072106718396612
0.04071685380437483
0.04071264646689479
0.04070844515266085
0.0407042498430385
0.04070006051962127
0.04069587716422814
0.040691699758901224
0.040687528285903225
0.04068336272771469
0.04067920306703165
0.04067504928676294
0.0406709013700277
0.0406667593001526
0.04066262306066934
0.04065849263531205
0.04065436800801476
0.040650249162908415
0.04064613608431861
0.04064202875676273
0.040637927164947414
0.04063383129376585
0.04062974112829524
0.04062565665379397
0.04062157785569914
0.04061750471962388
0.040613437231354674
0.04060937537684883
0.04060531914223171
0.04060126851379442
0.04059722347799072
0.0405931840214349
0.040589150130899004
0.040585121793310204
0.040581098995748306
0.04057708172544327
0.040573069969772474
0.040569063716258416
0.04056506295256598
0.040561067666500174
0.04055707784600347
0.040553093479153396
0.04054911455416008
0.04054514105936386
0.040541172983232655
0.040537210314359966
0.040533253041462075
0.04052930115337604
0.040525354639056925
0.04052141348757593
0.040517477688117594
0.04051354722997818
0.0405096221025626
0.040505702295382716
0.04050178779805491
0.040497878600297924
0.04049397469193063
0.04049007606286982
0.040486182703128266
0.04048229460281221
0.04047841175211968
0.04047453414133799
0.040470661760842075
0.04046679460109208
0.04046293265263159
0.04045907590608548
0.04045522435215815
0.04045137798163112
0.04044753678536168
0.04044370075428049
0.0404398698793899
0.040436044151762156
0.04043222356253728
0.04042840810292156
0.04042459776418548
0.040420792537662155
0.04041699241474528
0.04041319738688787
0.04040940744560003
0.040405622582447544
0.04040184278905014
0.040398068057079885
0.04039429837825943
0.040390533744360614
0.04038677414720266
0.04038301957865073
0.040379270030614346
0.04037552549504603
0.04037178596393951
0.04036805142932842
0.040364321883285044
0.040360597317918356
0.040356877725373184
0.0403531630978285
0.040349453427496004
0.04034574870661911
0.04034204892747131
0.04033835408235491
0.04033466416359994
0.040330979163562666
0.040327299074624554
0.04032362388919076
0.04031995359968936
0.04031628819856968
0.040312627678301675
0.040308972031374214
0.04030532125029449
0.04030167532758654
0.04029803425579037
0.04029439802746084
0.04029076663516663
0.04028714007148924
0.04028351832902195
0.04027990140036887
0.04027628927814396
0.040272681954970205
0.0402690794234784
0.04026548167630662
0.04026188870609903
0.040258300505505294
0.04025471706717941
0.04025113838377919
0.04024756444796515
0.04024399525240008
0.04024043078974793
0.04023687105267325
0.04023331603384024
0.04022976572591242
0.04022622012155153
0.04022267921341705
0.04021914299416541
0.040215611456449474
0.04021208459291778
0.04020856239621403
0.040205044858976344
0.04020153197383684
0.04019802373342098
0.040194520130346974
0.040191021157225205
0.04018752680665796
0.04018403707123862
0.04018055194355131
0.04017707141617044
0.04017359548166013
0.040170124132574
0.0401666573614544
0.04016319516083221
0.040159737523226526
0.040156284441144004
0.040152835907078674
0.040149391913511516
0.04014595245291015
0.040142517517728474
0.040139087100406305
0.04013566119336923
0.040132239789028176
0.04012882287977901
0.04012541045800266
0.04012200251606444
0.04011859904631405
0.0401152000410853
0.040111805492695926
0.04010841539344726
0.04010502973562428
0.04010164851149503
0.04009827171331092
0.04009489933330628
0.040091531363698196
0.040088167796686516
0.04008480862445381
0.04008145383916496
0.04007810343296725
0.040074757397990206
0.04007141572634569
0.04006807841012762
0.04006474544141192
0.0400614168122567
0.04005809251470193
0.040054772540769584
0.040051456882463456
0.04004814553176955
0.04004483848065546
0.04004153572107087
0.04003823724494751
0.04003494304419883
0.0400316531107205
0.040028367436390114
0.04002508601306743
0.04002180883259435
0.040018535886794916
0.0400152671674755
0.04001200266642502
0.04000874237541454
0.04000548628619788
0.04000223439051159
0.03999898668007482
0.03999574314658967
0.03999250378174128
0.03998926857719797
0.03998603752461123
0.03998281061561613
0.039979587841831116
0.03997636919485854
0.03997315466628452
0.03996994424767934
0.039966737930597476
0.03996353570657772
0.03996033756714359
0.03995714350380331
0.03995395350805003
0.039950767571362206
0.03994758568520356
0.039944407841023336
0.03994123403025678
0.039938064244324875
0.039934898474635085
0.039931736712581135
0.03992857894954344
0.03992542517688951
0.0399222753859737
0.039919129568138
0.039915987714711935
0.03991284981701287
0.039909715866346236
0.03990658585400598
0.03990345977127453
0.03990033760942321
0.039897219359712556
0.03989410501339245
0.03989099456170242
0.0398878879958719
0.03988478530712054
0.039881686486658505
0.03987859152568661
0.039875500415396656
0.03987241314697183
0.0398693297115868
0.03986625010040812
0.03986317430459434
0.0398601023152966
0.039857034123658514
0.03985396972081681
0.039850909097901364
0.039847852246035625
0.03984479915633682
0.03984174981991634
0.039838704227879815
0.039835662371327636
0.039832624241355225
0.039829589829053186
0.03982655912550749
0.03982353212180022
0.039820508809009246
0.03981748917820912
0.03981447322047091
0.03981146092686263
0.03980845228844965
0.039805447296294705
0.03980244594145852
0.03979944821499984
0.03979645410797586
0.03979346361144235
0.039790476716454096
0.03978749341406511
0.03978451369532884
0.039781537551298686
0.039778564973028056
0.039775595951570555
0.03977263047798063
0.03976966854331351
0.03976671013862573
0.03976375525497507
0.03976080388342118
0.03975785601502566
0.03975491164085239
0.03975197075196769
0.03974903333944074
0.03974609939434374
0.03974316890775233
0.039740241870745534
0.039737318274406304
0.039734398109821704
0.03973148136808309
0.03972856804028643
0.039725658117532675
0.03972275159092767
0.039719848451582655
0.03971694869061463
0.03971405229914624
0.03971115926830638
0.039708269589230086
0.03970538325305907
0.039702500250941845
0.0396996205740339
0.03969674421349803
0.039693871160504476
0.039691001406231274
0.03968813494186441
0.03968527175859786
0.03968241184763425
0.03967955520018462
0.039676701807468934
0.03967385166071622
0.03967100475116468
0.039668161070062095
0.0396653206086658
0.039662483358243156
0.03965964931007151
0.039656818455438475
0.039653990785642294
0.03965116629199183
0.03964834496580687
0.03964552679841815
0.03964271178116786
0.039639899905409594
0.03963709116250858
0.03963428554384192
0.03963148304079873
0.039628683644780345
0.03962588734720048
0.039623094139485435
0.039620304013074245
0.03961751695941884
0.039614732969984336
0.039611952036248975
0.03960917414970459
0.039606399301856415
0.03960362748422365
0.039600858688339347
0.03959809290575059
0.03959533012801878
0.03959257034671974
0.039589813553443695
0.0395870597397959
0.03958430889739616
0.0395815610178795
0.03957881609289601
0.039576074114111154
0.039573335073205845
0.03957059896187665
0.039567865771835777
0.03956513549481147
0.03956240812254787
0.039559683646805344
0.03955696205936057
0.0395542433520068
0.03955152751655354
0.03954881454482734
0.039546104428671354
0.03954339715994586
0.039540692730528196
0.039537991132312864
0.03953529235721175
0.03953259639715424
0.03952990324408735
0.03952721288997574
0.03952452532680188
0.039521840546566385
0.03951915854128779
0.03951647930300276
0.039513802823766535
0.03951112909565256
0.039508458110752855
0.03950578986117821
0.03950312433905809
0.039500461536540805
0.039497801445793713
0.039495144059003326
0.039492489368375155
0.03948983736613429
0.03948718804452505
0.039484541395811375
0.03948189741227672
0.03947925608622442
0.03947661740997751
0.039473981375879034
0.03947134797629203
0.03946871720359975
0.039466089050205495
0.03946346350853316
0.03946084057102686
0.03945822023015137
0.039455602478391916
0.039452987308254625
0.0394503747122664
0.0394477646829749
0.03944515721294896
0.039442552294778416
0.03943994992107433
0.03943735008446896
0.03943475277761604
0.03943215799319069
0.03942956572388952
0.03942697596243082
0.03942438870155463
0.03942180393402279
0.03941922165261884
0.039416641850148565
0.03941406451943971
0.03941148965334206
0.039408917244727684
0.039406347286491
0.03940377977154886
0.039401214692840324
0.039398652043327306
0.03939609181599419
0.039393534003848076
0.03939097859991885
0.03938842559725931
0.03938587498894515
0.039383326768075086
0.03938078092777088
0.03937823746117749
0.039375696361463215
0.039373157621819456
0.03937062123546111
0.03936808719562656
0.03936555549557762
0.039363026128599814
0.03936049908800219
0.03935797436711758
0.03935545195930267
0.03935293185793803
0.03935041405642793
0.03934789854820095
0.0393453853267095
0.0393428743854302
0.03934036571786386
0.03933785931753544
0.03933535517799432
0.03933285329281421
0.03933035365559329
0.03932785625995403
0.039325361099543585
0.03932286816803375
0.039320377459120835
0.03931788896652592
0.03931540268399483
0.039312918605298175
0.03931043672423146
0.03930795703461494
0.03930547953029404
0.03930300420513912
0.03930053105304541
0.039298060067933384
0.03929559124374862
0.03929312457446192
0.0392906600540691
0.03928819767659151
0.03928573743607553
0.03928327932659305
0.03928082334224123
0.03927836947714262
0.039275917725445156
0.039273468081322524
0.03927102053897348
0.039268575092622604
0.03926613173651988
0.03926369046494097
0.03926125127218697
0.039258814152584726
0.03925637910048675
0.0392539461102712
0.039251515176341796
0.039249086293128024
0.03924665945508524
0.03924423465669426
0.039241811892461814
0.03923939115692034
0.03923697244462798
0.039234555750168744
0.039232141068152385
0.03922972839321439
0.03922731772001592
0.0392249090432441
0.03922250235761173
0.039220097657857445
0.03921769493874551
0.03921529419506606
0.03921289542163497
0.039210498613293746
0.03920810376490977
0.03920571087137593
0.03920331992761102
0.03920093092855928
0.03919854386919075
0.03919615874450097
0.039193775549511256
0.039191394279268266
0.039189014928844246
0.039186637493337124
0.039184261967870025
0.039181888347591703
0.03917951662767612
0.03917714680332272
0.03917477886975621
0.03917241282222654
0.03917004865600881
0.03916768636640327
0.03916532594873542
0.03916296739835558
0.03916061071063909
0.039158255880986384
0.03915590290482243
0.03915355177759726
0.03915120249478549
0.039148855051886235
0.039146509444423314
0.039144165667945104
0.03914182371802416
0.0391394835902575
0.03913714528026624
0.039134808783695664
0.039132474096215106
0.03913014121351787
0.039127810131320946
0.039125480845365185
0.03912315335141488
0.03912082764525809
0.03911850372270597
0.039116181579593255
0.039113861211777436
0.039111542615139445
0.039109225785582756
0.03910691071903391
0.03910459741144179
0.03910228585877795
0.03909997605703621
0.03909766800223258
0.03909536169040519
0.03909305711761392
0.03909075427994051
0.039088453173488226
0.03908615379438165
0.03908385613876674
0.03908156020281031
0.03907926598270027
0.039076973474645005
0.03907468267487351
0.0390723935796351
0.039070106185199086
0.03906782048785486
0.03906553648391129
0.03906325416969694
0.039060973541559456
0.03905869459586566
0.03905641732900129
0.03905414173737033
0.03905186781739546
0.039049595565517375
0.03904732497819453
0.03904505605190308
0.039042788783136655
0.039040523168405845
0.039038259204238056
0.039035996887177404
0.039033736213784025
0.03903147718063444
0.039029219784320536
0.039026964021449805
0.039024709888644815
0.03902245738254284
0.039020206499795936
0.03901795723707
0.039015709591045014
0.03901346355841449
0.03901121913588491
0.03900897632017593
0.03900673510801948
0.039004495496159745
0.03900225748135266
0.03900002106036558
0.03899778622997693
0.038995552986975844
0.0389933213281616
0.03899109125034356
0.03898886275034047
0.038986635824980104
0.03898441047109904
0.03898218668554207
0.03897996446516172
0.03897774380681801
0.038975524707377945
0.038973307163714825
0.038971091172708264
0.03896887673124332
0.03896666383621022
0.038964452484503725
0.03896224267302293
0.03896003439867044
0.03895782765835215
0.03895562244897662
0.03895341876745451
0.038951216610698086
0.03894901597562079
0.03894681685913661
0.03894461925815963
0.03894242316960333
0.03894022859038024
0.03893803551740105
0.03893584394757452
0.03893365387780639
0.038931465304999094
0.03892927822605124
0.038927092637856694
0.03892490853730425
0.038922725921276824
0.038920544786651086
0.038918365130296506
0.03891618694907498
0.03891401023984003
0.03891183499943624
0.03890966122469845
0.03890748891245142
0.038905318059508705
0.03890314866267246
0.03890098071873223
0.03889881422446469
0.0388966491766328
0.03889448557198498
0.038892323407254584
0.03889016267915899
0.038888003384399156
0.03888584551965847
0.03888368908160235
0.038881534066877506
0.038879380472110855
0.03887722829390919
0.038875077528857986
0.03887292817352108
0.038870780224439516
0.038868633678130975
0.03886648853108887
0.03886434477978173
0.03886220242065214
0.03886006145011619
0.0388579218645626
0.038855783660351716
0.03885364683381505
0.038851511381254124
0.038849377298939884
0.03884724458311179
0.038845113229976934
0.03884298323570926
0.0388408545964487
0.038838727308300486
0.038836601367334085
0.03883447676958248
0.0388323535110413
0.03883023158766794
0.03882811099538094
0.03882599173005872
0.03882387378753908
0.03882175716361817
0.038819641854049874
0.03881752785454458
0.03881541516076854
0.03881330376834325
0.03881119367284419
0.038809084869800205
0.03880697735469265
0.0388048711229544
0.03880276616996938
0.03880066249107121
0.03879856008154275
0.038796458936615215
0.038794359051467185
0.03879226042122404
0.038790163040956775
0.03878806690568163
0.0387859720103589
0.038783878349892414
0.03878178591912851
0.03877969471285548
0.03877760472580251
0.03877551595263928
0.03877342838797481
0.038771342026356924
0.03876925686227156
0.03876717289014176
0.038765090104327195
0.038763008499123466
0.03876092806876109
0.03875884880740517
0.03875677070915448
0.03875469376804084
0.03875261797802855
0.03875054333301364
0.0387484698268232
0.038746397453214905
0.038744326205876194
0.03874225607842405
0.03874018706440392
0.038738119157289634
0.03873605235048245
0.03873398663731087
0.03873192201102988
0.0387298584648206
0.03872779599178977
0.03872573458496921
0.0387236742373155
0.038721614941709545
0.03871955669095605
0.03871749947778328
0.03871544329484259
0.03871338813470829
0.03871133398987693
0.03870928085276735
0.03870722871572044
0.03870517757099851
0.038703127410785416
0.03870107822718613
0.03869903001222684
0.03869698275785429
0.03869493645593619
0.038692891098260816
0.0386908466765367
0.03868880318239319
0.038686760607379744
0.03868471894296633
0.03868267818054329
0.038680638311421336
0.0386785993268317
0.03867656121792613
0.038674523975777156
0.03867248759137794
0.03867045205564285
0.03866841735940706
0.03866638349342749
0.03866435044838247
0.03866231821487225
0.03866028678341922
0.038658256144468335
0.03865622628838732
0.03865419720546722
0.03865216888592246
0.038650141319891876
0.038648114497438414
0.038646088408550223
0.038644063043140935
0.03864203839104995
0.03864001444204354
0.038637991185814916
0.03863596861198506
0.03863394671010336
0.0386319254696482
0.03862990488002772
0.038627884930580385
0.03862586561057595
0.038623846909215886
0.03862182881563436
0.03861981131889904
0.03861779440801184
0.03861577807190978
0.03861376229946584
0.038611747079489805
0.03860973240072919
0.03860771825187025
0.038605704621538686
0.03860369149830097
0.038601678870664784
0.03859966672708048
0.038597655055941954
0.038595643845587495
0.03859363308430096
0.03859162276031285
0.0385896128618013
0.03858760337689314
0.03858559429366495
0.03858358560014433
0.0385815772843107
0.03857956933409668
0.0385775617373891
0.038575554482030074
0.03857354755581811
0.038571540946509456
0.03856953464181896
0.03856752862942135
0.03856552289695235
0.0385635174320098
0.03856151222215481
0.03855950725491288
0.03855750251777509
0.03855549799819907
0.038553493683610295
0.038551489561403154
0.03854948561894198
0.038547481843562194
0.03854547822257147
0.03854347474325064
0.038541471392854874
0.03853946815861478
0.03853746502773727
0.03853546198740677
0.03853345902478596
0.038531456127017125
0.03852945328122276
0.03852745047450666
0.03852544769395486
0.03852344492663649
0.03852144215960465
0.03851943937989714
0.03851743657453748
0.03851543373053556
0.03851343083488836
0.038511427874580756
0.03850942483658616
0.038507421707867126
0.03850541847537609
0.03850341512605587
0.03850141164684008
0.03849940802465394
0.03849740424641432
0.03849540029903056
0.03849339616940467
0.03849139184443158
0.038489387310999455
0.038487382555990074
0.03848537756627892
0.03848337232873511
0.03848136683022202
0.038479361057596737
0.038477354997710315
0.038475348637407744
0.03847334196352773
0.0384713349629026
0.03846932762235796
0.03846731992871241
0.03846531186877731
0.0384633034293562
0.03846129459724441
0.03845928535922863
0.03845727570208616
0.038455265612584125
0.038453255077479105
0.038451244083515995
0.038449232617427456
0.03844722066593271
0.038445208215736694
0.03844319525352896
0.03844118176598256
0.03843916773975291
0.038437153161476396
0.0384351380177691
0.03843312229522542
0.0384311059804165
0.03842908905988885
0.03842707152016252
0.0384250533477294
0.03842303452905177
0.038421015050560114
0.03841899489865124
0.0384169740596866
0.038414952519989665
0.03841293026584448
0.03841090728349286
0.038408883559132447
0.0384068590789142
0.038404833828940124
0.03840280779526044
0.0384007809638715
0.03839875332071262
0.03839672485166381
0.03839469554254261
0.038392665379101416
0.03839063434702453
0.03838860243192514
0.038386569619342205
0.03838453589473727
0.03838250124349139
0.03838046565090162
0.038378429102177945
0.03837639158243962
0.038374353076711595
0.03837231356992136
0.038370273046894963
0.03836823149235346
0.03836618889090911
0.03836414522706164
0.03836210048519429
0.03836005464957
0.038358007704327304
0.038355959633476336
0.03835391042089476
0.038351860050323636
0.03834980850536312
0.038347755769468236
0.03834570182594476
0.03834364665794447
0.038341590248461316
0.03833953258032644
0.03833747363620403
0.03833541339858666
0.03833335184979089
0.03833128897195251
0.03832922474702197
0.03832715915675973
0.038325092182731724
0.03832302380630442
0.03832095400864024
0.03831888277069282
0.03831681007320219
0.038314735896689996
0.03831266022145477
0.03831058302756701
0.03830850429486464
0.0383064240029478
0.03830434213117439
0.03830225865865504
0.03830017356424851
0.038298086826556624
0.0382959984239199
0.0382939083344123
0.038291816535836895
0.03828972300572086
0.038287627721311036
0.03828553065956916
0.0382834317971671
0.03828133111048248
0.038279228575594265
0.038277124168277644
0.038275017864000435
0.03827290963791811
0.038270799464869616
0.03826868731937321
0.03826657317562227
0.03826445700748096
0.03826233878848047
0.03826021849181494
0.03825809609033765
0.03825597155655708
0.038253844862633495
0.03825171598037519
0.03824958488123509
0.03824745153630741
0.03824531591632445
0.03824317799165346
0.03824103773229375
0.0382388951078736
0.03823675008764803
0.03823460264049572
0.03823245273491713
0.03823030033903176
0.03822814542057665
0.038225987946903975
0.03822382788497957
0.03822166520138137
0.03821949986229807
0.03821733183352797
0.03821516108047791
0.03821298756816277
0.038210811261204784
0.03820863212383313
0.03820645011988409
0.03820426521280107
0.038202077365634975
0.03819988654104502
0.03819769270129928
0.038195495808276275
0.03819329582346601
0.03819109270797197
0.03818888642251286
0.038186676927425056
0.038184464182664996
0.038182248147812146
0.03818002878207204
0.03817780604427986
0.03817557989290421
0.038173350286051184
0.03817111718146882
0.03816888053655182
0.03816664030834683
0.03816439645355774
0.03816214892855166
0.038159897689365
0.0381576426917101
0.038155383890982116
0.038153121242266316
0.03815085470034591
0.03814858421970986
0.03814630975456162
0.03814403125882801
0.03814174868616828
0.038139461989983955
0.038137171123428945
0.038134876039420104
0.03813257669064796
0.03813027302958835
0.03812796500851411
0.038125652579507285
0.03812333569447184
0.0381210143051466
0.038118688363119185
0.03811635781983958
0.038114022626634825
0.03811168273472368
0.03810933809523224
0.03810698865920944
0.03810463437764337
0.03810227520147809
0.038099911081630404
0.038097541969007644
0.03809516781452584
0.038092788569127706
0.038090404183801954
0.03808801460960246
0.038085619797667856
0.0380832196992421
0.03808081426569463
0.03807840344854187
0.03807598719946822
0.03807356547034828
0.03807113821326899
0.03806870538055221
0.038066266924777895
0.03806382279880737
0.038061372955807374
0.038058917349273996
0.03805645593305724
0.03805398866138601
0.038051515488893135
0.03804903637064103
0.03804655126214735
0.03804406011941115
0.03804156289893944
0.038039059557773494
0.038036550053516006
0.03803403434435821
0.03803151238910716
0.03802898414721306
0.0380264495787975
0.0380239086446809
0.03802136130641077
0.038018807526289736
0.03801624726740391
0.03801368049365127
0.03801110716976984
0.03800852726136646
0.03800594073494509
0.03800334755793527
0.03800074769872065
0.03799814112666725
0.03799552781215188
0.037992907726590384
0.03799028084246563
0.03798764713335547
0.037985006573960554
0.03798235914013186
0.03797970480889804
0.037977043558492386
0.037974375368379804
0.037971700219283144
0.037969018093209385
0.03796632897347539
0.03796363284473343
0.0379609296929958
0.03795821950565978
0.037955502271531216
0.03795277798084845
0.03795004662530512
0.03794730819807248
0.0379445626938216
0.0379418101087443
0.037939050440573885
0.03793628368860509
0.037933509853713444
0.037930728938373445
0.03792794094667688
0.03792514588434939
0.037922343758766984
0.03791953457897158
0.037916718355685254
0.03791389510132429
0.03791106483001205
0.037908227557590844
0.03790538330163292
0.03790253208145109
0.037899673918107286
0.0378968088344214
0.037893936854977966
0.0378910580061329
0.03788817231601858
0.037885279814547965
0.03788238053341805
0.03787947450611181
0.03787656176789965
0.03787364235583889
0.037870716308773596
0.037867783667331706
0.037864844473922465
0.03786189877273208
0.03785894660971833
0.03785598803260436
0.03785302309087132
0.037850051835749715
0.03784707432020996
0.03784409059895188
0.03784110072839287
0.03783810476665545
0.037835102773553286
0.03783209481057654
0.037829080940876274
0.03782606122924742
0.03782303574211108
0.03782000454749617
0.0378169677150192
0.037813925315864104
0.03781087742276054
0.0378078241099615
0.03780476545321982
0.03780170152976458
0.037798632418275364
0.03779555819885707
0.037792478953013
0.0377893947636177
0.03778630571488862
0.0377832118923577
0.03778011338284143
0.037777010274411174
0.037773902656362
0.03777079061918166
0.03776767425451849
0.037764553655148865
0.03776142891494434
0.037758300128838206
0.037755167392791514
0.03775203080375864
0.03774889045965278
0.03774574645931076
0.037742598902457486
0.03773944788967052
0.03773629352234385
0.037733135902651815
0.03772997513351259
0.03772681131855179
0.037723644562065485
0.03772047496898342
0.03771730264483234
0.03771412769569852
0.03771095022819117
0.03770777034940519
0.03770458816688424
0.037701403788583845
0.0376982173228345
0.03769502887830494
0.03769183856396548
0.037688646489051666
0.037685452763028156
0.037682257495552325
0.037679060796438645
0.03767586277562324
0.03767266354312847
0.037669463209028
0.03766626188341212
0.037663059676353534
0.0376598566978732
0.03765665305790718
0.03765344886627291
0.03765024423263679
0.03764703926648193
0.03764383407707597
0.0376406287734399
0.037637423464317005
0.03763421825814247
0.03763101326301329
0.03762780858665912
0.03762460433641292
0.037621400619182975
0.03761819754142482
0.03761499520911401
0.03761179372771936
0.0376085932021769
0.037605393736864265
0.03760219543557532
0.0375989984014964
0.03759580273718202
0.037592608544531704
0.03758941592476753
0.03758622497841188
0.03758303580526619
0.037579848504390084
0.03757666317408115
0.03757347991185541
0.03757029881442816
0.037567119977695795
0.03756394349671811
0.0375607694657007
0.037557597977978925
0.03755442912600168
0.0375512630013161
0.037548099694552854
0.03754493929541183
0.03754178189264888
0.03753862757406255
0.037535476426481904
0.03753232853575441
0.03752918398673511
0.037526042863275565
0.03752290524821405
0.03751977122336581
0.03751664086951408
0.037513514266401704
0.037510391492723144
0.037507272626117
0.03750415774315949
0.03750104691935761
0.03749794022914368
0.03749483774586973
0.03749173954180288
0.03748864568812084
0.03748555625490795
0.03748247131115201
0.03747939092474103
0.03747631516246089
0.03747324408999338
0.037470177771914304
0.03746711627169246
0.03746405965168887
0.037461007973156275
0.03745796129623942
0.037454919679975156
0.03745188318229357
0.03744885186001889
0.037445825768871205
0.03744280496346837
0.03743978949732827
0.03743677942287123
0.03743377479142322
0.037430775653218985
0.037427782057405594
0.03742479405204633
0.03742181168412486
0.037418834999549795
0.03741586404315925
0.037412898858725986
0.03740993948896274
0.03740698597552755
0.03740403835902976
0.03740109667903597
0.03739816097407614
0.03739523128165032
0.03739230763823514
0.03738939007929085
0.037386478639268354
0.037383573351616455
0.03738067424878937
0.037377781362254454
0.037374894722499975
0.037372014359043096
0.03736914030043802
0.03736627257428421
0.037363411207234985
0.03736055622500614
0.0373577076523842
0.03735486551323593
0.037352029830516595
0.037349200626279604
0.03734637792168526
0.03734356173701013
0.03734075209165639
0.03733794900416143
0.03733515249220708
0.03733236257262922
0.03732957926142774
0.037326802573775894
0.037324032524030375
0.03732126912574086
0.03731851239166007
0.037315762333753694
0.0373130189632102
0.037310282290451094
0.037307552325140644
0.037304829076196006
0.03730211255179746
0.03729940275939834
0.037296699705735105
0.03729400339683752
0.03729131383803878
0.037288631033985484
0.037285954988647896
0.03728328570532979
0.03728062318667903
0.03727796743469691
0.037275318450748905
0.03727267623557426
0.03727004078929615
0.03726741211143172
0.0372647902009018
0.03726217505604108
0.037259566674607836
0.03725696505379394
0.037254370190234226
0.0372517820800169
0.03724920071869268
0.037246626101284805
0.03724405822229845
0.03724149707573027
0.03723894265507823
0.03723639495335063
0.037233853963075665
0.03723131967631091
0.03722879208465225
0.037226271179243396
0.03722375695078493
0.0372212493895432
0.037218748485359665
0.03721625422765943
0.03721376660546047
0.03721128560738205
0.03720881122165386
0.03720634343612435
0.037203882238269356
0.037201427615200636
0.03719897955367425
0.03719653804009888
0.037194103060544166
0.03719167460074865
0.03718925264612826
0.037186837181783845
0.03718442819250952
0.03718202566280012
0.03717962957685941
0.037177239918607316
0.03717485667168783
0.0371724798194762
0.03717010934508682
0.03716774523138006
0.03716538746096991
0.037163036016230756
0.03716069087930494
0.03715835203210921
0.03715601945634213
0.03715369313349053
0.037151373044836324
0.037149059171463286
0.03714675149426351
0.0371444499939438
0.03714215465103216
0.0371398654458841
0.037137582358688775
0.03713530536947521
0.03713303445811804
0.037130769604343916
0.0371285107877371
0.037126257987745236
0.037124011183685066
0.03712177035474814
0.03711953548000622
0.03711730653841682
0.03711508350882849
0.03711286636998604
0.03711065510053594
0.037108449679031194
0.037106250083936594
0.037104056293633364
0.03710186828642432
0.03709968604053855
0.037097509534136056
0.037095338745312435
0.037093173652103496
0.037091014232489575
0.03708886046439983
0.03708671232571711
0.037084569794281486
0.03708243284789488
0.037080301464324894
0.03707817562130892
0.037076055296558205
0.03707394046776139
0.03707183111258866
0.0370697272086951
0.037067628733724725
0.03706553566531359
0.0370634479810938
0.037061365658696555
0.03705928867575561
0.03705721700991067
0.03705515063881051
0.03705308954011621
0.03705103369150408
0.037048983070669055
0.03704693765532714
0.03704489742321868
0.03704286235211117
0.03704083241980175
0.037038807604120275
0.037036787882931736
0.037034773234138826
0.03703276363568456
0.03703075906555475
0.037028759501780334
0.03702676492243975
0.0370247753056612
0.037022790629624915
0.03702081087256545
0.03701883601277341
0.03701686602859802
0.03701490089844884
0.037012940600797635
0.037010985114180626
0.037009034417199965
0.037007088488525845
0.037005147306897995
0.03700321085112752
0.037001279100098504
0.03699935203276977
0.03699742962817611
0.036995511865430056
0.0369935987237232
0.036991690182327765
0.03698978622059776
0.036987886817970404
0.036985991953967415
0.036984101608196276
0.036982215760351364
0.03698033439021504
0.03697845747765885
0.036976585002644585
0.03697471694522524
0.036972853285546114
0.036970994003845584
0.03696913908045607
0.03696728849580506
0.036965442230415625
0.036963600264907574
0.03696176257999789
0.036959929156501606
0.03695809997533249
0.036956275017503544
0.036954454264127926
0.036952637696419176
0.03695082529569196
0.03694901704336254
0.03694721292094925
0.03694541291007283
0.036943616992457226
0.036941825149929435
0.03694003736442025
0.036938253617964406
0.03693647389270101
0.036934698170873595
0.036932926434830655
0.036931158667025434
0.03692939485001671
0.03692763496646826
0.03692587899914954
0.036924126930935455
0.03692237874480663
0.03692063442384935
0.03691889395125556
0.03691715731032305
0.036915424484455166
0.036913695457161014
0.036911970212055174
0.036910248732857864
0.036908531003394425
0.03690681700759573
0.0369051067294974
0.03690340015324024
0.03690169726306954
0.03689999804333515
0.03689830247849108
0.03689661055309537
0.036894922251809674
0.036893237559399016
0.036891556460731646
0.03688987894077819
0.03688820498461203
0.036886534577408175
0.0368848677044435
0.03688320435109582
0.036881544502844005
0.03687988814526693
0.03687823526404359
0.036876585844952146
0.036874939873869805
0.03687329733677206
0.03687165821973225
0.036870022508921185
0.036868390190606365
0.036866761251151424
0.036865135677015784
0.0368635134547538
0.03686189457101428
0.03686027901253994
0.03685866676616657
0.036857057818822564
0.03685545215752824
0.036853849769395
0.036852250641624985
0.03685065476151005
0.036849062116431235
0.036847472693857984
0.03684588648134752
0.03684430346654396
0.03684272363717775
0.03684114698106468
0.036839573486105365
0.03683800314028434
0.036836435931669166
0.03683487184840991
0.03683331087873812
0.03683175301096607
0.03683019823348601
0.03682864653476916
0.03682709790336514
0.03682555232790093
0.03682400979708002
0.0368224702996816
0.036820933824559754
0.036819400360642476
0.03681786989693075
0.036816342422497934
0.03681481792648848
0.03681329639811738
0.036811777826669015
0.03681026220149632
0.036808749512019956
0.03680723974772719
0.0368057328981712
0.03680422895296993
0.03680272790180529
0.03680122973442215
0.036799734440627396
0.036798242010288945
0.03679675243333486
0.03679526569975236
0.036793781799586714
0.03679230072294069
0.03679082245997297
0.036789347000897546
0.036787874335982865
0.03678640445555054
0.03678493734997442
0.03678347300967981
Eitim Tamamland
9 numaral adaki hata: %7,806
