1.0
0.10447432162696009
0.1037001322144235
0.10266785040663508
0.1013067838858473
0.09951777475637949
0.09724108411671344
0.09451018540193107
0.09149057063864804
0.08844863726001372
0.08564461481745317
0.08323207914309404
0.08123970653943147
0.07961716357615874
0.07828746636603003
0.07717768931818751
0.0762298321459885
0.07540138790022939
0.07466237182240838
0.07399192810194631
0.07337554179693401
0.07280300738495453
0.07226702740617642
0.07176226997120519
0.07128474112593751
0.070831367323985
0.0703997165012783
0.0699878103931453
0.0695939971403181
0.06921686402256728
0.06885517715024672
0.06850783944878121
0.06817386117626277
0.06785233909834383
0.06754244167800197
0.06724339845562184
0.06695449234577881
0.06667505395483861
0.06640445728715061
0.06614211639460808
0.0658874826585525
0.06564004248986795
0.06539931530296345
0.06516485166927685
0.06493623159108705
0.06471306286058305
0.06449497948523858
0.06428164017079918
0.06407272685935216
0.06386794332330638
0.0636670138176409
0.06346968179318756
0.06327570867347701
0.06308487269713733
0.06289696782718572
0.06271180272792781
0.06252919980962567
0.062348994340641124
0.062171033626395464
0.06199517625418274
0.061821291402608454
0.061649258214154366
0.06147896522906941
0.06131030987842003
0.0611431980336869
0.060977543609754985
0.06081326821751129
0.060650300861556594
0.06048857767778685
0.06032804170483604
0.06016864268267338
0.06001033687105031
0.059853086880085914
0.05969686150510808
0.05954163555799882
0.0593873896877442
0.05923411018368557
0.05908178875608212
0.05893042228997897
0.05878001256995967
0.058630565975049634
0.05848209314472239
0.058334608618543025
0.05818813045335913
0.05804267982305364
0.057898280606645945
0.057754958970955096
0.05761274295412293
0.05747166205607467
0.05733174684151396
0.05719302856037589
0.05705553878985981
0.05691930910129822
0.05678437075424574
0.056650754419337944
0.0565184899307088
0.05638760606809046
0.05625813036815825
0.056130088964231016
0.05600350645308753
0.05587840578740227
0.055754808192128906
0.05563273310304947
0.05551219812565524
0.05539321901251359
0.05527580965729287
0.055159982103665864
0.055045746567366986
0.05493311146975284
0.05482208348129106
0.054712667573484655
0.05460486707782208
0.05449868375042778
0.05439411784117298
0.05429116816609061
0.054189832182023244
0.054090106062516186
0.053991984774054515
0.05389546215182267
0.05380053097425412
0.053707183035718656
0.05361540921677976
0.05352519955153799
0.05343654329165659
0.05334942896674783
0.053263844440876604
0.05317977696501443
0.053097213225351915
0.05301613938744583
0.05293654113624648
0.052858403712108606
0.052781711942951066
0.052706450272775034
0.052632602786799015
0.05256015323350682
0.052489085043930496
0.05241938134852061
0.05235102499196446
0.052283998546327634
0.05221828432288931
0.05215386438303955
0.052090720548590555
0.05202883441183517
0.05196818734566003
0.05190876051398941
0.05185053488280088
0.05179349123191624
0.05173761016772775
0.051682872136979675
0.05162925744168138
0.051576746255184686
0.05152531863941991
0.05147495456324425
0.051425633921823796
0.051377336556936826
0.05133004227806246
0.051283730884095005
0.05123838218551031
0.05119397602679675
0.051150492308961605
0.05110791101191841
0.051066212216568506
0.05102537612639603
0.05098538308840723
0.0509462136132608
0.050907848394451005
0.05087026832642686
0.050833454521546424
0.0507973883257899
0.05076205133317217
0.05072742539881581
0.050693492650666
0.050660235499843824
0.05062763664965108
0.05059567910325529
0.05056434617009378
0.05053362147104737
0.05050348894244262
0.05047393283894805
0.05044493773543482
0.050416488527876335
0.0503885704333621
0.050361168989302506
0.050334270051901144
0.05030785979396861
0.050281924702150704
0.050256451573640185
0.05023142751243777
0.0502068399252259
0.050182676516911426
0.05015892528589325
0.05013557451910332
0.05011261278686669
0.050090028937622176
0.05006781209254074
0.05004595164007498
0.05002443723046932
0.050003258770257415
0.04998240641676975
0.04996187057267093
0.04994164188054554
0.04992171121754608
0.04990206969011549
0.04988270862879693
0.049863619583136766
0.04984479431669079
0.04982622480213729
0.049807903216502934
0.04978982193650456
0.0497719735340092
0.04975435077161477
0.04973694659835144
0.04971975414550537
0.04970276672256406
0.04968597781328295
0.04966938107187259
0.049652970319305496
0.04963673953974111
0.049620682877067376
0.04960479463155725
0.049589069256638446
0.04957350135577419
0.049558085679453565
0.049542817122288245
0.04952769072021404
0.049512701647795275
0.04949784521562833
0.04948311686784364
0.04946851217970101
0.04945402685527861
0.04943965672525019
0.04942539774474848
0.049411245991312545
0.04939719766291411
0.0493832490760612
0.04936939666397435
0.049355636974832064
0.04934196667008163
0.04932838252281167
0.04931488141618091
0.04930146034190012
0.04928811639876182
0.0492748467912131
0.04926164882796635
0.049248519920643184
0.04923545758244618
0.049222459426852175
0.049209523166322995
0.049196646611026344
0.04918382766756229
0.04917106433768935
0.04915835471704372
0.049145696993846535
0.04913308944759341
0.04912053044772011
0.049108018452239416
0.04909555200634375
0.049083129740968366
0.049070750371310354
0.049058412695299036
0.04904611559201371
0.049033858020044875
0.04902163901579612
0.049009457691723
0.04899731323450809
0.04898520490316918
0.048973132027100616
0.048961094004046586
0.04894909029800714
0.04893712043707753
0.04892518401122258
0.04891328066998768
0.048901410120150424
0.048889572123315024
0.048877766493454815
0.048865993094406535
0.04885425183732231
0.048842542678085396
0.04883086561469456
0.04881922068462587
0.04880760796217665
0.048796027555801286
0.04878447960544473
0.04877296427988208
0.04876148177407276
0.048750032306536094
0.048738616116757234
0.048727233462630234
0.048715884617947375
0.048704569869940366
0.04869328951688206
0.04868204386575456
0.04867083322999066
0.04865965792729385
0.04864851827754343
0.048637414600788215
0.048626347215334535
0.048615316435931734
0.0486043225720579
0.048593365926309424
0.048582446792895514
0.04857156545623957
0.04856072218968787
0.04854991725432628
0.048539150897903685
0.04852842335386241
0.0485177348404737
0.04850708556007564
0.048496475698413165
0.048485905424075
0.04847537488802687
0.04846488422323489
0.04845443354437835
0.0484440229476456
0.0484336525106102
0.048423322292182075
0.04841303233263029
0.04840278265367207
0.04839257325862334
0.04838240413260735
0.04837227524281526
0.048362186538814834
0.04835213795290319
0.048342129400498327
0.04833216078056512
0.048322231976072896
0.048312342854478496
0.04830249326823322
0.04829268305530773
0.04828291203973329
0.04827318003215474
0.04826348683039279
0.04825383222001229
0.04824421597489393
0.04823463785780711
0.048225097620980886
0.04821559500667178
0.04820612974772578
0.0481967015681332
0.048187310183574784
0.04817795530195732
0.04816863662393812
0.04815935384343653
0.04815010664813252
0.04814089471995062
0.04813171773552905
0.04812257536667362
0.0481134672807958
0.048104393141334585
0.04809535260816208
0.04808634533797295
0.04807737098465741
0.04806842919965752
0.04805951963230776
0.048050641930159656
0.04804179573928984
0.048032980704594004
0.04802419647006421
0.04801544267905256
0.04800671897452014
0.04799802499927193
0.04798936039617802
0.04798072480838271
0.047972117879499815
0.04796353925379697
0.0479549885763676
0.0479464654932923
0.04793796965178949
0.047929500700355725
0.04792105828889681
0.047912642068849605
0.04790425169329495
0.04789588681706275
0.047887547096829006
0.047879232191205885
0.04787094176082461
0.04786267546841186
0.047854432978860516
0.0478462139592942
0.0478380180791267
0.04782984501011678
0.04782169442641777
0.04781356600462325
0.04780545942380868
0.04779737436556942
0.0477893105140553
0.04778126755600171
0.04777324518075839
0.047765243080315184
0.04775726094932557
0.047749298485127885
0.047741355387764285
0.04773343135999863
0.04772552610733176
0.047717639338016024
0.04770977076306812
0.04770192009628084
0.04769408705423376
0.04768627135630295
0.04767847272466973
0.0476706908843293
0.04766292556309754
0.04765517649161869
0.0476474434033716
0.04763972603467565
0.047632024124696824
0.04762433741545309
0.04761666565181963
0.047609008581533975
0.047601365955200925
0.047593737526297177
0.04758612305117635
0.047578522289073444
0.04757093500210916
0.04756336095529494
0.047555799916536974
0.047548251656641
0.04754071594931642
0.04753319257118089
0.047525681301764336
0.047518181923513654
0.04751069422179625
0.047503217984904575
0.04749575300405976
0.0474882990734156
0.047480855990061896
0.04747342355402792
0.04746600156828555
0.04745858983875206
0.04745118817429283
0.04744379638672306
0.0474364142908098
0.04742904170427345
0.04742167844778785
0.047414324344981246
0.04740697922243553
0.047399642909685215
0.04739231523921581
0.04738499604646127
0.04737768516980061
0.0473703824505537
0.047363087732976226
0.047355800864253325
0.04734852169449252
0.04734125007671536
0.04733398586684764
0.04732672892370874
0.04731947910899951
0.0473122362872887
0.04730500032599778
0.04729777109538464
0.047290548468525456
0.04728333232129451
0.0472761225323433
0.04726891898307669
0.04726172155762785
0.04725453014283151
0.047247344628194236
0.04724016490586376
0.047232990870595466
0.04722582241971696
0.047218659453090346
0.047211501873072124
0.04720434958447085
0.04719720249450233
0.047190060512742125
0.04718292355107603
0.04717579152364725
0.047168664346801586
0.047161541939029536
0.04715442422090605
0.04714731111502679
0.04714020254594261
0.04713309844009036
0.04712599872572109
0.04711890333282552
0.04711181219305637
0.04710472523964765
0.04709764240733143
0.04709056363225099
0.0470834888518716
0.04707641800488782
0.04706935103112824
0.04706228787145654
0.04705522846767052
0.04704817276239738
0.04704112069898634
0.047034072221398125
0.04702702727409197
0.047019985801909296
0.047012947749954855
0.047005913063474736
0.04699888168773201
0.04699185356787941
0.046984828648829434
0.04697780687512181
0.046970788190788634
0.0469637725392169
0.04695675986300858
0.04694975010383865
0.04694274320231087
0.046935739097811215
0.046928737728359544
0.04692173903045941
0.04691474293894594
0.04690774938683189
0.04690075830515249
0.04689376962280847
0.0468867832664083
0.04687979916010824
0.04687281722545265
0.04686583738121221
0.0468588595432219
0.046851883624218535
0.046844909533677426
0.04683793717764842
0.046830966458592825
0.04682399727521923
0.0468170295223199
0.04681006309060751
0.046803097866552144
0.046796133732219226
0.04678917056510797
0.046782208237990876
0.04677524661875435
0.04676828557024095
0.04676132495009261
0.046754364610595726
0.046747404398528855
0.04674044415501096
0.04673348371535349
0.04672652290891343
0.04671956155895049
0.04671259948248537
0.04670563649016274
0.0466986723861162
0.04669170696783672
0.04668474002604562
0.04667777134456994
0.04667080070022311
0.04666382786268837
0.04665685259440808
0.04664987465047651
0.04664289377853761
0.046635909718688306
0.0466289222033861
0.046621930957363084
0.04661493569754463
0.0466079361329746
0.046600931964746434
0.046593922885940414
0.04658690858156738
0.04657988872851976
0.04657286299552879
0.046565831043129724
0.04655879252363398
0.04655174708110942
0.046544694351368536
0.0465376339619648
0.04653056553219774
0.046523488673126744
0.04651640298759398
0.046509308070257147
0.046502203507631026
0.0464950888781403
0.046487963752181706
0.046480827692197496
0.04647368025275971
0.04646652098066586
0.04645934941504638
0.04645216508748434
0.046444967522147405
0.04643775623593269
0.0464305307386254
0.04642329053307027
0.046416035115357815
0.04640876397502508
0.04640147659527081
0.046394172453186625
0.046386851020003665
0.04637951176135547
0.04637215413755811
0.046364777603907024
0.04635738161099158
0.046349965605028055
0.04634252902821124
0.04633507131908449
0.04632759191293029
0.04632009024218025
0.0463125657368452
0.046305017824967376
0.04629744593309238
0.04628984948676428
0.046282227911042126
0.04627458063103877
0.046266907072483494
0.046259206662306686
0.0462514788292488
0.046243723004492816
0.046235938622320505
0.046228125120792864
0.046220281942454984
0.04621240853506491
0.046204504352346805
0.04619656885476854
0.04618860151034314
0.04618060179545392
0.04617256919570363
0.04616450320678589
0.04615640333538024
0.04614826910006829
0.04614010003227159
0.04613189567720987
0.046123655594878715
0.04611537936104546
0.04610706656826265
0.0460987168268968
0.046090329766171376
0.04608190503522312
0.04607344230416771
0.046064941265175706
0.04605640163355365
0.04604782314883045
0.046039205575844636
0.046030548705831405
0.04602185235750515
0.04601311637813557
0.04600434064461368
0.045995525064504085
0.04598666957708115
0.04597777415434346
0.04596883880200469
0.04595986356045624
0.045950848505696605
0.045941793750225224
0.04593269944389468
0.045923565774717935
0.04591439296962627
0.04590518129517294
0.0458959310581781
0.04588664260631155
0.045877316328607476
0.045867952655907734
0.04585855206122999
0.04584911506005471
0.045839642210529455
0.04583013411358495
0.045820591412959896
0.045811014795132055
0.045801404989151244
0.04579176276637333
0.045782088940090684
0.04577238436506
0.04576264993692307
0.04575288659152227
0.04574309530410804
0.04573327708843936
0.04572343299577803
0.04571356411377637
0.045703671565261395
0.04569375650691696
0.045683820127865794
0.045673863648156295
0.04566388831715598
0.04565389541185763
0.045643886235101364
0.045633862113719094
0.04562382439660699
0.04561377445273172
0.0456037136690773
0.045593643448540465
0.045583565207780105
0.04557348037503087
0.045563390387886274
0.0455532966910614
0.045543200734142766
0.04553310396933278
0.04552300784919863
0.04551291382443265
0.045502823341633046
0.045492737841112706
0.045482658754743686
0.0454725875038455
0.04546252549712417
0.04545247412866876
0.04544243477601173
0.04543240879826038
0.04542239753430331
0.04541240230109794
0.045402424392043804
0.04539246507544503
0.04538252559306596
0.04537260715878257
0.04536271095733281
0.04535283814316584
0.04534298983939368
0.0453331671368445
0.04532337109321798
0.045313602732342466
0.04530386304353361
0.04529415298105235
0.045284473463660525
0.04527482537427329
0.04526520955970385
0.045255626830499385
0.045246077960863974
0.04523656368866566
0.045227084715523475
0.045217641706971456
0.04520823529269438
0.04519886606683274
0.04518953458835076
0.045180241381465064
0.045170986936128595
0.04516177170856541
0.04515259612185277
0.04514346056654539
0.04513436540133886
0.04512531095376632
0.04511629752092631
0.04510732537023688
0.04509839474021213
0.04508950584125823
0.04508065885648471
0.04507185394252871
0.04506309123038807
0.045054370826260876
0.04504569281238873
0.045037057247901184
0.04502846416965832
0.04501991359309057
0.045011405513031934
0.04500293990454651
0.044994516723745465
0.04498613590859308
0.04497779737970103
0.04496950104110898
0.04496124678105067
0.04495303447270499
0.04494486397492989
0.04493673513298004
0.044928647779207014
0.04492060173374013
0.044912596805150556
0.04490463279109545
0.044896709478943385
0.04488882664638102
0.04488098406200022
0.04487318148586628
0.04486541867006677
0.044857695359242326
0.04485001129109741
0.04484236619689358
0.04483475980192435
0.04482719182597118
0.04481966198374347
0.04481216998529992
0.044804715536453064
0.04479729833915861
0.04478991809188679
0.044782574489979673
0.044775267225992024
0.04476799599001805
0.04476076047000374
0.04475356035204469
0.04474639532067098
0.04473926505911873
0.04473216924958922
0.04472510757349568
0.044718079711697625
0.04471108534472558
0.04470412415299285
0.04469719581699799
0.044690300017516664
0.044683436435783735
0.04467660475366601
0.04466980465382617
0.04466303581987727
0.04465629793652994
0.044649590689730505
0.04464291376679227
0.04463626685651881
0.04462964964932031
0.04462306183732351
0.04461650311447472
0.04460997317663611
0.04460347172167751
0.04459699844956063
0.044590553062419123
0.04458413526463264
0.04457774476289636
0.04457138126628508
0.04456504448631312
0.04455873413698971
0.04455244993486995
0.0445461915991019
0.04453995885146958
0.044533751416432364
0.04452756902116106
0.04452141139556983
0.044515278272345665
0.04450916938697441
0.04450308447776354
0.04449702328586258
0.044490985555280534
0.04448497103290046
0.044478979468492295
0.04447301061472234
0.044467064227161304
0.04446114006428987
0.04445523788750196
0.04444935746110652
0.04444349855232682
0.044437660931298674
0.044431844371066655
0.04442604864757796
0.04442027353967648
0.0444145188290934
0.04440878430043791
0.04440306974118589
0.04439737494166747
0.04439169969505366
0.04438604379734127
0.04438040704733761
0.0443747892466433
0.044369190199634936
0.044363609713446404
0.04435804759794938
0.04435250366573315
0.04434697773208386
0.04434146961496269
0.044335979134983834
0.04433050611539134
0.04432505038203613
0.04431961176335162
0.044314190090329726
0.044308785196495774
0.04430339691788351
0.044298025093009154
0.04429266956284603
0.044287330170797584
0.04428200676267159
0.04427669918665287
0.04427140729327683
0.04426613093540188
0.04426086996818238
0.04425562424904095
0.044250393637641314
0.04424517799586029
0.04423997718776007
0.04423479107956079
0.04422961953961257
0.044224462438367286
0.04421931964835159
0.0442141910441384
0.04420907650231963
0.04420397590147823
0.04419888912216079
0.044193816046849674
0.04418875655993623
0.04418371054769277
0.044178677898245665
0.044173658501548446
0.04416865224935451
0.04416365903519082
0.04415867875433077
0.044153711303768065
0.04414875658219036
0.04414381448995323
0.044138884929053976
0.044133967803106536
0.04412906301731539
0.04412417047845037
0.04411929009482199
0.044114421776256116
0.044109565434069554
0.04410472098104558
0.04409988833140985
0.04409506740080621
0.04409025810627325
0.04408546036622086
0.04408067410040647
0.04407589922991286
0.044071135677124694
0.04406638336570646
0.04406164222057996
0.04405691216790245
0.04405219313504484
0.04404748505057003
0.044042787844212006
0.044038101446854334
0.04403342579050984
0.044028760808299774
0.04402410643443369
0.04401946260418945
0.044014829253893474
0.044010206320900885
0.044005593743576765
0.04400099146127669
0.043996399414328216
0.043991817544012116
0.04398724579254416
0.04398268410305725
0.04397813241958342
0.04397359068703607
0.04396905885119296
0.043964536858679105
0.04396002465694958
0.043955522194273164
0.04395102941971593
0.0439465462831249
0.04394207273511236
0.043937608727039765
0.043933154211002697
0.0439287091398153
0.04392427346699531
0.04391984714674934
0.04391543013395796
0.043911022384161856
0.04390662385354719
0.04390223449893167
0.043897854277751225
0.04389348314804596
0.04388912106844723
0.043884767998164195
0.043880423896971284
0.04387608872519512
0.04387176244370213
0.043867445013886626
0.04386313639765804
0.043858836557429504
0.043854545456105974
0.043850263057072625
0.043845989324183834
0.04384172422175164
0.04383746771453508
0.043833219767729394
0.04382898034695537
0.04382474941824896
0.043820526948051136
0.04381631290319782
0.04381210725091022
0.04380790995878457
0.043803720994783524
0.043799540327225994
0.0437953679247787
0.04379120375644656
0.043787047791564365
0.04378289999978791
0.04377876035108551
0.04377462881572985
0.04377050536428958
0.04376638996762153
0.04376228259686292
0.043758183223423425
0.04375409181897793
0.04375000835545901
0.04374593280504983
0.043741865140176944
0.04373780533350357
0.04373375335792263
0.04372970918655031
0.043725672792719515
0.04372164414997359
0.04371762323206001
0.043713610012924474
0.043709604466704986
0.04370560656772596
0.04370161629049284
0.0436976336096862
0.04369365850015688
0.04368969093692028
0.04368573089515154
0.04368177835018056
0.04367783327748685
0.04367389565269522
0.043669965451570834
0.043666042650014926
0.04366212722406027
0.043658219149866985
0.04365431840371848
0.043650424962017445
0.043646538801281616
0.04364265989814047
0.04363878822933117
0.04363492377169496
0.04363106650217413
0.04362721639780802
0.043623373435730264
0.043619537593165315
0.04361570884742554
0.04361188717590805
0.04360807255609212
0.04360426496553607
0.043600464381874815
0.043596670782817266
0.043592884146143575
0.04358910444970307
0.043585331671411515
0.04358156578924931
0.04357780678125897
0.04357405462554303
0.04357030930026245
0.043566570783634254
0.04356283905392977
0.04355911408947295
0.04355539586863883
0.04355168436985142
0.043547979571582594
0.0435442814523504
0.043540589990717755
0.043536905165290934
0.0435332269547184
0.04352955533768946
0.04352589029293333
0.04352223179921777
0.04351857983534818
0.04351493438016662
0.04351129541255087
0.043507662911413364
0.04350403685570075
0.043500417224392754
0.04349680399650167
0.043493197151071646
0.04348959666717793
0.04348600252392646
0.04348241470045341
0.04347883317592442
0.04347525792953435
0.04347168894050672
0.04346812618809367
0.04346456965157522
0.043461019310259356
0.043457475143481514
0.04345393713060444
0.043450405251018114
0.04344687948413952
0.0434433598094125
0.043439846206307725
0.04343633865432263
0.04343283713298136
0.043429341621834844
0.043425852100460724
0.04342236854846346
0.04341889094547459
0.04341541927115234
0.04341195350518242
0.04340849362727754
0.04340503961717796
0.04340159145465175
0.0433981491194945
0.04339471259153007
0.043391281850610676
0.043387856876616955
0.043384437649458485
0.04338102414907401
0.04337761635543169
0.04337421424852935
0.043370817808395044
0.04336742701508715
0.04336404184869482
0.043360662289338506
0.04335728831716993
0.043353919912372856
0.043350557055163205
0.04334719972578979
0.04334384790453422
0.04334050157171184
0.0433371607076716
0.043333825292797036
0.043330495307506336
0.04332717073225278
0.043323851547525265
0.043320537733848766
0.04331722927178479
0.04331392614193149
0.04331062832492467
0.04330733580143762
0.04330404855218213
0.04330076655790847
0.04329748979940609
0.04329421825750393
0.04329095191307094
0.043287690747016584
0.04328443474029094
0.043281183873885624
0.043277938128833925
0.04327469748621108
0.04327146192713516
0.0432682314327671
0.04326500598431125
0.043261785563015825
0.043258570150173196
0.04325535972712042
0.04325215427523965
0.0432489537759585
0.04324575821075012
0.04324256756113423
0.043239381808676966
0.043236200934991434
0.04323302492173808
0.043229853750624936
0.04322668740340839
0.04322352586189285
0.043220369107931665
0.043217217123427215
0.04321406989033123
0.04321092739064529
0.043207789606420875
0.04320465651975975
0.04320152811281445
0.04319840436778853
0.04319528526693652
0.043192170792564516
0.04318906092703053
0.043185955652744454
0.04318285495216835
0.043179758807817256
0.04317666720225846
0.043173580118112495
0.04317049753805313
0.04316741944480758
0.04316434582115662
0.043161276649934924
0.043158211914031235
0.043155151596388504
0.043152095680004145
0.04314904414792997
0.04314599698327275
0.0431429541691941
0.04313991568891058
0.043136881525693976
0.04313385166287144
0.04313082608382557
0.04312780477199449
0.04312478771087186
0.04312177488400733
0.043118766275006326
0.0431157618675302
0.04311276164529641
0.043109765592078304
0.043106773691705756
0.04310378592806463
0.04310080228509707
0.043097822746801656
0.043094847297233396
0.04309187592050344
0.04308890860077965
0.0430859453222862
0.043082986069303705
0.043080030826169353
0.04307707957727673
0.04307413230707595
0.04307118900007343
0.04306824964083227
0.04306531421397181
0.04306238270416777
0.04305945509615228
0.04305653137471378
0.043053611524697014
0.04305069553100284
0.04304778337858836
0.04304487505246679
0.04304197053770726
0.04303906981943494
0.043036172882830986
0.04303327971313212
0.04303039029563106
0.04302750461567594
0.04302462265867057
0.0430217444100741
0.04301886985540107
0.0430159989802213
0.043013131770159585
0.043010268210895854
0.04300740828816485
0.04300455198775623
0.043001699295514104
0.04299885019733714
0.042996004679178475
0.04299316272704541
0.04299032432699942
0.042987489465155904
0.04298465812768402
0.04298183030080674
0.04297900597080042
0.04297618512399492
0.04297336774677321
0.04297055382557139
0.04296774334687852
0.04296493629723613
0.04296213266323867
0.042959332431532764
0.04295653558881737
0.04295374212184347
0.04295095201741403
0.042948165262383674
0.04294538184365852
0.042942601748196224
0.04293982496300546
0.042937051475146065
0.04293428127172857
0.04293151433991432
0.04292875066691503
0.0429259902399927
0.04292323304645952
0.0429204790736775
0.04291772830905845
0.04291498074006361
0.04291223635420388
0.04290949513903891
0.042906757082177706
0.04290402217127775
0.04290129039404546
0.04289856173823544
0.04289583619165056
0.0428931137421418
0.04289039437760799
0.04288767808599547
0.04288496485529824
0.042882254673557496
0.0428795475288615
0.04287684340934556
0.042874142303191545
0.04287144419862789
0.04286874908392941
0.042866056947417165
0.04286336777745804
0.04286068156246469
0.04285799829089551
0.04285531795125426
0.04285264053208995
0.042849966021996595
0.042847294409613074
0.042844625683623176
0.04284195983275483
0.04283929684578063
0.04283663671151712
0.04283397941882505
0.042831324956608754
0.04282867331381635
0.042826024479439326
0.042823378442512584
0.04282073519211408
0.04281809471736473
0.04281545700742825
0.04281282205151093
0.04281018983886161
0.042807560358771535
0.04280493360057373
0.04280230955364361
0.04279968820739813
0.04279706955129611
0.042794453574837736
0.04279184026756475
0.04278922961905981
0.04278662161894687
0.04278401625689075
0.042781413522597095
0.04277881340581203
0.04277621589632225
0.042773620983954874
0.042771028658577064
0.042768438910096275
0.04276585172845971
0.04276326710365438
0.04276068502570717
0.042758105484684276
0.04275552847069141
0.04275295397387362
0.042750381984415046
0.04274781249253893
0.042745245488507576
0.0427426809626218
0.04274011890522133
0.04273755930668449
0.04273500215742794
0.04273244744790688
0.04272989516861459
0.04272734531008273
0.042724797862880845
0.04272225281761646
0.04271971016493496
0.042717169895519595
0.04271463200009106
0.04271209646940777
0.042709563294265576
0.042707032465497764
0.042704503973974926
0.042701977810604703
0.042699453966332165
0.042696932432139074
0.04269441319904453
0.04269189625810439
0.04268938160041115
0.04268686921709437
0.04268435909931999
0.0426818512382908
0.04267934562524594
0.042676842251461296
0.042674341108248914
0.04267184218695719
0.042669345478970985
0.042666850975711275
0.04266435866863534
0.04266186854923638
0.042659380609043854
0.042656894839623156
0.04265441123257566
0.042651929779538605
0.042649450472185414
0.042646973302224944
0.04264449826140211
0.042642025341497435
0.0426395545343274
0.04263708583174386
0.04263461922563458
0.04263215470792277
0.042629692270567295
0.04262723190556267
0.042624773604938763
0.04262231736076108
0.04261986316513052
0.04261741101018359
0.042614960888091975
0.04261251279106307
0.04261006671133941
0.0426076226411991
0.04260518057295548
0.04260274049895739
0.04260030241158879
0.042597866303269144
0.042595432166453125
0.0425929999936309
0.042590569777327655
0.04258814151010408
0.04258571518455613
0.04258329079331498
0.04258086832904715
0.042578447784454396
0.042576029152273785
0.04257361242527775
0.042571197596273855
0.04256878465810509
0.042566373603649656
0.04256396442582104
0.042561557117568254
0.04255915167187541
0.04255674808176202
0.04255434634028295
0.042551946440528385
0.042549548375623934
0.04254715213873046
0.04254475772304439
0.04254236512179752
0.04253997432825698
0.042537585335725284
0.042535198137540635
0.04253281272707656
0.04253042909774205
0.04252804724298169
0.04252566715627556
0.04252328883113936
0.04252091226112433
0.04251853743981721
0.042516164360840616
0.04251379301785255
0.042511423404546736
0.042509055514652734
0.04250668934193577
0.0425043248801967
0.04250196212327237
0.0424996010650353
0.04249724169939371
0.04249488402029196
0.04249252802171007
0.04249017369766419
0.042487821042206136
0.042485470049423886
0.042483120713441416
0.04248077302841868
0.04247842698855174
0.04247608258807268
0.04247373982124977
0.042471398682387425
0.04246905916582619
0.04246672126594292
0.04246438497715069
0.042462050293898726
0.04245971721067274
0.04245738572199465
0.042455055822422864
0.042452727506552115
0.04245040076901349
0.04244807560447488
0.04244575200764015
0.04244342997325015
0.04244110949608199
0.04243879057094956
0.04243647319270325
0.042434157356230275
0.04243184305645425
0.04242953028833572
0.0424272190468719
0.04242490932709672
0.042422601124081125
0.042420294432932576
0.04241798924879557
0.04241568556685158
0.04241338338231878
0.04241108269045236
0.04240878348654465
0.042406485765924755
0.042404189523958864
0.04240189475605028
0.04239960145763926
0.042397309624203364
0.042395019251257084
0.04239273033435214
0.042390442869077415
0.042388156851059
0.042385872275960204
0.042383589139481447
0.04238130743736078
0.04237902716537307
0.04237674831933088
0.04237447089508381
0.04237219488851901
0.04236992029556089
0.04236764711217118
0.04236537533434916
0.04236310495813153
0.0423608359795921
0.04235856839484261
0.04235630220003177
0.042354037391346175
0.04235177396500964
0.04234951191728362
0.04234725124446696
0.04234499194289608
0.04234273400894491
0.04234047743902489
0.04233822222958518
0.04233596837711222
0.04233371587813014
0.04233146472920068
0.04232921492692296
0.04232696646793389
0.04232471934890779
0.04232247356655664
0.04232022911762988
0.042317985998914696
0.04231574420723559
0.042313503739454916
0.042311264592472295
0.042309026763225156
0.042306790248688365
0.04230455504587427
0.042302321151833
0.042300088563651764
0.04229785727845581
0.042295627293407495
0.04229339860570687
0.04229117121259141
0.04228894511133602
0.042286720299253164
0.04228449677369261
0.04228227453204157
0.04228005357172486
0.042277833890204404
0.0422756154849795
0.04227339835358702
0.0422711824936009
0.042268967902632536
0.042266754578330394
0.0422645425183805
0.042262331720505704
0.04226012218246627
0.042257913902059616
0.04225570687712015
0.04225350110551945
0.0422512965851662
0.04224909331400594
0.042246891290021384
0.042244690511231996
0.042242490975694304
0.04224029268150163
0.042238095626784135
0.042235899809708675
0.042233705228479065
0.042231511881335546
0.04222931976655508
0.042227128882451385
0.0422249392273747
0.0422227507997115
0.04222056359788494
0.04221837762035464
0.042216192865616335
0.04221400933220216
0.042211827018680585
0.04220964592365602
0.04220746604576923
0.042205287383696895
0.04220310993615176
0.04220093370188234
0.04219875867967329
0.04219658486834481
0.04219441226675307
0.04219224087378959
0.042190070688381834
0.04218790170949263
0.04218573393612023
0.04218356736729832
0.04218140200209589
0.0421792378396172
0.04217707487900154
0.04217491311942341
0.0421727525600923
0.04217059320025247
0.04216843503918323
0.04216627807619847
0.042164122310646895
0.04216196774191155
0.04215981436941021
0.04215766219259504
0.04215551121095236
0.042153361424002854
0.04215121283130126
0.04214906543243635
0.042146919227030934
0.04214477421474157
0.04214263039525843
0.042140487768305784
0.042138346333640886
0.04213620609105485
0.04213406704037193
0.042131929181449694
0.04212979251417879
0.04212765703848294
0.04212552275431876
0.04212338966167559
0.04212125776057566
0.042119127051073554
0.04211699753325657
0.042114869207244075
0.042112742073187964
0.04211061613127199
0.04210849138171217
0.04210636782475618
0.04210424546068353
0.042102124289805434
0.042100004312464606
0.042097885529035026
0.04209576793992212
0.042093651545562286
0.042091536346422986
0.04208942234300273
0.04208730953583044
0.04208519792546592
0.04208308751249937
0.042080978297551294
0.042078870281272565
0.042076763464343844
0.04207465784747599
0.04207255343140955
0.04207045021691468
0.042068348204791155
0.042066247395868034
0.04206414779100362
0.042062049391085286
0.04205995219702931
0.04205785620978088
0.04205576143031361
0.04205366785962971
0.04205157549875979
0.042049484348762475
0.0420473944107245
0.04204530568576045
0.04204321817501266
0.04204113187965098
0.04203904680087258
0.042036962939902
0.04203488029799073
0.042032798876417275
0.0420307186764868
0.04202863969953112
0.04202656194690843
0.042024485420003144
0.04202241012022574
0.04202033604901271
0.042018263207826236
0.042016191598154
0.04201412122150924
0.04201205207943027
0.04200998417348051
0.042007917505248224
0.04200585207634643
0.04200378788841269
0.04200172494310875
0.04199966324212074
0.041997602787158465
0.041995543579955934
0.04199348562227047
0.04199142891588289
0.041989373462597276
0.0419873192642409
0.04198526632266363
0.04198321463973824
0.04198116421736004
0.0419791150574465
0.04197706716193715
0.0419750205327937
0.04197297517199944
0.041970931081559124
0.041968888263499066
0.041966846719866516
0.04196480645272982
0.04196276746417802
0.04196072975632071
0.04195869333128791
0.041956658191229776
0.041954624338316274
0.041952591774737466
0.0419505605027026
0.041948530524440426
0.041946501842198974
0.04194447445824499
0.041942448374864244
0.04194042359436067
0.04193840011905681
0.0419363779512932
0.04193435709342838
0.04193233754783836
0.04193031931691695
0.04192830240307506
0.04192628680874055
0.04192427253635844
0.04192225958839018
0.04192024796731358
0.04191823767562287
0.041916228715827994
0.04191422109045497
0.04191221480204522
0.04191020985315553
0.04190820624635777
0.04190620398423876
0.04190420306940003
0.041902203504457516
0.04190020529204143
0.04189820843479598
0.04189621293537919
0.04189421879646273
0.04189222602073156
0.04189023461088373
0.04188824456963021
0.041886255899694746
0.04188426860381346
0.04188228268473478
0.04188029814521896
0.04187831498803833
0.04187633321597646
0.04187435283182845
0.04187237383840042
0.041870396238509404
0.04186842003498296
0.04186644523065923
0.04186447182838645
0.041862499831022644
0.04186052924143582
0.04185856006250333
0.04185659229711189
0.04185462594815703
0.041852661018543305
0.04185069751118365
0.04184873542899949
0.04184677477492019
0.04184481555188313
0.04184285776283315
0.04184090141072262
0.04183894649851106
0.04183699302916469
0.041835041005656874
0.04183309043096707
0.04183114130808094
0.0418291936399904
0.04182724742969293
0.04182530268019153
0.04182335939449456
0.04182141757561538
0.04181947722657215
0.04181753835038766
0.041815600950088995
0.04181366502870727
0.04181173058927771
0.04180979763483884
0.04180786616843286
0.041805936193104985
0.041804007711903395
0.04180208072787896
0.04180015524408492
0.041798231263577
0.041796308789412456
0.041794387824650746
0.04179246837235255
0.04179055043557982
0.04178863401739579
0.041786719120864235
0.0417848057490496
0.04178289390501667
0.04178098359183034
0.041779074812555266
0.04177716757025588
0.04177526186799592
0.04177335770883822
0.04177145509584472
0.04176955403207586
0.04176765452059072
0.04176575656444636
0.041763860166698044
0.04176196533039874
0.04176007205859891
0.04175818035434644
0.04175629022068598
0.041754401660659315
0.041752514677304724
0.04175062927365682
0.04174874545274629
0.04174686321760008
0.041744982571240326
0.041743103516684955
0.04174122605694697
0.041739350195034455
0.04173747593395031
0.04173560327669174
0.04173373222625048
0.041731862785612375
0.041729994957756936
0.04172812874565749
0.04172626415228073
0.041724401180586596
0.04172253983352781
0.04172068011405004
0.041718822025091334
0.0417169655695822
0.04171511075044508
0.04171325757059437
0.04171140603293612
0.04170955614036766
0.04170770789577775
0.04170586130204591
0.04170401636204258
0.04170217307862873
0.041700331454655695
0.041698491492964805
0.04169665319638754
0.04169481656774487
0.04169298160984729
0.04169114832549466
0.04168931671747586
0.04168748678856866
0.04168565854153939
0.04168383197914291
0.041682007104122294
0.04168018391920858
0.04167836242712074
0.041676542630565284
0.041674724532236196
0.04167290813481456
0.041671093440968685
0.04166928045335342
0.04166746917461042
0.04166565960736767
0.04166385175423952
0.041662045617825993
0.04166024120071331
0.04165843850547313
0.041656637534662554
0.04165483829082393
0.041653040776484664
0.04165124499415712
0.04164945094633811
0.041647658635509094
0.04164586806413586
0.04164407923466808
0.04164229214953951
0.041640506811167766
0.041638723221953756
0.04163694138428187
0.04163516130051972
0.04163338297301787
0.041631606404109796
0.04162983159611157
0.04162805855132166
0.041626287272021036
0.04162451776047262
0.04162275001892142
0.04162098404959413
0.04161921985469907
0.041617457436426156
0.04161569679694625
0.041613937938411664
0.04161218086295557
0.04161042557269176
0.041608672069714796
0.041606920356099746
0.041605170433901745
0.041603422305156366
0.041601675971878915
0.041599931436064594
0.041598188699688385
0.04159644776470464
0.04159470863304711
0.04159297130662882
0.041591235787341765
0.041589502077056986
0.04158777017762411
0.04158604009087154
0.041584311818606036
0.041582585362612806
0.04158086072465518
0.04157913790647453
0.041577416909790124
0.04157569773629914
0.041573980387676256
0.0415722648655736
0.041570551171620854
0.04156883930742488
0.04156712927456956
0.04156542107461578
0.04156371470910136
0.04156201017954077
0.04156030748742513
0.04155860663422194
0.04155690762137517
0.04155521045030506
0.04155351512240775
0.04155182163905563
0.041550130001596776
0.04154844021135521
0.041546752269630415
0.04154506617769759
0.041543381936807254
0.04154169954818539
0.041540019013032975
0.04153834033252635
0.04153666350781671
0.041534988540030224
0.04153331543026776
0.041531644179605066
0.04152997478909239
0.041528307259754496
0.04152664159259066
0.041524977788574356
0.041523315848653285
0.0415216557737495
0.041519997564758944
0.04151834122255146
0.041516686747971
0.04151503414183503
0.041513383404935086
0.04151173453803605
0.04151008754187648
0.04150844241716851
0.041506799164597395
0.04150515778482206
0.04150351827847452
0.04150188064615998
0.04150024488845676
0.04149861100591639
0.041496978999063114
0.041495348868394344
0.041493720614380225
0.041492094237463785
0.041490469738060726
0.041488847116559466
0.04148722637332109
0.04148560750867914
0.04148399052293984
0.04148237541638174
0.04148076218925585
0.04147915084178566
0.04147754137416693
0.04147593378656758
0.04147432807912802
0.041472724251960545
0.041471122305149995
0.041469522238752894
0.04146792405279832
0.041466327747287104
0.041464733322192186
0.04146314077745845
0.041461550113002794
0.04145996132871418
0.04145837442445321
0.041456789400052645
0.04145520625531689
0.04145362499002244
0.0414520456039174
0.0414504680967217
0.04144889246812737
0.041447318717797915
0.04144574684536862
0.041444176850446754
0.04144260873261121
0.041441042491412554
0.04143947812637336
0.041437915636987656
0.04143635502272139
0.04143479628301232
0.041433239417269736
0.04143168442487493
0.04143013130518079
0.041428580057512085
0.04142703068116531
0.04142548317540874
0.041423937539482564
0.04142239377259878
0.04142085187394109
0.04141931184266519
0.04141777367789875
0.04141623737874115
0.041414702944263755
0.0414131703735101
0.04141163966549554
0.04141011081920741
0.041408583833605274
0.041407058707620646
0.041405535440157265
0.041404014030091016
0.04140249447626995
0.041400976777514364
0.04139946093261698
0.04139794694034278
0.04139643479942906
0.04139492450858574
0.04139341606649503
0.04139190947181192
0.04139040472316374
0.04138890181915074
0.041387400758345676
0.04138590153929429
0.04138440416051495
0.04138290862049911
0.041381414917711155
0.041379923050588394
0.041378433017541495
0.04137694481695411
0.04137545844718328
0.04137397390655925
0.04137249119338593
0.04137101030594038
0.04136953124247356
0.04136805400120986
0.04136657858034778
0.04136510497805919
0.0413636331924902
0.04136216322176093
0.041360695063965495
0.041359228717172306
0.041357764179423974
0.04135630144873772
0.041354840523105146
0.04135338140049238
0.04135192407884054
0.04135046855606525
0.0413490148300573
0.04134756289868241
0.04134611275978158
0.04134466441117094
0.04134321785064205
0.041341773075961916
0.04134033008487337
0.041338888875094855
0.04133744944432056
0.04133601179022095
0.04133457591044244
0.041333141802607616
0.04133170946431568
0.0413302788931421
0.04132885008663924
0.04132742304233611
0.0413259977577385
0.041324574230329536
0.04132315245756943
0.04132173243689568
0.04132031416572341
0.041318897641445196
0.041317482861431554
0.04131606982303087
0.041314658523569664
0.0413132489603526
0.04131184113066284
0.041310435031761975
0.04130903066089047
0.04130762801526754
0.041306227092091384
0.04130482788853951
0.04130343040176872
0.04130203462891527
0.04130064056709529
0.04129924821340462
0.04129785756491906
0.041296468618694925
0.04129508137176839
0.04129369582115675
0.041292311963857485
0.041290929796849465
0.04128954931709223
0.04128817052152681
0.041286793407075625
0.04128541797064272
0.04128404420911388
0.041282672119356996
0.04128130169822209
0.04127993294254151
0.041278565849130255
0.041277200414785935
0.04127583663628917
0.04127447451040383
0.04127311403387694
0.04127175520343907
0.041270398015804656
0.04126904246767185
0.04126768855572299
0.04126633627662485
0.04126498562702856
0.04126363660357001
0.041262289202870006
0.041260943421534566
0.041259599256154834
0.041258256703307766
0.041256915759555736
0.04125557642144734
0.04125423868551706
0.04125290254828602
0.041251568006261834
0.04125023505593862
0.041248903693797856
0.04124757391630796
0.04124624571992501
0.041244919101092445
0.04124359405624176
0.041242270581792265
0.0412409486741519
0.04123962832971656
0.041238309544871385
0.04123699231599005
0.04123567663943544
0.04123436251156001
0.04123304992870547
0.041231738887203405
0.041230429383375504
0.0412291214135334
0.04122781497397956
0.041226510061006756
0.041225206670898705
0.041223904799930385
0.04122260444436782
0.04122130560046862
0.041220008264482334
0.041218712432650254
0.041217418101205903
0.0412161252663752
0.04121483392437669
0.04121354407142174
0.04121225570371481
0.041210968817453536
0.04120968340882911
0.04120839947402643
0.041207117009224234
0.04120583601059545
0.041204556474307444
0.04120327839652192
0.041202001773395606
0.041200726601080165
0.041199452875722305
0.04119818059346442
0.04119690975044441
0.04119564034279601
0.04119437236664905
0.04119310581812968
0.04119184069336047
0.041190576988460716
0.04118931469954677
0.041188053822731746
0.041186794354126484
0.0411855362898392
0.041184279625975755
0.041183024358640095
0.04118177048393422
0.04118051799795861
0.04117926689681219
0.04117801717659272
0.041176768833396854
0.04117552186332051
0.04117427626245897
0.04117303202690683
0.04117178915275875
0.04117054763610919
0.041169307473052856
0.041168068659684656
0.04116683119210016
0.041165595066395486
0.04116436027866787
0.04116312682501552
0.04116189470153792
0.041160663904336176
0.041159434429512844
0.041158206273172446
0.04115697943142137
0.04115575390036843
0.041154529676124624
0.041153306754803574
0.041152085132521575
0.04115086480539795
0.04114964576955491
0.041148428021117976
0.0411472115562161
0.04114599637098183
0.041144782461551295
0.04114356982406471
0.04114235845466625
0.0411411483495043
0.04113993950473167
0.04113873191650559
0.04113752558098815
0.041136320494346054
0.041135116652751214
0.0411339140523805
0.04113271268941616
0.041131512560045824
0.04113031366046267
0.041129115986865646
0.04112791953545949
0.041126724302454815
0.04112553028406852
0.04112433747652372
0.04112314587604977
0.04112195547888265
0.04112076628126495
0.04111957827944596
0.04111839146968181
0.04111720584823564
0.04111602141137788
0.041114838155385795
0.04111365607654437
0.041112475171145725
0.04111129543548983
0.04111011686588394
0.041108939458643384
0.0411077632100912
0.04110658811655841
0.04110541417438403
0.04110424137991536
0.04110306972950775
0.04110189921952507
0.04110072984633942
0.04109956160633156
0.041098394495890686
0.041097228511414716
0.04109606364931037
0.041094899905993076
0.041093737277887135
0.04109257576142593
0.04109141535305175
0.04109025604921593
0.0410890978463791
0.041087940741010916
0.041086784729590535
0.04108562980860615
0.04108447597455558
0.041083323223945846
0.04108217155329365
0.04108102095912515
0.04107987143797586
0.04107872298639111
0.04107757560092592
0.04107642927814471
0.04107528401462183
0.04107413980694127
0.04107299665169684
0.04107185454549204
0.041070713484940305
0.041069573466664705
0.041068434487298376
0.04106729654348416
0.04106615963187485
0.041065023749133026
0.04106388889193128
0.04106275505695201
0.041061622240887496
0.041060490440439947
0.04105935965232146
0.04105822987325403
0.041057101099969455
0.04105597332920951
0.04105484655772571
0.04105372078227937
0.04105259599964191
0.0410514722065941
0.04105034939992676
0.04104922757644046
0.04104810673294541
0.04104698686626147
0.04104586797321815
0.04104475005065474
0.041043633095419814
0.041042517104371644
0.041041402074377974
0.04104028800231606
0.04103917488507228
0.04103806271954263
0.04103695150263229
0.04103584123125549
0.041034731902335864
0.041033623512806025
0.0410325160596077
0.04103140953969137
0.041030303950016646
0.0410291992875517
0.041028095549273794
0.0410269927321685
0.04102589083323018
0.041024789849461625
0.041023689777874066
0.04102259061548696
0.04102149235932811
0.04102039500643343
0.04101929855384679
0.04101820299862011
0.04101710833781305
0.041016014568493034
0.04101492168773509
0.041013829692621885
0.04101273858024322
0.04101164834769649
0.0410105589920859
0.0410094705105231
0.04100838290012644
0.04100729615802089
0.041006210281338454
0.04100512526721749
0.04100404111280265
0.04100295781524504
0.04100187537170178
0.041000793779336
0.04099971303531655
0.04099863313681824
0.04099755408102118
0.040996475865110876
0.04099539848627815
0.04099432194171889
0.04099324622863387
0.04099217134422841
0.040991097285712784
0.040990024050301374
0.04098895163521291
0.04098788003767018
0.04098680925489976
0.040985739284131975
0.04098467012260072
0.040983601767543204
0.04098253421619961
0.04098146746581319
0.04098040151362997
0.040979336356898446
0.040978271992869526
0.04097720841879613
0.04097614563193326
0.04097508362953754
0.040974022408867085
0.04097296196718139
0.040971902301740956
0.040970843409807126
0.040969785288641744
0.040968727935507335
0.040967671347666344
0.0409666155223811
0.04096556045691377
0.040964506148525835
0.040963452594478096
0.04096239979203016
0.04096134773844026
0.04096029643096533
0.04095924586686017
0.04095819604337772
0.040957146957768316
0.04095609860727983
0.04095505098915727
0.04095400410064237
0.04095295793897338
0.04095191250138494
0.04095086778510717
0.04094982378736672
0.040948780505384745
0.040947737936377966
0.04094669607755782
0.04094565492613002
0.04094461447929454
0.0409435747342452
0.04094253568816925
0.040941497338247194
0.040940459681652365
0.04093942271555056
0.040938386437099794
0.040937350843449946
0.04093631593174241
0.04093528169910964
0.04093424814267492
0.04093321525955191
0.04093218304684434
0.040931151501645655
0.04093012062103863
0.04092909040209499
0.04092806084187486
0.040927031937426625
0.04092600368578643
0.04092497608397776
0.04092394912901116
0.04092292281788346
0.04092189714757778
0.04092087211506297
0.04091984771729304
0.040918823951206926
0.04091780081372794
0.040916778301763254
0.040915756412203644
0.040914735141922835
0.040913714487777315
0.04091269444660534
0.04091167501522719
0.040910656190443824
0.04090963796903721
0.04090862034776932
0.04090760332338178
0.04090658689259545
0.04090557105210952
0.04090455579860161
0.040903541128726635
0.04090252703911665
0.04090151352638001
0.04090050058710117
0.04089948821783982
0.04089847641513048
0.040897465175481575
0.040896454495375545
0.04089544437126744
0.040894434799584926
0.040893425776727305
0.04089241729906505
0.040891409362939175
0.040890401964660476
0.04088939510050902
0.04088838876673339
0.04088738295954992
0.04088637767514232
0.04088537290966073
0.040884368659220856
0.04088336491990382
0.040882361687754755
0.04088135895878257
0.040880356728959025
0.0408793549942179
0.04087835375045433
0.040877352993523915
0.040876352719242066
0.04087535292338309
0.04087435360167938
0.040873354749820706
0.04087235636345311
0.04087135843817822
0.04087036096955237
0.04086936395308563
0.0408683673842411
0.04086737125843374
0.040866375571029526
0.040865380317344636
0.04086438549264419
0.0408633910921417
0.040862397110997525
0.040861403544318456
0.04086041038715626
0.04085941763450668
0.04085842528130863
0.040857433322442946
0.04085644175273105
0.04085545056693435
0.0408544597597527
0.040853469325823344
0.040852479259719895
0.04085148955595096
0.04085050020895878
0.040849511213118556
0.04084852256273664
0.04084753425204942
0.040846546275222204
0.040845558626347624
0.04084457129944443
0.040843584288456254
0.040842597587249944
0.04084161118961431
0.040840625089258654
0.040839639279811386
0.040838653754818426
0.04083766850774159
0.040836683531957456
0.040835698820755266
0.040834714367335725
0.04083373016480921
0.04083274620619404
0.04083176248441506
0.04083077899230156
0.04082979572258592
0.04082881266790153
0.0408278298207812
0.040826847173655
0.040825864718848935
0.040824882448582366
0.04082390035496667
0.04082291843000277
0.040821936665579615
0.04082095505347175
0.040819973585337295
0.04081899225271599
0.040818011047026835
0.04081702995956604
0.040816048981504635
0.040815068103886416
0.04081408731762529
0.040813106613503285
0.040812125982167755
0.04081114541412925
0.04081016489975884
0.04080918442928553
0.0408082039927938
0.04080722358022093
0.040806243181354195
0.04080526278582817
0.040804282383122135
0.04080330196255681
0.040802321513292064
0.04080134102432317
0.04080036048447857
0.04079937988241619
0.04079839920662077
0.040797418445400586
0.0407964375868838
0.040795456619015666
0.04079447552955506
0.040793494306070884
0.040792512935938656
0.04079153140633682
0.0407905497042435
0.040789567816432316
0.040788585729468946
0.04078760342970722
0.0407866209032852
0.04078563813612115
0.04078465511390931
0.04078367182211622
0.04078268824597614
0.040781704370486845
0.04078072018040517
0.04077973566024276
0.04077875079426141
0.040777765566468116
0.04077677996061108
0.040775793960174105
0.040774807548372316
0.040773820708146655
0.04077283342215936
0.04077184567278821
0.040770857442121555
0.04076986871195283
0.040768879463775255
0.040767889678775864
0.040766899337830294
0.04076590842149648
0.04076491691000899
0.04076392478327322
0.04076293202085871
0.04076193860199349
0.04076094450555718
0.040759949710074635
0.04075895419370982
0.04075795793425817
0.0407569609091407
0.040755963095395996
0.04075496446967409
0.040753965008228324
0.04075296468690865
0.04075196348115366
0.040750961365983
0.0407499583159896
0.040748954305331896
0.040747949307725365
0.04074694329643458
0.04074593624426452
0.04074492812355222
0.040743918906158055
0.04074290856345683
0.04074189706632871
0.040740884385149924
0.04073987048978372
0.04073885534957053
0.040737838933318365
0.04073682120929303
0.040735802145208076
0.04073478170821446
0.04073375986489023
0.0407327365812299
0.040731711822633736
0.04073068555389693
0.040729657739198274
0.040728628342088846
0.040727597325480654
0.04072656465163487
0.040725530282149855
0.04072449417794936
0.040723456299269725
0.04072241660564781
0.04072137505590852
0.040720331608151084
0.04071928621973678
0.04071823884727557
0.04071718944661198
0.040716137972812226
0.040715084380149674
0.04071402862209118
0.0407129706512825
0.040711910419533995
0.04071084787780582
0.04070978297619279
0.040708715663909906
0.04070764588927622
0.0407065735996998
0.04070549874166228
0.04070442126070207
0.04070334110139931
0.04070225820735869
0.040701172521193506
0.04070008398450899
0.04069899253788516
0.04069789812085995
0.04069680067191231
0.04069570012844445
0.04069459642676465
0.040693489502069545
0.04069237928842617
0.0406912657187542
0.0406901487248082
0.040689028237158836
0.04068790418517514
0.04068677649700601
0.04068564509956185
0.04068450991849586
0.040683370878186
0.040682227901715655
0.04068108091085589
0.04067992982604639
0.04067877456637671
0.040677615049568405
0.04067645119195603
0.04067528290846878
0.0406741101126124
0.040672932716451116
0.04067175063058933
0.04067056376415411
0.040669372024777474
0.04066817531857919
0.040666973550149546
0.04066576662253296
0.040664554437211314
0.04066333689408825
0.04066211389147358
0.04066088532606823
0.04065965109294999
0.04065841108555941
0.040657165195686996
0.04065591331345995
0.04065465532733138
0.04065339112406864
0.04065212058874352
0.040650843604723166
0.04064956005366209
0.040648269815495075
0.040646972768431766
0.040645668788951386
0.04064435775180034
0.040643039529990196
0.04064171399479738
0.04064038101576472
0.040639040460704635
0.040637692195704005
0.040636336085131314
0.04063497199164542
0.040633599776206945
0.04063221929809144
0.04063083041490583
0.040629432982606496
0.0406280268555206
0.04062661188637005
0.040625187926298635
0.040623754824902464
0.04062231243026297
0.04062086058898432
0.04061939914623379
0.040617927945786454
0.040616446830073406
0.04061495564023455
0.04061345421617554
0.04061194239662938
0.0406104200192226
0.04060888692054678
0.040607342936234816
0.040605787901042606
0.04060422164893687
0.040602644013187895
0.04060105482646928
0.04059945392096272
0.04059784112847072
0.04059621628053474
0.04059457920856056
0.04059292974395167
0.040591267718248634
0.04058959296327696
0.040587905311302595
0.04058620459519528
0.04058449064860039
0.04058276330611854
0.04058102240349507
0.04057926777781703
0.04057749926772003
0.040575716713604
0.04057391995785827
0.04057210884509587
0.04057028322239829
0.040568442939568745
0.04056658784939658
0.040564717807930424
0.040562832674761864
0.04056093231331897
0.04055901659116978
0.0405570853803358
0.040555138557615014
0.04055317600491495
0.04055119760959546
0.04054920326482019
0.040547192869918515
0.04054516633075509
0.040543123560108904
0.04054106447806027
0.040538989012385784
0.040536897098960294
0.04053478868216632
0.040532663715309246
0.040530522161038376
0.04052836399177271
0.04052618919013119
0.04052399774936561
0.04052178967379696
0.04051956497925196
0.04051732369350088
0.04051506585669441
0.04051279152179825
0.04051050075502508
0.040508193636261874
0.040505870259490845
0.04050353073320426
0.04050117518080955
0.04049880374102419
0.04049641656825917
0.04049401383298827
0.040491595722102244
0.04048916243924648
0.04048671420513895
0.04048425125786831
0.040481773853169346
0.0404792822646742
0.04047677678413773
0.040474257721634536
0.04047172540572751
0.04046918018360338
0.04046662242117664
0.040464052503158175
0.04046147083308724
0.04045887783332587
0.040456273945014214
0.0404536596279847
0.04045103536063482
0.04044840163975646
0.04044575898032151
0.04044310791522297
0.04044044899496981
0.04043778278733649
0.040435109876966004
0.04043243086492608
0.04042974636821959
0.04042705701924771
0.04042436346522823
0.0404216663675678
0.04041896640119045
0.040416264253822116
0.040413560625233706
0.040410856226442256
0.040408151778874885
0.04040544801349356
0.04040274566988571
0.040400045495321855
0.04039734824378245
0.04039465467495628
0.0403919655532138
0.040389281646558826
0.04038660372555871
0.04038393256225993
0.04038126892908918
0.04037861359774543
0.04037596733808431
0.040373330916999434
0.040370705097304616
0.040368090636618156
0.040365488286255094
0.040362898790128846
0.040360322883667435
0.0403577612927453
0.04035521473263619
0.04035268390698827
0.040350169506826156
0.04034767220958079
0.0403451926781521
0.040342731560005125
0.040340289486303006
0.04033786707107847
0.04033546491044687
0.040333083581861336
0.04033072364341225
0.04032838563317353
0.04032607006859429
0.04032377744594078
0.04032150823978561
0.04031926290254705
0.040317041864079466
0.04031484553131202
0.0403126742879396
0.04031052849416277
0.040308408486478035
0.0403063145775173
0.04030424705593574
0.04030220618634758
0.0403001922093084
0.040298205341343554
0.040296245775020084
0.04029431367906192
0.04029240919850658
0.040290532454901315
0.0402886835465373
0.0402868625487205
0.04028506951407607
0.04028330447288634
0.04028156743345877
0.040279858382522175
0.0402781772856506
0.04027652408771073
0.040274898713332584
0.04027330106740064
0.04027173103556362
0.040270188484760695
0.04026867326376285
0.04026718520372692
0.040265724118760844
0.04026428980649748
0.04026288204867747
0.04026150061173599
0.040260145247395095
0.04025881569325863
0.04025751167340767
0.040256232898996436
0.0402549790688466
0.04025374987003856
0.04025254497849883
0.040251364059583156
0.04025020676865217
0.04024907275164119
0.040247961645622124
0.040246873079355525
0.040245806673835004
0.040244762042819925
0.040243738793358595
0.040242736526299255
0.04024175483679101
0.0402407933147705
0.04023985154543794
0.04023892910972002
0.040238025584719464
0.04023714054415159
0.04023627355876823
0.04023542419676731
0.04023459202418993
0.04023377660530385
0.040232977502972535
0.04023219427901282
0.04023142649453734
0.040230673710285235
0.040229935486939
0.04022921138542908
0.04022850096722566
0.040227803794617434
0.04022711943097925
0.040226447441026714
0.040225787391059795
0.04022513884919437
0.040224501385583304
0.040223874572625704
0.04022325798516638
0.040222651200684106
0.04022205379947058
0.040221465364799334
0.04022088548308491
0.04022031374403317
0.04021974974078281
0.04021919307003775
0.04021864333219194
0.040218100131445805
0.04021756307591487
0.040217031777731234
0.04021650585313753
0.04021598492257474
0.04021546861076241
0.04021495654677316
0.04021444836410127
0.0402139437007247
0.04021344219916227
0.04021294350652523
0.04021244727456351
0.04021195315970745
0.040211460823104526
0.0402109699306518
0.04021048015302425
0.04020999116569883
0.04020950264897461
0.040209014287989744
0.04020852577273423
0.04020803679805997
0.040207547063687475
0.04020705627420951
0.04020656413909194
0.04020607037267198
0.04020557469415377
0.04020507682760192
0.04020457650193207
0.04020407345090044
0.04020356741308988
0.040203058131895425
0.04020254535550741
0.0402020288368926
0.04020150833377447
0.040200983608611546
0.04020045442857436
0.04019992056552123
0.04019938179597312
0.04019883790108631
0.04019828866662528
0.040197733882934183
0.04019717334490651
0.040196606851955675
0.04019603420798304
0.04019545522134608
0.04019486970482626
0.040194277475595244
0.040193678355181256
0.04019307216943491
0.04019245874849394
0.040191837926748554
0.040191209542805285
0.0401905734394512
0.04018992946361754
0.040189277466342925
0.0401886173027369
0.04018794883194226
0.040187271917097915
0.04018658642530154
0.04018589222757171
0.040185189198810305
0.04018447721776415
0.04018375616698755
0.04018302593280395
0.04018228640526744
0.04018153747812533
0.04018077904877919
0.0401800110182469
0.040179233291124376
0.04017844577554738
0.040177648383153165
0.04017684102904208
0.040176023631739714
0.04017519611315843
0.04017435839855969
0.04017351041651519
0.04017265209886959
0.040171783380702125
0.040170904200288925
0.04017001449906484
0.04016911422158605
0.04016820331549204
0.04016728173146812
0.040166349423207744
0.040165406347375074
0.04016445246356751
0.04016348773427816
0.04016251212485893
0.04016152560348295
0.04016052814110773
0.040159519711437754
0.040158500290887564
0.04015746985854509
0.040156428396134716
0.04015537588797986
0.040154312320967396
0.04015323768450998
0.04015215197051004
0.0401510551733229
0.04014994728972067
0.04014882831885544
0.040147698262223565
0.040146557123628586
0.04014540490914587
0.040144241627085665
0.04014306728795775
0.04014188190443504
0.04014068549131739
0.040139478065496295
0.040138259645918536
0.04013703025355083
0.040135789911343624
0.0401345386441957
0.04013327647891903
0.04013200344420221
0.04013071957057603
0.04012942489037765
0.04012811943771484
0.04012680324843165
0.04012547636007242
0.040124138811847294
0.04012279064459635
0.04012143190075556
0.040120062624321294
0.040118682860815824
0.04011729265725231
0.04011589206210049
0.040114481125252
0.04011305989798589
0.04011162843293424
0.04011018678404829
0.04010873500656356
0.04010727315696681
0.04010580129296116
0.040104319473433
0.040102827758417975
0.04010132620906755
0.04009981488761562
0.04009829385734508
0.04009676318255496
0.04009522292852723
0.04009367316149418
0.04009211394860544
0.04009054535789598
0.040088967458253195
0.04008738031938509
0.04008578401178825
0.04008417860671616
0.04008256417614735
0.040080940792754066
0.04007930852987138
0.040077667461465925
0.04007601766210504
0.04007435920692639
0.04007269217160779
0.04007101663233685
0.04006933266578112
0.04006764034905876
0.04006593975970896
0.040064230975663105
0.04006251407521557
0.04006078913699554
0.040059056239938384
0.04005731546325805
0.04005556688641898
0.04005381058910884
0.04005204665121162
0.04005027515278029
0.0400484961740108
0.040046709795215706
0.04004491609679798
0.0400431151592259
0.04004130706300776
0.04003949188866663
0.040037669716716046
0.0400358406276357
0.04003400470184784
0.040032162019693125
Eitim Tamamland
1 numaral adaki hata: %7,493
