1.0
0.1181857299572622
0.11342836726314826
0.11145808151816107
0.10893141395502816
0.10588313473633956
0.10259033040145875
0.09945552890355872
0.09678251719498364
0.09465113464026788
0.09297873793145837
0.09163742401357408
0.09051932213609461
0.08955051026901079
0.08868438576737411
0.08789216925664006
0.08715578383082027
0.086463420414346
0.08580697645697473
0.08518061365440706
0.08457994162312023
0.08400154352090651
0.0834426888062503
0.08290115035215362
0.08237508153036331
0.08186292912677653
0.08136336873408148
0.08087525514057693
0.08039758349720943
0.0799294588607764
0.07947007268392536
0.07901868528822831
0.07857461352364063
0.07813722282959283
0.07770592287273899
0.07728016591307622
0.0768594470805345
0.07644330583578396
0.07603132802734888
0.07562314811550097
0.07521845128360392
0.07481697527795099
0.0744185118967493
0.07402290808774428
0.07363006662015771
0.07323994628239044
0.0728525615350148
0.0724679815294406
0.07208632839341571
0.0717077746888385
0.07133253996601954
0.07096088637027968
0.07059311329909208
0.0702295511575716
0.06987055431319845
0.06951649340310948
0.06916774719475222
0.06882469423884209
0.06848770457840789
0.06815713178614285
0.06783330559257884
0.0675165253399091
0.06720705445280187
0.06690511606238525
0.06661088985817576
0.06632451018099988
0.06604606531337043
0.06577559787651326
0.06551310620776524
0.06525854656908554
0.06501183602618754
0.06477285583660561
0.0645414551916942
0.06431745516993873
0.06410065277505766
0.0638908249505414
0.06368773248119174
0.06349112371086872
0.06330073802324483
0.0631163090483672
0.06293756757186371
0.0627642441355112
0.06259607132757174
0.0624327857688793
0.06227412980629701
0.062119852929115094
0.06196971292649399
0.061823476805469346
0.06168092148959145
0.061541834318229856
0.06140601336612723
0.0612732676021125
0.0611434169050922
0.061016291954616435
0.06089173401251101
0.0607695946112809
0.0606497351642459
0.06053202651162241
0.060416348416017944
0.06030258902001339
0.06019064427767231
0.06008041737090689
0.059971818120658035
0.059864762401805334
0.05975917156963602
0.05965497190457989
0.05955209408079464
0.05945047266307975
0.059350045635544475
0.05925075396447058
0.05915254119692289
0.059055353095879844
0.058959137311998026
0.058863843091588576
0.05876942101997218
0.05867582279908854
0.058583001058053315
0.05849090919527036
0.05839950125070902
0.058308731807022715
0.05821855591831005
0.05812892906547732
0.058039807137347
0.05795114643685163
0.05786290371183958
0.05777503621019592
0.057687501759127395
0.05760025886857123
0.0575132668587463
0.05742648601187237
0.057339877748016466
0.05725340482489094
0.05716703156120352
0.0570807240828514
0.05699445059084364
0.05690818164933341
0.05682189049153942
0.05673555334063758
0.0566491497419221
0.056562662901676455
0.05647608002728645
0.0563893926621925
0.056302597008354535
0.05621569422803276
0.05612869071592322
0.056041598332084545
0.05595443458571418
0.055867222759742347
0.0557799919664687
0.05569277712512696
0.0556056188533644
0.05551856326619073
0.05543166167798558
0.05534497020562325
0.05525854927362289
0.05517246302536463
0.05508677864770974
0.05500156561967327
0.05491689489895579
0.05483283806296691
0.05474946642330249
0.05466685013430524
0.054585057317229825
0.054504153221556606
0.05442419944412943
0.054345253225045485
0.05426736683668323
0.05419058707904555
0.054114954890878864
0.054040505082019304
0.05396726618830538
0.05389526044641151
0.05382450388227159
0.05375500650356023
0.05368677258408567
0.05361980102601886
0.05355408578466379
0.05348961633995664
0.053426378199019686
0.05336435341481016
0.05330352110709233
0.05324385797351283
0.053185338780355994
0.05312793682448329
0.05307162435992351
0.05301637298448023
0.05296215398349907
0.052908938629536065
0.05285669843804885
0.0528054053803877
0.05275503205628072
0.05270555182869939
0.052656938924471285
0.05260916850429894
0.052562216705974454
0.05251606066457065
0.05247067851327785
0.05242604936835452
0.052382153301403764
0.05233897130189017
0.05229648523249353
0.05225467777956924
0.05221353240066474
0.05217303327073298
0.052133165228394736
0.05209391372333741
0.052055264765698044
0.05201720487806878
0.051979721050577854
0.05194280069934186
0.0519064316284539
0.051870601995561615
0.051835300281002174
0.05180051526039165
0.051766235980513664
0.05173245173831167
0.05169915206276726
0.05166632669942568
0.051633965597325304
0.05160205889808535
0.051570596926912
0.05153957018528912
0.05150896934513432
0.051478785244212656
0.05144900888261683
0.0514196314201378
0.05139064417436701
0.051362038619386416
0.05133380638491917
0.05130593925582856
0.051278429171866806
0.051251268227589256
0.0512244486723608
0.05119796291039376
0.05117180350076579
0.05114596315737607
0.05112043474880582
0.05109521129805701
0.05107028598214926
0.051045652131559614
0.051021303229496995
0.050997232911004504
0.050973434961888005
0.050949903317472456
0.050926632061188366
0.05090361542299477
0.05088084777764502
0.05085832364280435
0.05083603767702821
0.05081398467761057
0.05079215957831512
0.05077055744699721
0.0507491734831294
0.05072800301524175
0.05070704149828667
0.05068628451093976
0.05066572775284707
0.0506453670418292
0.05062519831105095
0.05060521760616768
0.050585421082455
0.05056580500193293
0.05054636573048951
0.05052709973501452
0.05050800358054716
0.050489073927447
0.050470307528591885
0.05045170122660992
0.05043325195114982
0.05041495671619418
0.05039681261742
0.0503788168296103
0.05036096660411929
0.050343259266394706
0.05032569221355966
0.05030826291205505
0.0502909688953458
0.05027380776169102
0.05025677717197915
0.050239874847629526
0.0502230985685601
0.050206446171221414
0.05018991554669719
0.05017350463887072
0.05015721144265594
0.05014103400229422
0.05012497040971343
0.050109018802949955
0.05009317736463145
0.05007744432051948
0.05006181793810972
0.050046296525288865
0.050030878429045855
0.050015562034236134
0.050000345762396294
0.04998522807060859
0.049970207450411204
0.04995528242675482
0.049940451557001005
0.04992571342996281
0.0499110666649832
0.04989650991105176
0.0498820418459556
0.049867661175463915
0.04985336663254384
0.0498391569766058
0.04982503099277671
0.04981098749119882
0.04979702530635334
0.04978314329640662
0.04976934034257741
0.0497556153485239
0.04974196723974892
0.049728394963022345
0.049714897485818706
0.049701473795769446
0.04968812290012836
0.049674843825249226
0.04966163561607431
0.049648497335633486
0.049635428064552276
0.04962242690056806
0.0496094929580548
0.04959662536755345
0.04958382327531
0.04957108584281752
0.049558412246364786
0.0495458016765886
0.04953325333803001
0.04952076644869485
0.04950834023961677
0.04949597395442372
0.04948366684890628
0.0494714181905891
0.049459227258303415
0.04944709334176176
0.04943501574113452
0.04942299376662687
0.04941102673805796
0.04939911398444022
0.0493872548435599
0.04937544866155847
0.0493636947925144
0.04935199259802539
0.04934034144679121
0.04932874071419671
0.04931718978189488
0.049305688037390445
0.04929423487362274
0.049282829688549
0.049271471884727455
0.04926016086889949
0.049248896051572066
0.049237676846598674
0.049226502670760446
0.049215372943345374
0.04920428708572696
0.04919324452094141
0.04918224467326326
0.04917128696777882
0.049160370829958125
0.04914949568522412
0.04913866095851921
0.04912786607386881
0.049117110453941695
0.04910639351960582
0.0490957146894808
0.049085073379485186
0.0490744690023785
0.04906390096729751
0.049053368679286155
0.04904287153881882
0.04903240894131521
0.04902198027664753
0.049011584928638406
0.04900122227454818
0.04899089168455217
0.048980592521205894
0.04897032413889721
0.048960085883285154
0.048949877090723064
0.04893969708766631
0.048929545190062096
0.04891942070272066
0.04890932291866579
0.04889925111846446
0.048889204569531816
0.048879182525411846
0.048869184225030976
0.04885920889192189
0.048849255733417224
0.04883932393980912
0.04882941268347347
0.04881952111795546
0.04880964837701478
0.04879979357362614
0.04878995579893319
0.048780134121152195
0.04877032758442191
0.04876053520759554
0.04875075598297157
0.04874098887495835
0.0487312328186684
0.048721486718437304
0.0487117494462615
0.048702019840150414
0.04869229670238535
0.048682578797680266
0.048672864851235745
0.048663153546680375
0.048653443523890116
0.048643733376677545
0.04863402165034185
0.048624306839069265
0.04861458738317315
0.0486048616661624
0.04859512801162537
0.04858538467991616
0.048575629864628954
0.048565861688843866
0.04855607820112943
0.048546277371281164
0.04853645708577974
0.04852661514294521
0.0485167492477668
0.04850685700638274
0.0484969359201862
0.0484869833795271
0.048476996656982706
0.048466972900163524
0.048456909124022216
0.048446802202628175
0.04843664886037147
0.04842644566255491
0.048416189005332996
0.04840587510495366
0.04839549998625741
0.04838505947038817
0.048374549161668494
0.04836396443359311
0.048353300413895246
0.0483425519686449
0.04833171368534098
0.048320779854967286
0.0483097444529944
0.048298601119320814
0.0482873431371683
0.04827596341097166
0.048264454443333875
0.04825280831116275
0.04824101664115294
0.04822907058484551
0.048216960793573065
0.04820467739369033
0.048192209962598063
0.04817954750618737
0.0481666784384577
0.04815359056418812
0.04814027106564848
0.04812670649439627
0.04811288276917976
0.048098785180785836
0.04808439840425136
0.048069706518063644
0.04805469302865376
0.0480393408964224
0.04802363255650066
0.04800754992320046
0.0479910743614803
0.04797418660175814
0.04795686656642959
0.047939093068541404
0.0479208433372992
0.04790209232492798
0.04788281176004697
0.04786296894092748
0.04784252531514411
0.04782143497583157
0.047799643318619696
0.047777086235071445
0.04775369033797116
0.047729374770840494
0.04770405508495567
0.04767764941563201
0.047650086740742746
0.04762131642039407
0.04759131765030069
0.047560107124356044
0.047527743281379646
0.04749432606718666
0.047459992048144946
0.047424905683465406
0.047389248285525626
0.04735320646712541
0.04731696167811936
0.04728068192147315
0.047244516126652626
0.04720859112878356
0.04717301085143741
0.047137857130799314
0.04710319160818953
0.04706905819775268
0.04703548575414579
0.04700249068497404
0.04697007935486672
0.04693825020530759
0.04690699556716419
0.04687630317548627
0.04684615741379
0.0468165403225523
0.04678743240787124
0.046758813283983826
0.046730662179432905
0.04670295833226817
0.04667568129540089
0.046648811169406675
0.046622328776806075
0.046596215789149555
0.04657045481603531
0.04654502946342823
0.046519924367242435
0.04649512520703365
0.0464706187037591
0.04644639260484952
0.046422435659267264
0.046398737584760215
0.046375289029141974
0.046352081527119025
0.04632910745392657
0.046306359976820026
0.04628383300529102
0.04626152114072568
0.04623941962609608
0.046217524296171056
0.04619583152864056
0.04617433819647609
0.04615304162178006
0.04613193953133055
0.046111030013975554
0.04609031147999591
0.04606978262252225
0.0460494423810619
0.0460292899071695
0.04600932453227154
0.04598954573763952
0.04596995312648923
0.04595054639817057
0.045931325324401466
0.04591228972748878
0.0458934394604718
0.04587477438911677
0.04585629437568554
0.045837999264398195
0.04581988886850566
0.045801962958887055
0.045784221254086675
0.04576666341170382
0.04574928902105136
0.04573209759699959
0.04571508857492444
0.0456982613066813
0.04568161505752936
0.04566514900393315
0.045648862232172946
0.04563275373769742
0.045616822425155704
0.04560106710904997
0.04558548651495122
0.04557007928122437
0.04555484396121298
0.045539779025833206
0.04552488286653265
0.04551015379856899
0.04549559006456697
0.04548118983831384
0.045466951228755666
0.045452872284156856
0.04543895099639031
0.045425185305324384
0.04541157310327561
0.04539811223949869
0.04538480052468637
0.04537163573545259
0.04535861561877688
0.045345737896386955
0.04533300026906079
0.04532040042082868
0.04530793602306179
0.04529560473843087
0.04528340422472431
0.045271332138514954
0.04525938613866747
0.04524756388967915
0.0452358630648495
0.04522428134927482
0.04521281644266604
0.045201466061988306
0.045190227943924154
0.045179099847160065
0.04516807955450069
0.04515716487481297
0.0451463536448044
0.04513564373064107
0.045125033029409296
0.0451145194704285
0.04510410101641891
0.04509377566453281
0.045083541447253885
0.04507339643317217
0.04506333872764143
0.04505336647332361
0.04504347785062986
0.04503367107806158
0.04502394441245939
0.0450142961491655
0.04500472462210571
0.044995228203795735
0.04498580530527863
0.0449764543759973
0.044967173903608035
0.04495796241373899
0.04494881846969811
0.0449397406721362
0.044930727658666965
0.04492177810344953
0.04491289071673606
0.04490406424438901
0.044895297467369456
0.044886589201201164
0.044877938295412576
0.044869343632959004
0.044860804129628055
0.04485231873343026
0.04484388642397761
0.04483550621185086
0.0448271771379591
0.04481889827289211
0.04481066871626735
0.04480248759607374
0.04479435406801298
0.04478626731484005
0.044778226545704
0.0447702309954902
0.04476227992416532
0.0447543726161253
0.044746508379548404
0.04473868654575245
0.04473090646855937
0.04472316752366495
0.04471546910801709
0.044707810639200554
0.04470019155483158
0.044692611311959805
0.04468506938648063
0.04467756527255632
0.04467009848204735
0.04466266854395417
0.04465527500386859
0.04464791742343694
0.044640595379833246
0.04463330846524363
0.04462605628636187
0.04461883846389597
0.044611654632086245
0.04460450443823439
0.04459738754224414
0.044590303616172985
0.04458325234379537
0.04457623342017686
0.04456924655125997
0.04456229145346052
0.04455536785327534
0.04454847548690087
0.04454161409986263
0.04453478344665499
0.04452798329039212
0.04452121340246861
0.04451447356223096
0.04450776355665883
0.04450108318005643
0.044494432233753226
0.04448781052581502
0.04448121787076337
0.04447465408930547
0.04446811900807168
0.044461612459363205
0.04445513428090769
0.04444868431562304
0.04444226241139054
0.04443586842083456
0.04442950220111172
0.04442316361370659
0.044416852524234975
0.04441056880225539
0.04440431232108631
0.04439808295763157
0.04439188059221138
0.044385705108400834
0.044379556392874074
0.04437343433525485
0.044367338827973016
0.044361269766126955
0.0443552270473516
0.044349210571691416
0.04434322024147947
0.044337255961221
0.044331317637482
0.04432540517878298
0.04431951849549666
0.0443136574997509
0.04430782210533538
0.044302012227612535
0.04429622778343291
0.04429046869105373
0.044284734870061786
0.044279026241299604
0.04427334272679528
0.04426768424969552
0.044262050734201995
0.04425644210551047
0.04425085828975359
0.04424529921394597
0.04423976480593204
0.044234254994336926
0.044228769708519466
0.04422330887852788
0.0442178724350578
0.04421246030941231
0.044207072433464605
0.04420170873962185
0.044196369160792066
0.04419105363035219
0.04418576208211802
0.04418049445031626
0.04417525066955774
0.04417003067481232
0.04416483440138575
0.04415966178489723
0.0441545127612589
0.04414938726665643
0.04414428523753077
0.04413920661056121
0.044134151322649494
0.044129119310905074
0.04412411051263111
0.044119124865312026
0.0441141623066011
0.04410922277430984
0.04410430620639741
0.04409941254096129
0.044094541716228626
0.04408969367054802
0.044084868342382066
0.04408006567030085
0.04407528559297539
0.04407052804917224
0.044065792977748146
0.04406108031764531
0.04405639000788743
0.04405172198757552
0.04404707619588483
0.04404245257206132
0.044037851055419554
0.04403327158533972
0.04402871410126584
0.0440241785427036
0.04401966484921916
0.044015172960437464
0.04401070281604123
0.04400625435576985
0.04400182751941879
0.04399742224683869
0.04399303847793502
0.04398867615266779
0.04398433521105106
0.043980015593153066
0.04397571723909585
0.04397144008905554
0.0439671840832624
0.04396294916200061
0.043958735265608936
0.043954542334480616
0.04395037030906386
0.0439462191298617
0.04394208873743266
0.04393797907239093
0.0439338900754064
0.04392982168720526
0.043925773848570056
0.04392174650033981
0.04391773958341054
0.04391375303873514
0.043909786807323596
0.043905840830243195
0.04390191504861815
0.04389800940363032
0.04389412383651852
0.043890258288578676
0.04388641270116379
0.04388258701568336
0.04387878117360353
0.0438749951164465
0.0438712287857902
0.04386748212326774
0.04386375507056712
0.04386004756943038
0.043856359561653055
0.04385269098908353
0.04384904179362199
0.043845411917219905
0.04384180130187882
0.04383820988964943
0.04383463762263058
0.04383108444296806
0.04382755029285338
0.04382403511452268
0.04382053885025497
0.04381706144237123
0.043813602833232615
0.04381016296523892
0.04380674178082717
0.043803339222469734
0.04379995523267281
0.043796589753974303
0.04379324272894245
0.043789914100173466
0.043786603810289745
0.043783311801937945
0.043780038017786786
0.043776782400524815
0.04377354489285839
0.04377032543750955
0.0437671239772132
0.04376394045471552
0.04376077481277086
0.043757626994139834
0.04375449694158665
0.043751384597876454
0.04374828990577307
0.04374521280803621
0.0437421532474188
0.04373911116666439
0.04373608650850457
0.04373307921565591
0.04373008923081756
0.043727116496668265
0.04372416095586346
0.043721222551032564
0.04371830122477598
0.043715396919662336
0.0437125095782255
0.04370963914296152
0.04370678555632582
0.043703948760730214
0.043701128698539746
0.043698325312069936
0.04369553854358356
0.04369276833528754
0.043690014629330295
0.04368727736779828
0.04368455649271315
0.04368185194602856
0.04367916366962732
0.043676491605318106
0.04367383569483252
0.043671195879822
0.04366857210185474
0.04366596430241264
0.043663372422888376
0.043660796404582085
0.04365823618869855
0.04365569171634426
0.043653162928524045
0.04365064976613843
0.04364815216998046
0.04364567008073271
0.04364320343896458
0.04364075218512888
0.04363831625955953
0.0436358956024681
0.04363349015394126
0.04363109985393785
0.043628724642285954
0.04362636445868023
0.04362401924267915
0.04362168893370207
0.04361937347102674
0.04361707279378638
0.04361478684096726
0.04361251555140579
0.04361025886378629
0.043608016716638096
0.0436057890483333
0.04360357579708394
0.043601376900940056
0.04359919229778665
0.043597021925341914
0.0435948657211545
0.0435927236226015
0.04359059556688595
0.04358848149103483
0.04358638133189697
0.04358429502614051
0.043582222510251616
0.04358016372053156
0.04357811859309554
0.04357608706387021
0.043574069068592326
0.043572064542806384
0.043570073421863274
0.0435680956409185
0.04356613113493044
0.04356417983865874
0.04356224168666288
0.04356031661330064
0.04355840455272667
0.04355650543889124
0.043554619205538714
0.0435527457862064
0.04355088511422344
0.04354903712270964
0.043547201744574444
0.043545378912515795
0.04354356855901931
0.043541770616357424
0.04353998501658851
0.043538211691556236
0.043536450572888644
0.04353470159199789
0.04353296468007937
0.04353123976811152
0.0435295267868552
0.04352782566685342
0.043526136338431005
0.043524458731694506
0.04352279277653194
0.043521138402612895
0.043519495539388255
0.04351786411609057
0.043516244061733975
0.04351463530511458
0.043513037774810484
0.04351145139918251
0.04350987610637435
0.043508311824313084
0.04350675848070991
0.04350521600306072
0.04350368431864666
0.04350216335453528
0.04350065303758094
0.043499153294426156
0.0434976640515023
0.04349618523503096
0.04349471677102485
0.04349325858528927
0.04349181060342315
0.043490372750820606
0.04348894495267251
0.043487527133967606
0.04348611921949451
0.04348472113384316
0.04348333280140676
0.04348195414638322
0.04348058509277758
0.04347922556440337
0.043477875484885145
0.043476534777660385
0.04347520336598157
0.04347388117291865
0.04347256812136112
0.043471264134020714
0.043469969133433616
0.04346868304196295
0.04346740578180158
0.04346613727497482
0.04346487744334281
0.043463626208603744
0.04346238349229644
0.04346114921580343
0.04345992330035403
0.04345870566702718
0.043457496236754864
0.04345629493032504
0.04345510166838515
0.04345391637144544
0.0434527389598822
0.04345156935394116
0.04345040747374147
0.04344925323927871
0.04344810657042906
0.0434469673869526
0.043445835608497345
0.04344471115460289
0.04344359394470458
0.04344248389813693
0.043441380934138386
0.043440284971854766
0.043439195930343545
0.04343811372857815
0.04343703828545214
0.043435969519783395
0.043434907350318595
0.04343385169573745
0.043432802474657375
0.04343175960563774
0.04343072300718456
0.04342969259775496
0.04342866829576211
0.04342765001957957
0.0434266376875463
0.043425631217971224
0.04342463052913817
0.04342363553931094
0.04342264616673799
0.04342166232965738
0.04342068394630208
0.04341971093490475
0.04341874321370302
0.043417780700944486
0.043416823314892154
0.0434158709738294
0.04341492359606554
0.043413981099940734
0.04341304340383183
0.04341211042615746
0.043411182085383644
0.043410258300029064
0.04340933898867087
0.04340842406994999
0.04340751346257703
0.04340660708533744
0.04340570485709768
0.04340480669681081
0.043403912523522076
0.04340302225637486
0.04340213581461647
0.04340125311760418
0.043400374084810824
0.04339949863583102
0.043398626690387056
0.04339775816833498
0.043396892989670616
0.0433960310745359
0.04339517234322457
0.04339431671618872
0.04339346411404513
0.04339261445758137
0.0433917676677619
0.043390923665735
0.04339008237283869
0.04338924371060735
0.04338840760077827
0.04338757396529831
0.04338674272633005
0.04338591380625897
0.04338508712769986
0.04338426261350343
0.04338344018676351
0.043382619770823465
0.043381801289283435
0.04338098466600688
0.04338016982512809
0.04337935669105875
0.04337854518849537
0.043377735242426316
0.0433769267781391
0.04337611972122771
0.043375313997599765
0.04337450953348419
0.04337370625543841
0.04337290409035628
0.04337210296547513
0.04337130280838414
0.04337050354703147
0.04336970510973247
0.0433689074251773
0.04336811042243915
0.04336731403098201
0.043366518180669104
0.043365722801770736
0.043364927824972796
0.04336413318138506
0.04336333880254951
0.043362544620449
0.04336175056751578
0.0433609565766401
0.04336016258117916
0.04335936851496587
0.04335857431231747
0.043357779908045194
0.04335698523746291
0.04335619023639635
0.04335539484119265
0.04335459898872957
0.04335380261642472
0.043353005662245765
0.04335220806471927
0.0433514097629412
0.04335061069658619
0.0433498108059178
0.0433490100317982
0.04334820831569877
0.043347405599709704
0.04334660182655069
0.04334579693958112
0.043344990882810595
0.043344183600909254
0.043343375039218764
0.04334256514376242
0.04334175386125658
0.043340941139120896
0.04334012692548969
0.04333931116922252
0.043338493819915516
0.043337674827912315
0.043336854144315325
0.04333603172099673
0.04333520751061
0.043334381466601096
0.043333553543219584
0.043332723695530345
0.0433318918794248
0.04333105805163231
0.0433302221697318
0.04332938419216288
0.04332854407823767
0.043327701788151804
0.04332685728299641
0.043326010524769074
0.04332516147638537
0.043324310101690335
0.043323456365469665
0.04332260023346089
0.04332174167236473
0.04332088064985606
0.04332001713459515
0.043319151096238365
0.043318282505449175
0.04331741133390883
0.04331653755432688
0.043315661140451746
0.04331478206708102
0.043313900310071464
0.04331301584634919
0.04331212865391925
0.04331123871187538
0.04331034600040932
0.04330945050081985
0.0433085521955219
0.04330765106805495
0.043306747103091695
0.04330584028644572
0.04330493060508011
0.043304018047113826
0.043303102601829714
0.04330218425968123
0.043301263012298384
0.04330033885249465
0.04329941177427201
0.04329848177282662
0.04329754884455362
0.04329661298705168
0.04329567419912704
0.04329473248079703
0.04329378783329332
0.04329284025906455
0.04329188976177828
0.043290936346322986
0.043289980018808905
0.0432890207865688
0.043288058658157734
0.0432870936433529
0.043286125753152514
0.043285154999773735
0.04328418139665102
0.0432832049584327
0.04328222570097805
0.043281243641352746
0.04328025879782448
0.04327927118985751
0.04327828083810674
0.04327728776441098
0.04327629199178576
0.04327529354441536
0.043274292447644414
0.04327328872796817
0.04327228241302316
0.04327127353157619
0.04327026211351324
0.043269248189827525
0.043268231792606845
0.04326721295502031
0.04326619171130467
0.04326516809674936
0.04326414214768134
0.04326311390144939
0.043262083396407545
0.04326105067189767
0.043260015768231984
0.04325897872667434
0.043257939589421604
0.0432568983995835
0.04325585520116291
0.04325481003903482
0.04325376295892493
0.043252714007388
0.043251663231785295
0.04325061068026173
0.04324955640172226
0.043248500445808274
0.04324744286287296
0.04324638370395688
0.04324532302076221
0.043244260865627666
0.043243197291502174
0.043242132351918615
0.04324106610096721
0.04323999859326845
0.04323892988394575
0.04323786002859817
0.0432367890832722
0.04323571710443421
0.04323464414894203
0.04323357027401651
0.0432324955372132
0.04323141999639392
0.043230343709697396
0.04322926673551129
0.043228189132443015
0.04322711095929093
0.0432260322750156
0.04322495313871117
0.043223873609576406
0.043222793746886555
0.04322171360996441
0.04322063325815237
0.04321955275078403
0.04321847214715623
0.043217391506501536
0.04321631088796068
0.04321523035055487
0.04321414995315965
0.0432130697544774
0.04321198981301172
0.04321091018704104
0.043209830934592984
0.043208752113419555
0.04320767378097193
0.04320659599437632
0.04320551881040999
0.043204442285477575
0.043203366475588575
0.04320229143633428
0.04320121722286629
0.04320014388987458
0.043199071491567036
0.04319800008164858
0.04319692971330178
0.04319586043916724
0.04319479231132514
0.04319372538127696
0.04319265969992811
0.04319159531757081
0.04319053228386816
0.04318947064783795
0.04318841045783807
0.04318735176155151
0.04318629460597321
0.04318523903739613
0.04318418510139913
0.04318313284283493
0.04318208230581869
0.04318103353371716
0.04317998656913895
0.04317894145392482
0.04317789822913887
0.043176856935060424
0.04317581761117609
0.04317478029617313
0.043173745027932704
0.04317271184352446
0.04317168077920082
0.043170651870392554
0.043169625151704694
0.043168600656913046
0.043167578418960996
0.043166558469957386
0.043165540841174396
0.04316452556304621
0.043163512665168276
0.04316250217629685
0.043161494124349144
0.043160488536404085
0.0431594854387033
0.043158484856652496
0.04315748681482407
0.04315649133695869
0.043155498445969
0.04315450816394227
0.04315352051214457
0.04315253551102439
0.04315155318021725
0.043150573538550764
0.04314959660404941
0.04314862239394015
0.04314765092465819
0.04314668221185327
0.043145716270395776
0.043144753114383795
0.04314379275714976
0.04314283521126775
0.04314188048856118
0.04314092860011029
0.043139979556259964
0.04313903336662825
0.04313809004011437
0.043137149584907324
0.0431362120084947
0.0431352773176713
0.043134345518548514
0.04313341661656308
0.04313249061648655
0.04313156752243475
0.04313064733787729
0.043129730065647014
0.04312881570794981
0.04312790426637438
0.04312699574190216
0.04312609013491718
0.043125187445215804
0.04312428767201717
0.04312339081397281
0.043122496869177095
0.043121605835176796
0.04312071770898187
0.043119832487074926
0.0431189501654216
0.043118070739480645
0.043117194204213935
0.04311632055409645
0.0431154497831264
0.04311458188483496
0.04311371685229653
0.04311285467813826
0.04311199535455006
0.04311113887329445
0.04311028522571588
0.04310943440275075
0.04310858639493677
0.04310774119242234
0.04310689878497629
0.04310605916199675
0.04310522231252061
0.043104388225232694
0.043103556888474504
0.04310272829025353
0.04310190241825176
0.04310107925983459
0.04310025880205934
0.04309944103168371
0.0430986259351745
0.0430978134987155
0.04309700370821581
0.043096196549318
0.04309539200740596
0.043094590067612557
0.043093790714827766
0.04309299393370573
0.04309219970867272
0.043091408023934116
0.04309061886348166
0.04308983221110077
0.04308904805037735
0.04308826636470459
0.04308748713728984
0.04308671035116096
0.04308593598917322
0.043085164034015216
0.043084394468215395
0.04308362727414792
0.04308286243403886
0.0430820999299721
0.04308133974389474
0.04308058185762312
0.04307982625284806
0.04307907291114041
0.04307832181395618
0.043077572942641716
0.04307682627843891
0.04307608180248989
0.04307533949584195
0.04307459933945212
0.04307386131419196
0.04307312540085185
0.04307239158014551
0.04307165983271387
0.043070930139129854
0.043070202479901905
0.043069476835478133
0.04306875318625008
0.043068031512556504
0.04306731179468699
0.04306659401288553
0.04306587814735397
0.043065164178255205
0.043064452085716604
0.04306374184983315
0.04306303345067047
0.04306232686826781
0.043061622082640826
0.043060919073784745
0.04306021782167663
0.04305951830627829
0.043058820507538884
0.04305812440539721
0.043057429979784165
0.04305673721062515
0.04305604607784226
0.04305535656135643
0.04305466864108965
0.04305398229696678
0.043053297508917704
0.043052614256879056
0.04305193252079637
0.04305125228062534
0.043050573516334
0.04304989620790398
0.043049220335332275
0.0430485458786328
0.043047872817837715
0.043047201132998876
0.04304653080418911
0.043045861811503536
0.04304519413506105
0.043044527755004905
0.043043862651504554
0.04304319880475616
0.04304253619498403
0.0430418748024413
0.0430412146074111
0.04304055559020725
0.04303989773117538
0.04303924101069339
0.043038585409172554
0.043037930907058104
0.04303727748482982
0.043036625123003
0.0430359738021286
0.043035323502794286
0.04303467420562479
0.043034025891282156
0.04303337854046688
0.04303273213391767
0.04303208665241228
0.04303144207676777
0.04303079838784074
0.04303015556652805
0.04302951359376677
0.04302887245053443
0.04302823211784959
0.043027592576771856
0.04302695380840212
0.04302631579388271
0.0430256785143977
0.04302504195117283
0.04302440608547574
0.04302377089861621
0.04302313637194612
0.04302250248685932
0.043021869224792085
0.0430212365672227
0.0430206044956719
0.04301997299170266
0.04301934203692012
0.04301871161297157
0.04301808170154669
0.04301745228437699
0.04301682334323627
0.04301619485994015
0.04301556681634614
0.04301493919435368
0.0430143119759037
0.04301368514297859
0.04301305867760247
0.04301243256184046
0.04301180677779893
0.043011181307625275
0.04301055613350761
0.04300993123767467
0.04300930660239579
0.04300868220998054
0.0430080580427787
0.04300743408317977
0.043006810313613225
0.04300618671654792
0.043005563274492134
0.04300493996999323
0.04300431678563768
0.04300369370405044
0.04300307070789513
0.04300244777987358
0.04300182490272591
0.04300120205922991
0.04300057923220121
0.04299995640449279
0.0429993335589949
0.04299871067863486
0.04299808774637684
0.042997464745221495
0.042996841658206
0.04299621846840373
0.04299559515892397
0.04299497171291181
0.04299434811354814
0.04299372434404884
0.042993100387665344
0.04299247622768388
0.04299185184742568
0.04299122723024641
0.04299060235953643
0.04298997721872009
0.042989351791256146
0.04298872606063717
0.042988100010389406
0.042987473624073035
0.04298684688528145
0.042986219777641534
0.042985592284813266
0.042984964390489974
0.04298433607839755
0.04298370733229495
0.04298307813597386
0.04298244847325851
0.0429818183280058
0.042981187684104805
0.04298055652547722
0.0429799248360769
0.04297929259988992
0.04297865980093452
0.04297802642326107
0.042977392450951946
0.04297675786812169
0.042976122658916656
0.04297548680751541
0.042974850298128385
0.04297421311499806
0.04297357524239883
0.04297293666463727
0.042972297366051855
0.042971657331013394
0.04297101654392458
0.042970374989220524
0.04296973265136863
0.0429690895148685
0.04296844556425242
0.0429678007840851
0.04296715515896406
0.04296650867351957
0.042965861312414824
0.042965213060346154
0.04296456390204317
0.04296391382226881
0.04296326280581984
0.0429626108375266
0.04296195790225355
0.04296130398489941
0.04296064907039719
0.042959993143714834
0.042959336189855105
0.04295867819385593
0.042958019140790775
0.04295735901576897
0.04295669780393577
0.04295603549047301
0.04295537206059906
0.042954707499569436
0.0429540417926771
0.042953374925252814
0.04295270688266528
0.04295203765032204
0.04295136721366944
0.042950695558193176
0.04295002266941881
0.04294934853291201
0.04294867313427927
0.04294799645916832
0.042947318493268306
0.04294663922231062
0.04294595863206938
0.04294527670836176
0.0429445934370487
0.04294390880403544
0.0429432227952719
0.042942535396753606
0.042941846594521785
0.04294115637466456
0.042940464723317015
0.0429397716266622
0.04293907707093166
0.04293838104240602
0.04293768352741556
0.042936984512341396
0.04293628398361561
0.04293558192772213
0.042934878331197635
0.042934173180632175
0.0429334664626698
0.042932758164009564
0.0429320482714061
0.04293133677167048
0.042930623651671065
0.042929908898334375
0.04292919249864566
0.04292847443965003
0.04292775470845318
0.04292703329222223
0.042926310178186815
0.042925585353639634
0.04292485880593778
0.042924130522503094
0.042923400490823806
0.04292266869845486
0.042921935133019305
0.042921199782209
0.04292046263378564
0.04291972367558197
0.04291898289550244
0.0429182402815246
0.04291749582169968
0.04291674950415423
0.042916001317090606
0.042915251248788346
0.042914499287605046
0.04291374542197784
0.042912989640424
0.04291223193154236
0.04291147228401443
0.042910710686605374
0.04290994712816522
0.04290918159763005
0.04290841408402305
0.04290764457645601
0.042906873064129915
0.042906099536336735
0.04290532398246025
0.04290454639197742
0.042903766754459456
0.042902985059573163
0.0429022012970823
0.042901415456848446
0.04290062752883258
0.04289983750309617
0.042899045369802505
0.042898251119217905
0.04289745474171311
0.04289665622776439
0.042895855567954916
0.0428950527529761
0.04289424777362888
0.042893440620824765
0.04289263128558771
0.042891819759054754
0.042891006032477884
0.04289019009722492
0.0428893719447812
0.042888551566750775
0.042887728954857526
0.0428869041009469
0.04288607699698677
0.04288524763506927
0.04288441600741156
0.04288358210635782
0.04288274592437998
0.04288190745407942
0.042881066688188196
0.04288022361957038
0.04287937824122333
0.042878530546279055
0.04287768052800584
0.04287682817980886
0.042875973495232346
0.04287511646796027
0.042874257091818004
0.04287339536077342
0.04287253126893854
0.04287166481057037
0.04287079598007255
0.042869924771996526
0.04286905118104281
0.04286817520206232
0.04286729683005761
0.04286641606018426
0.04286553288775184
0.042864647308225506
0.04286375931722699
0.04286286891053594
0.04286197608409116
0.04286108083399179
0.04286018315649831
0.04285928304803421
0.0428583805051866
0.04285747552470782
0.04285656810351624
0.04285565823869783
0.04285474592750661
0.04285383116736668
0.042852913955872284
0.042851994290789855
0.0428510721700584
0.04285014759179071
0.042849220554274585
0.04284829105597374
0.04284735909552873
0.04284642467175788
0.04284548778365852
0.04284454843040757
0.04284360661136278
0.042842662326063354
0.04284171557423103
0.042840766355770846
0.042839814670772025
0.04283886051950865
0.042837903902440674
0.0428369448202145
0.04283598327366387
0.042835019263810524
0.04283405279186483
0.042833083859226566
0.04283211246748547
0.04283113861842201
0.042830162314007755
0.04282918355640624
0.042828202347973215
0.0428272186912573
0.04282623258900062
0.04282524404413884
0.042824253059802066
0.04282325963931501
0.04282226378619739
0.04282126550416431
0.0428202647971265
0.04281926166919071
0.04281825612465982
0.04281724816803334
0.04281623780400717
0.04281522503747422
0.0428142098735242
0.04281319231744391
0.042812172374717246
0.04281115005102502
0.0428101253522455
0.04280909828445381
0.04280806885392219
0.042807037067119726
0.0428060029307123
0.042804966451562565
0.042803927636729404
0.042802886493467876
0.04280184302922908
0.04280079725165965
0.04279974916860147
0.04279869878809132
0.04279764611836044
0.0427965911678342
0.04279553394513134
0.04279447445906378
0.042793412718635876
0.04279234873304389
0.042791282511675285
0.042790214064108226
0.042789143400110814
0.04278807052964021
0.04278699546284218
0.042785918210049956
0.04278483878178359
0.042783757188749265
0.042782673441837844
0.04278158755212444
0.042780499530867266
0.04277940938950667
0.04277831713966387
0.04277722279314015
0.04277612636191567
0.04277502785814809
0.04277392729417187
0.042772824682496546
0.04277172003580563
0.04277061336695559
0.04276950468897416
0.04276839401505929
0.04276728135857737
0.04276616673306235
0.042765050152213775
0.04276393162989565
0.04276281118013478
0.04276168881711916
0.04276056455519654
0.042759438408872766
0.042758310392810125
0.04275718052182578
0.04275604881088975
0.042754915275123546
0.04275377992979834
0.04275264279033295
0.04275150387229244
0.04275036319138578
0.04274922076346434
0.042748076604519986
0.042746930730682836
0.04274578315821991
0.042744633903532336
0.04274348298315425
0.04274233041375012
0.04274117621211292
0.042740020395162164
0.04273886297994154
0.04273770398361726
0.04273654342347546
0.04273538131692035
0.042734217681471856
0.042733052534763574
0.042731885894540404
0.042730717778656495
0.04272954820507295
0.04272837719185547
0.042727204757171997
0.042726030919290905
0.042724855696578065
0.04272367910749472
0.042722501170595485
0.04272132190452546
0.042720141328018366
0.042718959459893756
0.042717776319054886
0.042716591924486055
0.04271540629525069
0.04271421945048833
0.04271303140941249
0.04271184219130829
0.04271065181552982
0.042709460301497894
0.04270826766869743
0.04270707393667505
0.04270587912503653
0.04270468325344451
0.042703486341615866
0.042702288409319195
0.04270108947637256
0.042699889562640723
0.042698688688032824
0.04269748687249998
0.04269628413603249
0.04269508049865777
0.04269387598043742
0.04269267060146519
0.04269146438186408
0.04269025734178435
0.042689049501400525
0.04268784088090933
0.0426866315005271
0.04268542138048721
0.042684210541037854
0.04268299900243939
0.04268178678496213
0.04268057390888375
0.04267936039448691
0.04267814626205684
0.04267693153187912
0.04267571622423697
0.04267450035940929
0.04267328395766785
0.04267206703927532
0.042670849624482754
0.04266963173352728
0.042668413386629904
0.04266719460399297
0.042665975405798445
0.04266475581220469
0.042663535843345216
0.04266231551932591
0.04266109486022292
0.04265987388608052
0.04265865261690892
0.04265743107268207
0.04265620927333547
0.04265498723876429
0.04265376498882083
0.04265254254331313
0.04265131992200203
0.04265009714459986
0.0426488742307681
0.04264765120011542
0.04264642807219577
0.04264520486650625
0.04264398160248549
0.0426427582995113
0.04264153497689931
0.04264031165390074
0.04263908834970058
0.042637865083415924
0.04263664187409404
0.04263541874071093
0.042634195702168885
0.042632972777295663
0.042631749984841955
0.042630527343480475
0.04262930487180369
0.042628082588322604
0.0426268605114649
0.04262563865957369
0.04262441705090561
0.04262319570362956
0.042621974635825274
0.04262075386548147
0.042619533410494896
0.042618313288668636
0.04261709351771081
0.04261587411523322
0.04261465509874996
0.04261343648567625
0.04261221829332703
0.042611000538915936
0.04260978323955361
0.042608566412247174
0.04260735007389832
0.042606134241302974
0.04260491893114961
0.04260370416001818
0.0426024899443794
0.04260127630059352
0.04260006324490926
0.042598850793463025
0.04259763896227771
0.042596427767262114
0.042595217224209614
0.04259400734879772
0.042592798156587015
0.04259158966302026
0.04259038188342195
0.04258917483299707
0.04258796852683082
0.04258676297988763
0.042585558207010536
0.04258435422292048
0.04258315104221598
0.042581948679371984
0.04258074714873977
0.04257954646454627
0.04257834664089321
0.04257714769175713
0.042575949630988597
0.0425747524723118
0.042573556229324065
0.042572360915495475
0.04257116654416879
0.042569973128558404
0.04256878068175081
0.04256758921670353
0.042566398746245626
0.04256520928307659
0.04256402083976683
0.04256283342875693
0.042561647062357676
0.04256046175275008
0.04255927751198464
0.042558094351981914
0.04255691228453187
0.04255573132129409
0.04255455147379744
0.04255337275344041
0.04255219517149068
0.042551018739085344
0.0425498434672309
0.04254866936680325
0.042547496448547543
0.042546324723078774
0.0425451542008813
0.042543984892309254
0.04254281680758663
0.0425416499568074
0.042540484349935605
0.0425393199968056
0.0425381569071224
0.04253699509046156
0.04253583455626963
0.04253467531386435
0.042533517372434916
0.04253236074104238
0.042531205428619434
0.042530051443971595
0.04252889879577663
0.04252774749258545
0.042526597542822314
0.042525448954785085
0.04252430173664577
0.04252315589645084
0.04252201144212156
0.04252086838145468
0.042519726722122446
0.04251858647167334
Eğitim Tamamlandı
18 numaralı ağdaki hata: %3,311
