1.0
0.11518242004869242
0.11409875904546457
0.11257986720922522
0.11024788070533596
0.10685034563541011
0.10241808382259703
0.09745855548427591
0.09273773161880984
0.08879135973944396
0.08572991259835212
0.08340356632215083
0.08160580547334115
0.0801670204408214
0.07897015768904815
0.07793969323539912
0.07702776852961003
0.0762038089430376
0.07544783340956783
0.07474638032065485
0.07409007073005362
0.073472148384459
0.0728875937350343
0.07233257574812606
0.07180410463759247
0.07129980585674703
0.07081776835336631
0.07035643887440308
0.06991454512151843
0.06949103719901584
0.06908504091675619
0.06869581912228268
0.06832273889699134
0.06796524348215352
0.06762282840077405
0.06729502154555483
0.06698136711091336
0.0666814132341725
0.06639470313568828
0.0661207694519997
0.06585913136828991
0.06560929409307638
0.06537075018637438
0.06514298225320134
0.06492546654329776
0.06471767704881755
0.06451908975683159
0.06432918678520465
0.06414746020206274
0.06397341539544263
0.06380657391729935
0.06364647577297898
0.06349268116313474
0.06334477171051554
0.06320235122042588
0.06306504603261277
0.06293250502559657
0.06280439933363048
0.06268042183290247
0.06256028644837686
0.0624437273266331
0.062330497913787676
0.062220369971473254
0.06211313255815106
0.06200859099788033
0.06190656585412535
0.061806891922251306
0.0617094172510244
0.061614002200637535
0.061520518542483534
0.06142884860402849
0.061338884460643193
0.06125052717507681
0.06116368608435125
0.06107827813317199
0.06099422725245318
0.0609114637812051
0.06082992392980024
0.06074954928249775
0.06067028633704019
0.06059208607912772
0.06051490358960279
0.06043869768224074
0.06036343057011981
0.06028906755863439
0.06021557676331797
0.06014292885074093
0.06007109680085051
0.06000005568922199
0.05992978248778205
0.059860255882659294
0.05979145610790107
0.05972336479387645
0.059655964829260257
0.05958924023556442
0.05952317605324762
0.05945775823849517
0.05939297356982019
0.05932880956369024
0.0592652543984337
0.05920229684573119
0.0591399262090389
0.05907813226833783
0.059016905230642965
0.05895623568574406
0.05889611456669055
0.05883653311456597
0.058777482847133675
0.058718955530966094
0.0586609431567033
0.058603437917112755
0.05854643218765374
0.05848991850927189
0.05843388957317834
0.05837833820738757
0.058323257364811
0.05826864011272474
0.05821447962344619
0.05816076916607338
0.05810750209915569
0.05805467186418017
0.05800227197977024
0.05795029603650568
0.057898737692284735
0.05784759066815773
0.05779684874457215
0.05774650575797589
0.057696555597732624
0.057646992203310994
0.05759780956171279
0.05754900170511288
0.05750056270868512
0.0574524866885951
0.057404767800141976
0.05735740023603525
0.057310378224795754
0.05726369602926974
0.05721734794525035
0.05717132830019901
0.05712563145206286
0.057080251788184565
0.057035183724301795
0.056990421703634504
0.056945960196059776
0.056901793697372124
0.05685791672863073
0.05681432383559291
0.05677100958823464
0.056727968580358834
0.05668519542929226
0.05664268477567236
0.05660043128332473
0.056558429639232466
0.05651667455359893
0.05647516076000424
0.05643388301565727
0.05639283610174386
0.0563520148238719
0.056311414012614074
0.05627102852414922
0.05623085324100161
0.056190883072879415
0.05615111295761176
0.05611153786218348
0.05607215278386735
0.05603295275145299
0.05599393282657046
0.055955088105106784
0.05591641371871379
0.055877904836404105
0.0558395566662323
0.05580136445705804
0.05576332350038734
0.05572542913228667
0.055687676735366134
0.055650061740826304
0.05561257963056245
0.05557522593932038
0.055537996256898446
0.055500886230387424
0.05546389156644298
0.055427008033583
0.05539023146450253
0.05535355775839982
0.05531698288330642
0.05528050287841416
0.055244113856393294
0.05520781200569527
0.0551715935928347
0.055135454964646266
0.05509939255051141
0.05506340286455253
0.055027482507790854
0.054991628170268196
0.05495583663313004
0.05492010477067152
0.054884429552347014
0.05484880804474576
0.05481323741353649
0.0547777149253842
0.054742237949844355
0.05470680396123902
0.054671410540519265
0.054636055377120296
0.05460073627081351
0.054565451133560726
0.05453019799137382
0.05449497498618474
0.05445978037772617
0.05442461254542479
0.05438946999030647
0.054354351336910946
0.05431925533521077
0.05428418086252949
0.05424912692545029
0.05421409266170336
0.0541790773420202
0.05414408037193983
0.054109101293549004
0.054074139787138084
0.05403919567275132
0.05400426891160928
0.05396935960738018
0.05393446800727449
0.05389959450293871
0.053864739631121
0.053829904074085236
0.05379508865974568
0.05376029436149987
0.05372552229773521
0.05369077373098724
0.0536560500667305
0.05362135285178274
0.05358668377230811
0.053552044651405284
0.053517437446271895
0.05348286424493739
0.05344832726256138
0.05341382883729714
0.05337937142572349
0.0533449575978518
0.05331059003171917
0.053276271507580394
0.05324200490171653
0.05320779317988089
0.053173639390405356
0.05313954665699371
0.053105518171231804
0.05307155718484634
0.05303766700174623
0.053003850969882846
0.05297011247296825
0.05293645492208962
0.052902881747262445
0.05286939638896238
0.05283600228968047
0.052802702885542306
0.05276950159803535
0.052736401825886375
0.052703406937130166
0.05267052026141139
0.052637745082557835
0.052605084631463475
0.05257254207931729
0.05254012053121125
0.05250782302015867
0.052475652501551145
0.05244361184807964
0.052411703845141454
0.05237993118675217
0.052348296471976224
0.052316802201888155
0.052285450777071564
0.05225424449565789
0.0522231855519045
0.05219227603530666
0.05216151793023439
0.05213091311608029
0.05210046336790155
0.05207017035753546
0.05204003565516352
0.05201006073129718
0.0519802469591544
0.05195059561739413
0.051921107893173
0.05189178488548737
0.05186262760876237
0.0518336369966472
0.051804813905977284
0.05177615912086226
0.05174767335685915
0.05171935726519164
0.05169121143697542
0.05166323640741324
0.05163543265992281
0.05160780063016446
0.05158034070993576
0.051553053250904916
0.0515259385681562
0.051498996943522515
0.05147222862868589
0.05144563384802712
0.05141921280121001
0.051392965665488705
0.051366892597729405
0.051340993736141
0.05131526920171235
0.051289719099354814
0.051264343518755535
0.05123914253494426
0.051214116208582794
0.051189264585987104
0.05116458769889311
0.05114008556397991
0.051115758182167216
0.05109160553770085
0.051067627597046056
0.05104382430760651
0.05102019559628793
0.05099674136792665
0.050973461503602546
0.050950355858856676
0.05092742426183382
0.050904666511369163
0.05088208237503864
0.05085967158719227
0.050837433846986545
0.050815368816435606
0.050793476118495454
0.05077175533519666
0.050750206005840424
0.05072882762527011
0.05070761964222935
0.050686581457818305
0.05066571242405603
0.05064501184255698
0.05062447896332748
0.050604112983688346
0.05058391304732619
0.05056387824347633
0.05054400760623871
0.05052430011402684
0.0505047546891487
0.050485370197517185
0.0504661454484879
0.050447079194819534
0.05042817013275219
0.05040941690219821
0.05039081808703947
0.050372372215523285
0.050354077760750765
0.05033593314124883
0.050317936721617725
0.05030008681324568
0.05028238167508136
0.05026481951445583
0.05024739848794358
0.05023011670225437
0.05021297221514614
0.05019596303634918
0.050179087128493144
0.05016234240802651
0.05014572674612056
0.05012923796954783
0.05011287386152651
0.050096632162522
0.05008051057099705
0.05006450674410191
0.050048618298296495
0.05003284280989529
0.05001717781552857
0.05000162081251061
0.04998616925910727
0.04997082057469577
0.049955572139807634
0.0499404212960479
0.04992536534588213
0.04991040155228309
0.049895527138229236
0.04988073928604631
0.04986603513658266
0.04985141178821044
0.049836866295642095
0.04982239566855209
0.04980799686999457
0.04979366681460354
0.049779402366565535
0.04976520033735034
0.04975105748318749
0.04973697050227148
0.049722936031681896
0.04970895064399913
0.049695010843597336
0.04968111306259445
0.049667253656435775
0.049653428899087526
0.04963963497781319
0.049625867987503285
0.0496121239245272
0.04959839868007194
0.049584688032929085
0.049570987641689455
0.049557293036298716
0.04954359960892398
0.049529902604077435
0.04951619710793594
0.04950247803679124
0.049488740124559255
0.04947497790926796
0.04946118571843948
0.04944735765326893
0.04943348757149914
0.04941956906887438
0.049405595459050974
0.04939155975182738
0.04937745462954461
0.049363272421494915
0.04934900507616056
0.04933464413108855
0.0493201806801924
0.049305605338250576
0.049290908202354565
0.04927607881004003
0.04926110609381408
0.04924597833177021
0.04923068309396738
0.049215207184227866
0.049199536576997396
0.04918365634889876
0.04916755060460934
0.04915120239669772
0.049134593639078225
0.0491177050137795
0.049100515870792165
0.04908300412086138
0.04906514612123748
0.049046916554608425
0.049028288301727306
0.049009232308639544
0.04898971744994086
0.04896971039018717
0.0489491754464819
0.04892807445642196
0.04890636665706137
0.048884008582393695
0.04886095398913011
0.048837153823303586
0.04881255624347936
0.04878710672008797
0.0487607482345135
0.048733421605866745
0.04870506597747837
0.04867561949847676
0.048645020237519855
0.04861320736468959
0.048580122632309056
0.04854571217441119
0.04850992862622909
0.04847273353825278
0.0484341000239377
0.04839401553745077
0.04835248463147409
0.04830953150110513
0.048265202086576225
0.04821956549429544
0.048172714511215124
0.04812476503701812
0.04807585434146324
0.04802613816249651
0.04797578677952662
0.047924980306417016
0.047873903531186646
0.04782274066992876
0.04777167039530709
0.047720861449012705
0.04767046906462686
0.04762063232874348
0.04757147251048689
0.04752309230600433
0.04747557588318796
0.04742898957540676
0.04738338305957098
0.04733879085877176
0.047295234027255266
0.04725272189997601
0.04721125381578085
0.047170820749046966
0.047131406807277794
0.04709299057077705
0.04705554626490566
0.04701904476591365
0.0469834544485435
0.046948741888210375
0.04691487243323879
0.046881810663910305
0.04684952075536874
0.046817966761011284
0.0467871128320428
0.04675692338750064
0.04672736324734594
0.04669839773926297
0.04666999278770121
0.046642114991571004
0.04661473169497921
0.04658781105359385
0.04656132209774173
0.046535234792224066
0.04650952009209698
0.04648414999327189
0.04645909757669438
0.046434337044987374
0.046409843750711444
0.046385594215744876
0.04636156614164353
0.0463377384111808
0.04631409108154808
0.046290605369915624
0.046267263632199254
0.04624404933596182
0.04622094702840873
0.04619794230041645
0.046175021747488644
0.046152172928460286
0.04612938432268881
0.04610664528637978
0.04608394600860582
0.046061277467489434
0.046038631386940934
0.04601600019426795
0.045993376978907916
0.0459707554524796
0.045948129910296696
0.04592549519444799
0.04590284665851203
0.04588018013394523
0.04585749189815682
0.04583477864426778
0.045812037452531706
0.04578926576338679
0.04576646135209505
0.04574362230492094
0.04572074699679499
0.0456978340704039
0.04567488241664746
0.045651891156400747
0.045628859623520056
0.04560578734903052
0.045582674046435595
0.045559519598088065
0.045536324042565135
0.04551308756299151
0.04548981047625582
0.045466493223068095
0.045443136358807736
0.04541974054511453
0.04539630654217529
0.04537283520166256
0.04534932746028269
0.04532578433389294
0.04530220691214928
0.04527859635364643
0.045254953881516895
0.04523128077945388
0.0452075783881252
0.045183848101949094
0.04516009136620029
0.04513630967441925
0.04511250456609642
0.04508867762460585
0.045064830475362735
0.045040964784180355
0.045017082255803864
0.04499318463259801
0.04496927369336648
0.04494535125228393
0.04492141915791874
0.044897479292328166
0.04487353357020796
0.04484958393807725
0.04482563237348318
0.044801680884208286
0.044777731507465425
0.04475378630906602
0.0447298473825471
0.04470591684824498
0.04468199685230326
0.04465808956560425
0.04463419718261359
0.04461032192012923
0.04458646601592619
0.04456263172729184
0.0445388213294437
0.04451503711382676
0.044491281386287405
0.044467556465119684
0.04444386467898589
0.044420208364709994
0.044396589864946434
0.0443730115257275
0.044349475693893595
0.04432598471441186
0.044302540927590506
0.04427914666619683
0.04425580425248853
0.044232515995167705
0.044209284186271174
0.044186111098006846
0.04416299897955184
0.04413995005382474
0.04411696651424745
0.0440940505215115
0.04407120420036436
0.04404842963643183
0.04402572887309136
0.04400310390841404
0.043980556692188214
0.043958089123042866
0.04393570304568274
0.043913400248251945
0.043891182459837794
0.04386905134812762
0.04384700851723109
0.043825055505677765
0.04380319378459905
0.043781424756103166
0.04375974975185027
0.04373817003183151
0.04371668678335816
0.04369530112026236
0.04367401408231043
0.043652826634829486
0.04363173966854562
0.043610753999630124
0.04358987036995118
0.043569089447524044
0.043548411827155235
0.04352783803127124
0.043507368510926035
0.0434870036469755
0.04346674375141109
0.04344658906884151
0.0434265397781106
0.0434065959940419
0.04338675776929605
0.0433670250963312
0.04334739790945269
0.04332787608694147
0.0433084594532487
0.043289147781244514
0.04326994079451051
0.043250838169664234
0.04323183953870461
0.04321294449136952
0.043194152577493435
0.04317546330935861
0.0431568761640286
0.043138390585658146
0.043120005987770674
0.04310172175549648
0.04308353724776664
0.04306545179945591
0.04304746472346954
0.04302957531277055
0.043011782842342874
0.04299408657108754
0.04297648574364886
0.04295897959216884
0.042941567337967966
0.04292424819315119
0.04290702136213823
0.04288988604311849
0.0428728414294294
0.04285588671085964
0.04283902107487786
0.042822243707787554
0.042805553795808776
0.04278895052608976
0.04277243308764872
0.04275600067224793
0.04273965247520309
0.04272338769612828
0.042707205539621006
0.04269110521588743
0.04267508594131183
0.042659146938971895
0.042643287439102597
0.04262750667951088
0.042611803905943955
0.042596178372413425
0.04258062934147789
0.042565156084485946
0.04254975788178277
0.04253443402288156
0.04251918380660356
0.042504006541186065
0.04248890154436496
0.04247386814342907
0.04245890567525115
0.04244401348629746
0.04242919093261572
0.04241443737980522
0.04239975220297019
0.042385134786656925
0.04237058452477731
0.042356100820520416
0.042341683086251886
0.04232733074340402
0.04231304322235702
0.04229881996231204
0.04228466041115825
0.042270564025333496
0.04225653026968078
0.04224255861730018
0.04222864854939745
0.042214799555130876
0.04220101113145524
0.04218728278296483
0.04217361402173577
0.04216000436716796
0.04214645334582702
0.04213296049128709
0.042119525343973827
0.04210614745100982
0.042092826366059995
0.04207956164918025
0.04206635286666686
0.04205319959090882
0.042040101400242225
0.04202705787880716
0.04201406861640717
0.0420011332083714
0.041988251255419766
0.041975422363530336
0.04196264614381042
0.041949922212370025
0.041937250190198345
0.04192462970304312
0.04191206038129325
0.041899541859864026
0.04188707377808557
0.0418746557795935
0.04186228751222359
0.04184996862790796
0.041837698782575185
0.04182547763605222
0.041813304851969595
0.04180118009766889
0.041789103044113346
0.041777073365799916
0.04176509074067525
0.041753154850052605
0.041741265378532226
0.041729422013923524
0.041717624447169525
0.04170587237227361
0.041694165486228243
0.04168250348894596
0.0416708860831923
0.041659312974520586
0.04164778387120887
0.04163629848419841
0.041624856527034466
0.041613457715808204
0.04160210176910096
0.04159078840792974
0.04157951735569477
0.04156828833812814
0.041557101083244376
0.04154595532129238
0.04153485078470914
0.041523787208074224
0.041512764328066505
0.04150178188342146
0.04149083961489053
0.0414799372652013
0.0414690745790191
0.041458251302909845
0.0414474671853043
0.041436721976463135
0.04142601542844333
0.04141534729506612
0.041404717331885096
0.04139412529615636
0.041383570946809195
0.04137305404441806
0.041362574351175116
0.041352131630864555
0.04134172564883674
0.04133135617198473
0.04132102296872029
0.04131072580895166
0.04130046446406223
0.04129023870688944
0.041280048311705064
0.041269893054196
0.04125977271144635
0.0412496870619194
0.04123963588544112
0.04122961896318417
0.04121963607765202
0.04120968701266529
0.04119977155334667
0.04118988948610821
0.04118004059863846
0.041170224679890156
0.04116044152006905
0.041150690910622546
0.041140972644229425
0.04113128651479026
0.04112163231741739
0.041112009848426646
0.04110241890532848
0.04109285928682044
0.04108333079277925
0.04107383322425373
0.041064366383458506
0.04105493007376713
0.041045524099706514
0.0410361482669511
0.041026802382317706
0.041017486253760546
0.04100819969036655
0.04099894250235085
0.04098971450105286
0.04098051549893251
0.04097134530956632
0.040962203747644116
0.040953090628965905
0.040944005770438996
0.04093494899007482
0.04092592010698664
0.040916918941387
0.040907945314585005
0.040898999048984655
0.0408900799680825
0.04088118789646541
0.04087232265980908
0.04086348408487596
0.040854671999513585
0.04084588623265284
0.04083712661430652
0.040828392975567424
0.04081968514860713
0.04081100296667438
0.04080234626409346
0.04079371487626289
0.04078510863965389
0.04077652739180884
0.04076797097133987
0.040759439217927226
0.04075093197231809
0.040742449076324495
0.04073399037282221
0.04072555570574894
0.0407171449201025
0.040708757861939476
0.04070039437837315
0.04069205431757187
0.04068373752875706
0.040675443862201524
0.040667173169227064
0.040658925302202796
0.04065070011454294
0.0406424974607045
0.0406343171961852
0.04062615917752097
0.04061802326228363
0.04060990930907851
0.04060181717754188
0.040593746728338036
0.040585697823156984
0.04057767032471149
0.040569664096734286
0.04056167900397495
0.040553714912197336
0.04054577168817599
0.04053784919969324
0.040529947315536136
0.04052206590549296
0.040514204840349795
0.04050636399188726
0.04049854323287689
0.04049074243707779
0.040482961479232416
0.04047520023506378
0.040467458581270946
0.04045973639552538
0.04045203355646728
0.040444349943701365
0.040436685437793204
0.040429039920264705
0.04042141327359046
0.04041380538119339
0.040406216127440484
0.04039864539763877
0.040391093078030786
0.04038355905579039
0.04037604321901842
0.04036854545673812
0.04036106565889087
0.04035360371633171
0.04034615952082462
0.040338732965038294
0.04033132394254132
0.0403239323477977
0.040316558076162336
0.040309201023876064
0.04030186108806147
0.04029453816671781
0.04028723215871657
0.040279942963796604
0.040272670482559676
0.040265414616465385
0.04025817526782672
0.040250952339805086
0.040243745736405837
0.04023655536247336
0.04022938112368627
0.04022222292655272
0.040215080678405776
0.040207954287398415
0.040200843662499146
0.040193748713486695
0.0401866693509459
0.04017960548626267
0.04017255703161914
0.040165523899989106
0.0401585060051335
0.04015150326159555
0.040144515584695756
0.040137542890527865
0.040130585095953665
0.04012364211859883
0.04011671387684785
0.04010980028983952
0.04010290127746264
0.040096016760351176
0.04008914665987985
0.04008229089815924
0.04007544939803184
0.04006862208306708
0.040061808877557115
0.040055009706512164
0.04004822449565605
0.04004145317142228
0.04003469566094874
0.04002795189207416
0.04002122179333326
0.04001450529395259
0.04000780232384609
0.04000111281361099
0.0399944366945233
0.03998777389853361
0.03998112435826284
0.03997448800699828
0.03996786477868893
0.03996125460794161
0.0399546574300168
0.03994807318082429
0.03994150179691935
0.03993494321549837
0.03992839737439504
0.03992186421207579
0.03991534366763631
0.03990883568079728
0.039902340191900275
0.03989585714190381
0.039889386472379454
0.039882928125507776
0.039876482044074305
0.03987004817146602
0.03986362645166668
0.03985721682925376
0.03985081924939379
0.039844433657839226
0.03983806000092395
0.03983169822555983
0.03982534827923259
0.03981901010999827
0.0398126836664791
0.03980636889786004
0.03980006575388472
0.03979377418485176
0.039787494141611056
0.039781225575559825
0.03977496843863906
0.03976872268332973
0.039762488262648873
0.03975626513014619
0.039750053239900086
0.03974385254651386
0.039737663005112285
0.03973148457133772
0.0397253172013464
0.03971916085180478
0.03971301547988605
0.03970688104326595
0.03970075750011955
0.03969464480911747
0.039688542929421984
0.03968245182068365
0.039676371443037386
0.03967030175709904
0.03966424272396149
0.03965819430519109
0.039652156462824086
0.03964612915936278
0.039640112357772005
0.03963410602147544
0.03962811011435191
0.03962212460073171
0.03961614944539303
0.039610184613558225
0.03960423007089008
0.03959828578348847
0.03959235171788616
0.039586427841045754
0.03958051412035545
0.039574610523625854
0.03956871701908592
0.03956283357537969
0.039556960161562224
0.039551096747096115
0.03954524330184793
0.039539399796084285
0.03953356620046841
0.03952774248605622
0.039521928624292914
0.03951612458700908
0.03951033034641713
0.03950454587510763
0.03949877114604539
0.03949300613256615
0.03948725080837261
0.039481505147530876
0.03947576912446665
0.039470042713961755
0.03946432589115027
0.039458618631514786
0.039452920910883024
0.039447232705423725
0.03944155399164335
0.039435884746382176
0.03943022494681069
0.0394245745704258
0.039418933595047397
0.039413301998814154
0.039407679760180676
0.03940206685791295
0.039396463271085286
0.03939086897907621
0.03938528396156532
0.03937970819852906
0.03937414167023721
0.039368584357249756
0.03936303624041225
0.03935749730085313
0.03935196751997938
0.03934644687947336
0.039340935361288805
0.03933543294764755
0.0393299396210355
0.03932445536419941
0.03931898016014304
0.03931351399212366
0.03930805684364836
0.03930260869847062
0.03929716954058652
0.039291739354231324
0.03928631812387597
0.03928090583422338
0.03927550247020496
0.03927010801697725
0.039264722459918064
0.039259345784623347
0.03925397797690343
0.03924861902277967
0.039243268908481045
0.03923792762044047
0.03923259514529159
0.03922727146986531
0.039221956581186275
0.039216650466469584
0.03921135311311734
0.039206064508715395
0.03920078464102974
0.03919551349800366
0.03919025106775382
0.03918499733856748
0.03917975229889882
0.039174515937366004
0.03916928824274777
0.039164069203980155
0.039158858810153394
0.039153657050508696
0.0391484639144352
0.03914327939146649
0.0391381034712779
0.039132936143683135
0.0391277773986311
0.03912262722620338
0.03911748561661038
0.039112352560188995
0.03910722804739933
0.03910211206882181
0.03909700461515405
0.03909190567720828
0.03908681524590795
0.039081733312285476
0.03907665986747883
0.03907159490272892
0.03906653840937696
0.039061490378861474
0.03905645080271559
0.039051419672564223
0.039046396980121856
0.03904138271718909
0.03903637687565062
0.039031379447472425
0.03902639042469903
0.03902140979945116
0.03901643756392311
0.03901147371038025
0.03900651823115637
0.039001571118651567
0.038996632365329534
0.0389917019637154
0.038986779906392925
0.0389818661860028
0.03897696079523972
0.038972063726850414
0.038967174973631474
0.03896229452842689
0.0389574223841258
0.03895255853366078
0.03894770297000519
0.038942855686171236
0.03893801667520801
0.03893318593019933
0.038928363444261746
0.03892354921054241
0.03891874322221736
0.038913945472489296
0.03890915595458607
0.03890437466175834
0.03889960158727796
0.038894836724436326
0.03889008006654219
0.03888533160692015
0.038880591338909046
0.03887585925586003
0.03887113535113476
0.038866419618104206
0.0388617120501467
0.038857012640646206
0.038852321382991425
0.0388476382705734
0.03884296329678468
0.03883829645501755
0.038833637738662614
0.03882898714110751
0.03882434465573525
0.03881971027592317
0.03881508399504141
0.03881046580645168
0.03880585570350594
0.03880125367954521
0.03879665972789827
0.03879207384188049
0.038787496014792866
0.03878292623992041
0.038778364510531495
0.03877381081987665
0.03876926516118723
0.038764727527674736
0.0387601979125297
0.03875567630892058
0.03875116270999289
0.03874665710886834
0.038742159498643645
0.03873766987239017
0.03873318822315237
0.03872871454394766
0.038724248827765075
0.03871979106756486
0.03871534125627732
0.038710899386802354
0.03870646545200879
0.03870203944473356
0.03869762135778099
0.0386932111839221
0.03868880891589428
0.038684414546400425
0.03868002806810845
0.038675649473650694
0.038671278755623394
0.03866691590658618
0.03866256091906137
0.03865821378553403
0.038653874498450924
0.038649543050220454
0.03864521943321198
0.038640903639755655
0.038636595662142
0.03863229549262136
0.03862800312340376
0.03862371854665856
0.038619441754514046
0.03861517273905727
0.03861091149233363
0.03860665800634683
0.03860241227305845
0.038598174284387755
0.03859394403221161
0.038589721508364254
0.038585506704636986
0.0385812996127782
0.03857710022449326
0.038572908531444176
0.03856872452524963
0.038564548197484796
0.03856037953968153
0.03855621854332802
0.03855206519986872
0.038547919500704485
0.0385437814371925
0.038539651000646276
0.038535528182335535
0.03853141297348645
0.038527305365281386
0.038523205348859196
0.03851911291531514
0.03851502805570088
0.038510950761024856
0.03850688102225205
0.03850281883030418
0.038498764176059894
0.03849471705035477
0.03849067744398154
0.03848664534769011
0.03848262075218795
0.03847860364813992
0.0384745940261686
0.038470591876854636
0.038466597190736584
0.03846260995831144
0.03845863017003446
0.03845465781631985
0.0384506928875405
0.03844673537402862
0.03844278526607561
0.038438842553932574
0.0384349072278105
0.03843097927788045
0.03842705869427396
0.038423145467082954
0.038419239586360586
0.038415341042120944
0.03841144982433985
0.03840756592295463
0.03840368932786501
0.03839982002893286
0.03839595801598273
0.03839210327880237
0.038388255807142696
0.0383844155907184
0.03838058261920801
0.038376756882254476
0.03837293836946534
0.0383691270704132
0.038365322974635865
0.03836152607163704
0.038357736350886344
0.038353953801819635
0.03835017841383991
0.038346410176316965
0.03834264907858819
0.0383388951099589
0.03833514825970254
0.038331408517061134
0.038327675871245824
0.03832395031143696
0.038320231826784824
0.03831652040640958
0.03831281603940204
0.03830911871482393
0.038305428421708296
0.038301745149059575
0.03829806888585472
0.038294399621042786
0.03829073734354594
0.03828708204225944
0.038283433706052146
0.03827979232376719
0.038276157884221965
0.0382725303762088
0.03826890978849525
0.03826529610982455
0.03826168932891596
0.038258089434465146
0.03825449641514467
0.03825091025960445
0.038247330956471974
0.038243758494352714
0.03824019286183077
0.03823663404746898
0.03823308203980957
0.03822953682737434
0.038225998398665195
0.03822246674216454
0.03821894184633561
0.03821542369962292
0.038211912290452794
0.03820840760723336
0.03820490963835552
0.03820141837219282
0.03819793379710205
0.03819445590142399
0.03819098467348297
0.03818752010158818
0.038184062174033494
0.03818061087909793
0.03817716620504629
0.03817372814012926
0.03817029667258386
0.03816687179063414
0.038163453482491005
0.03816004173635315
0.038156636540406984
0.03815323788282736
0.038149845751777725
0.038146460135410704
0.038143081021868176
0.038139708399281935
0.03813634225577398
0.03813298257945671
0.03812962935843358
0.038126282580799226
0.03812294223463986
0.03811960830803389
0.03811628078905184
0.03811295966575733
0.03810964492620644
0.038106336558449264
0.03810303455052936
0.03809973889048451
0.03809644956634682
0.03809316656614342
0.03808988987789653
0.038086619489623746
0.03808335538933864
0.03808009756505093
0.03807684600476679
0.03807360069648924
0.03807036162821855
0.03806712878795238
0.038063902163686186
0.03806068174341386
0.03805746751512734
0.038054259466817536
0.03805105758647449
0.03804786186208767
0.03804467228164613
0.03804148883313912
0.03803831150455604
0.0380351402838871
0.03803197515912342
0.03802881611825719
0.038025663149282345
0.038022516240194516
0.038019375378991575
0.03801624055367366
0.038013111752243804
0.038009988962707866
0.03800687217307492
0.03800376137135774
0.0380006565455728
0.03799755768374087
0.03799446477388675
0.03799137780404016
0.03798829676223569
0.03798522163651294
0.03798215241491708
0.037979089085499
0.03797603163631546
0.03797298005542944
0.03796993433091039
0.03796689445083445
0.037963860403284755
0.03796083217635172
0.03795780975813288
0.03795479313673401
0.03795178230026819
0.037948777236857106
0.03794577793463074
0.03794278438172756
0.03793979656629502
0.037936814476489715
0.0379338381004772
0.03793086742643309
0.03792790244254239
0.037924943136999976
0.03792198949801127
0.037919041513791794
0.037916099172567774
0.03791316246257623
0.03791023137206519
0.03790730588929391
0.037904386002533035
0.037901471700064866
0.0378985629701834
0.03789565980119492
0.037892762181417475
0.037889870099181926
0.03788698354283137
0.03788410250072196
0.037881226961222474
0.03787835691271511
0.037875492343595114
0.03787263324227136
0.03786977959716636
0.037866931396716264
0.03786408862937145
0.03786125128359635
0.03785841934786965
0.0378555928106846
0.0378527716605491
0.037849955885985734
0.037847145475532175
0.0378443404177413
0.037841540701180766
0.03783874631443422
0.03783595724610064
0.03783317348479456
0.03783039501914661
0.03782762183780324
0.03782485392942708
0.03782209128269714
0.037819333886308544
0.03781658172897333
0.037813834799419806
0.037811093086393514
0.03780835657865653
0.03780562526498819
0.03780289913418491
0.03780017817506053
0.037797462376446184
0.0377947517271906
0.037792046216160065
0.03778934583223873
0.03778665056432861
0.03778396040134956
0.03778127533223987
0.037778595345955665
0.03777592043147146
0.03777325057778041
0.037770585773893826
0.03776792600884202
0.037765271271673465
0.03776262155145605
0.03775997683727608
0.03775733711823918
0.03775470238346974
0.03775207262211155
0.03774944782332756
0.03774682797630004
0.03774421307023075
0.037741603094340846
0.037738998037871105
0.03773639789008196
0.037733802640253694
0.03773121227768614
0.037728626791699194
0.037726046171632756
0.03772347040684647
0.037720899486720444
0.03771833340065456
0.037715772138069294
0.03771321568840506
0.0377106640411228
0.03770811718570392
0.03770557511165001
0.037703037808483504
0.037700505265747294
0.03769797747300473
0.03769545441984015
0.0376929360958583
0.037690422490684855
0.03768791359396655
0.03768540939537048
0.03768290988458503
0.03768041505131946
0.037677924885304026
0.03767543937628994
0.0376729585140497
0.03767048228837663
0.037668010689085527
0.037665543706012106
0.037663081329013415
0.03766062354796776
0.037658170352774765
0.03765572173335521
0.03765327767965136
0.03765083818162682
0.03764840322926644
0.03764597281257678
0.03764354692158552
0.037641125546341976
0.03763870867691685
0.037636296303402386
0.037633888415912274
0.03763148500458185
0.037629086059567836
0.03762669157104866
0.03762430152922409
0.03762191592431569
0.03761953474656646
0.0376171579862411
0.0376147856336258
0.03761241767902842
0.03761005411277838
0.037607694925226746
0.03760534010674614
0.03760298964773084
0.03760064353859671
0.037598301769781246
0.037595964331743545
0.03759363121496424
0.03759130240994567
0.03758897790721162
0.03758665769730757
0.03758434177080056
0.03758203011827916
0.03757972273035346
0.03757741959765522
0.03757512071083755
0.0375728260605752
0.037570535637564406
0.037568249432522766
0.03756596743618953
0.03756368963932521
0.037561416032711965
0.03755914660715311
0.03755688135347349
0.03755462026251925
0.03755236332515803
0.0375501105322785
0.03754786187479101
0.037545617343626686
0.03754337692973832
0.03754114062409969
0.03753890841770586
0.03753668030157295
0.03753445626673821
0.03753223630426005
0.03753002040521792
0.03752780856071218
0.03752560076186433
0.03752339699981661
0.037521197265732525
0.037519001550796134
0.0375168098462123
0.037514622143207034
0.03751243843302686
0.03751025870693895
0.03750808295623135
0.03750591117221257
0.03750374334621198
0.037501579469579056
0.03749941953368422
0.03749726352991814
0.03749511144969182
0.037492963284436825
0.03749081902560487
0.03748867866466811
0.03748654219311872
0.03748440960246927
0.03748228088425215
0.03748015603002006
0.03747803503134571
0.0374759178798216
0.03747380456706031
0.03747169508469415
0.03746958942437532
0.037467487577775675
0.037465389536586895
0.03746329529252012
0.037461204837306215
0.03745911816269541
0.03745703526045748
0.037454956122381644
0.037452880740276334
0.03745080910596927
0.037448741211307555
0.03744667704815719
0.037444616608403564
0.03744255988395067
0.03744050686672191
0.03743845754865927
0.03743641192172371
0.03743436997789492
0.03743233170917134
0.03743029710756998
0.03742826616512641
0.03742623887389477
0.03742421522594746
0.03742219521337553
0.037420178828288124
0.0374181660628125
0.03741615690909443
0.03741415135929745
0.03741214940560329
0.03741015104021137
0.037408156255339414
0.03740616504322246
0.03740417739611355
0.037402193306283374
0.03740021276602014
0.037398235767629566
0.03739626230343477
0.037394292365776266
0.037392325947011855
0.03739036303951644
0.03738840363568221
0.03738644772791836
0.037384495308650866
0.037382546370322955
0.03738060090539436
0.03737865890634169
0.037376720365658304
0.03737478527585391
0.03737285362945482
0.03737092541900401
0.03736900063706046
0.03736707927619958
0.03736516132901305
0.03736324678810842
0.03736133564610955
0.037359427895655994
0.03735752352940335
0.037355622540022976
0.037353724920201836
0.037351830662642645
0.037349939760063594
0.0373480522051982
0.037346167990795695
0.03734428710962023
0.03734240955445146
0.03734053531808404
0.03733866439332756
0.037336796773006845
0.037334932449961306
0.03733307141704543
0.03733121366712815
0.03732935919309327
0.03732750798783892
0.037325660044277835
0.0373238153553371
0.03732197391395806
0.0373201357130963
0.03731830074572133
0.03731646900481718
0.037314640483381324
0.037312815174425404
0.03731099307097461
0.03730917416606806
0.03730735845275845
0.037305545924111845
0.037303736573207916
0.037301930393139615
0.0373001273770132
0.0372983275179481
0.03729653080907677
0.037294737243544894
0.03729294681451082
0.03729115951514595
0.03728937533863439
0.03728759427817285
0.03728581632697068
0.03728404147824976
0.037282269725244406
0.03728050106120114
0.03727873547937894
0.03727697297304875
0.0372752135354937
0.037273457160008946
0.037271703839901485
0.037269953568490125
0.037268206339105416
0.037266462145089704
0.03726472097979669
0.03726298283659174
0.03726124770885154
0.037259515589964126
0.037257786473328794
0.03725606035235583
0.03725433722046682
0.037252617071094174
0.03725089989768134
0.037249185693682324
0.03724747445256226
0.03724576616779648
0.03724406083287135
0.037242358441283346
0.037240658986539533
0.0372389624621572
0.03723726886166403
0.03723557817859771
0.0372338904065061
0.037232205538946975
0.03723052356948798
0.03722884449170682
0.03722716829919073
0.03722549498553673
0.03722382454435133
0.037222156969250735
0.03722049225386025
0.037218830391814936
0.03721717137675891
0.03721551520234542
0.03721386186223692
0.03721221135010492
0.03721056365962983
0.037208918784501104
0.03720727671841678
0.037205637455083616
0.037204000988217106
0.03720236731154156
0.03720073641878927
0.03719910830370145
0.03719748296002728
0.03719586038152431
0.03719424056195851
0.03719262349510369
0.03719100917474175
0.03718939759466275
0.03718778874866448
0.037186182630552456
0.03718457923414026
0.03718297855324885
0.037181380581706995
0.03717978531335086
0.03717819274202414
0.03717660286157785
0.03717501566587057
0.037173431148767706
0.03717184930414227
0.03717027012587415
0.03716869360785027
0.037167119743964736
0.037165548528118285
0.037163979954218745
0.03716241401618047
0.037160850707924686
0.03715929002337918
0.03715773195647851
0.03715617650116342
0.03715462365138134
0.03715307340108583
0.03715152574423718
0.03714998067480139
0.03714843818675125
0.03714689827406513
0.03714536093072768
0.03714382615072957
0.03714229392806752
0.03714076425674392
0.03713923713076698
0.037137712544150776
0.03713619049091513
0.0371346709650853
0.03713315396069232
0.03713163947177254
0.037130127492368055
0.03712861801652607
0.03712711103829947
0.037125606551745946
0.03712410455092894
0.03712260502991691
0.03712110798278315
0.037119613403606574
0.037118121286470566
0.03711663162546381
0.037115144414679925
0.037113659648217175
0.0371121773201788
0.03711069742467278
0.03710921995581184
0.03710774490771312
0.03710627227449888
0.03710480205029539
0.037103334229233745
0.03710186880544953
0.037100405773082656
0.03709894512627736
0.0370974868591823
0.0370960309659504
0.03709457744073896
0.037093126277709144
0.03709167747102658
0.03709023101486092
0.03708878690338573
0.03708734513077886
0.03708590569122199
0.0370844685789008
0.0370830337880047
0.037081601312727225
0.0370801711472657
0.03707874328582096
0.037077317722597994
0.037075894451805196
0.03707447346765473
0.037073054764362456
0.0370716383361478
0.03707022417723372
0.03706881228184664
0.03706740264421686
0.03706599525857763
0.03706459011916593
0.03706318722022215
0.03706178655598999
0.037060388120716506
0.03705899190865194
0.03705759791405014
0.03705620613116792
0.03705481655426524
0.03705342917760576
0.03705204399545569
0.03705066100208484
0.03704928019176587
0.03704790155877457
0.03704652509739003
0.0370451508018942
0.0370437786665719
0.03704240868571124
0.03704104085360314
0.037039675164541534
0.03703831161282319
0.03703695019274792
0.037035590898618416
0.03703423372474016
0.037032878665421445
0.03703152571497358
0.037030174867710645
0.0370288261179493
0.03702747946000929
0.03702613488821296
0.03702479239688545
0.037023451980354644
0.03702211363295116
0.03702077734900829
0.03701944312286206
0.03701811094885116
0.037016780821317076
0.037015452734603695
0.0370141266830578
0.037012802661028806
0.03701148066286859
0.03701016068293184
0.03700884271557573
0.037007526755160086
0.03700621279604744
0.03700490083260282
0.037003590859193816
0.03700228287019069
0.03700097685996631
0.03699967282289595
0.03699837075335771
0.03699707064573203
0.036995772494402106
0.036994476293753555
0.036993182038174685
0.03699188972205639
0.036990599339791944
0.03698931088577735
0.036988024354411106
0.03698673974009449
0.036985457037230995
0.03698417624022691
0.03698289734349118
0.03698162034143525
0.03698034522847293
0.03697907199902117
0.036977800647498844
0.036976531168328025
0.03697526355593306
0.036973997804741046
0.036972733909181564
0.03697147186368723
0.03697021166269263
0.036968953300635696
0.03696769677195659
0.036966442071098435
0.03696518919250678
0.03696393813062994
0.03696268887991923
0.03696144143482827
0.03696019578981366
0.03695895193933469
0.036957709877853503
0.036956469599834826
0.03695523109974642
0.03695399437205861
0.03695275941124483
0.03695152621178118
0.03695029476814654
0.03694906507482305
0.03694783712629511
0.036946610917050725
0.03694538644158042
0.036944163694377724
0.036942942669939347
0.03694172336276475
0.03694050576735652
0.03693928987822029
0.03693807568986478
0.03693686319680167
0.03693565239354594
0.036934443274615564
0.03693323583453165
0.03693203006781859
0.03693082596900399
0.03692962353261853
0.03692842275319627
0.036927223625274494
0.03692602614339398
0.036924830302098546
0.03692363609593546
0.0369224435194556
0.03692125256721293
0.03692006323376517
0.03691887551367324
0.03691768940150181
0.036916504891818934
0.036915321979196156
0.0369141406582089
0.03691296092343599
0.036911782769460014
0.03691060619086704
0.03690943118224718
0.036908257738194006
0.036907085853305176
0.03690591552218195
0.03690474673942938
0.03690357949965666
0.03690241379747669
0.03690124962750653
0.036900086984366975
0.03689892586268312
0.036897766257083804
0.03689660816220242
0.036895451572676013
0.0368942964831461
0.03689314288825827
0.03689199078266257
0.03689084016101296
0.03688969101796812
0.03688854334819086
0.03688739714634838
0.03688625240711252
0.03688510912515928
0.0368839672951696
0.03688282691182839
0.0368816879698258
0.03688055046385616
0.036879414388618685
0.03687827973881726
0.036877146509160595
0.03687601469436198
0.03687488428913984
0.036873755288217236
0.03687262768632233
0.036871501478188184
0.036870376658552806
0.03686925322215941
0.036868131163756125
0.0368670104780964
0.03686589115993875
0.036864773204046936
0.03686365660518997
0.03686254135814228
0.0368614274576835
0.0368603148985988
0.036859203675678666
0.03685809378371927
0.036856985217522155
0.036855877971894414
0.03685477204164893
0.036853667421604175
0.03685256410658426
0.03685146209141927
0.03685036137094479
0.03684926194000258
0.0368481637934401
0.03684706692611079
0.03684597133287419
0.0368448770085957
0.03684378394814697
0.03684269214640572
0.03684160159825583
0.03684051229858738
0.03683942424229687
0.03683833742428697
0.03683725183946679
0.03683616748275181
0.03683508434906406
0.036834002433331896
0.03683292173049049
0.036831842235481485
0.03683076394325317
0.036829686848760465
0.036828610946965254
0.03682753623283606
0.036826462701348206
0.03682539034748399
0.03682431916623279
0.03682324915259066
0.036822180301561
0.036821112608154065
0.03682004606738735
0.03681898067428551
0.036817916423880555
0.03681685331121148
0.0368157913313249
0.03681473047927462
0.03681367075012198
0.036812612138935705
0.03681155464079215
0.036810498250775175
0.03680944296397609
0.036808388775494257
0.03680733568043628
0.03680628367391691
0.03680523275105856
0.03680418290699139
0.03680313413685376
0.03680208643579149
0.03680103979895895
0.03679999422151816
0.03679894969863944
0.03679790622550119
0.03679686379728991
0.03679582240920048
0.036794782056436055
0.036793742734207914
0.03679270443773601
0.036791667162248555
0.03679063090298222
0.036789595655182104
0.036788561414102236
0.03678752817500487
0.03678649593316112
0.036785464683850674
0.0367844344223621
0.03678340514399267
0.03678237684404864
0.03678134951784487
0.03678032316070551
0.036779297767963404
0.03677827333496053
0.03677724985704794
0.03677622732958584
0.03677520574794351
0.03677418510749955
0.03677316540364171
0.036772146631766985
0.036771128787281865
0.036770111865602084
0.036769095862153024
0.03676808077236915
0.03676706659169484
0.03676605331558378
0.03676504093949939
0.0367640294589145
0.03676301886931205
0.03676200916618437
0.036761000345033656
0.03675999240137189
0.036758985330720924
0.0367579791286126
0.036756973790588524
0.03675596931220054
0.036754965689010204
0.03675396291658929
0.036752960990519674
0.03675195990639355
0.03675095965981284
0.03674996024639022
0.036748961661748236
0.03674796390151985
0.036746966961348534
0.036745970836887916
0.03674497552380209
0.03674398101776582
0.036742987314463925
0.03674199440959232
0.036741002298857045
0.036740010977975024
0.036739020442673596
0.036738030688690915
0.036737041711775956
0.036736053507688195
0.03673506607219818
0.03673407940108706
0.036733093490147084
0.03673210833518103
0.03673112393200308
0.03673014027643813
0.036729157364321925
0.03672817519150161
0.036727193753835145
0.03672621304719159
0.03672523306745141
0.0367242538105059
0.03672327527225779
0.03672229744862098
0.036721320335520634
0.036720343928893104
0.03671936822468635
0.03671839321885947
0.036717418907382976
0.036716445286238956
0.036715472351420766
0.03671450009893329
0.03671352852479303
0.03671255762502794
0.03671158739567764
0.03671061783279311
0.03670964893243734
0.03670868069068473
0.03670771310362125
0.03670674616734491
0.03670577987796522
0.03670481423160345
0.03670384922439285
0.03670288485247831
0.0367019211120166
0.03670095799917647
0.03669999551013843
0.036699033641094905
0.036698072388250395
0.036697111747821275
0.03669615171603588
0.03669519228913461
0.03669423346336994
0.03669327523500616
0.03669231760032011
0.03669136055560025
0.03669040409714751
0.03668944822127467
0.036688492924307
0.03668753820258162
0.036686584052448096
0.03668563047026816
0.03668467745241589
0.03668372499527727
0.03668277309525092
0.03668182174874773
0.03668087095219078
0.03667992070201548
0.0366789709946698
0.03667802182661369
0.03667707319431996
0.036676125094273614
0.03667517752297179
0.03667423047692464
0.036673283952654206
0.03667233794669547
0.03667139245559562
0.03667044747591423
0.036669503004223614
0.03666855903710863
0.0366676155711665
0.036666672603007044
0.03666573012925265
0.03666478814653837
0.03666384665151168
0.03666290564083277
0.036661965111174324
0.036661025059221766
0.036660085481673016
0.036659146375238844
0.036658207736642294
0.03665726956261948
0.03665633184991891
0.03665539459530181
0.036654457795542085
0.03665352144742642
0.03665258554775405
0.03665165009333709
0.03665071508100014
0.03664978050758067
0.03664884636992887
0.03664791266490751
0.03664697938939227
0.036646046540271454
0.03664511411444608
0.03664418210883002
0.036643250520349786
0.036642319345944745
0.03664138858256698
0.03664045822718113
0.036639528276765
0.03663859872830876
0.036637669578815604
0.036636740825301335
0.03663581246479451
0.03663488449433668
0.03663395691098187
0.036633029711797035
0.03663210289386188
0.036631176454268756
0.03663025039012302
0.03662932469854249
0.03662839937665805
0.03662747442161306
0.03662654983056379
0.03662562560067923
0.0366247017291412
0.03662377821314409
0.0366228550498952
0.03662193223661448
0.03662100977053464
0.036620087648901054
0.03661916586897199
0.03661824442801831
0.03661732332332349
0.03661640255218394
0.03661548211190867
0.03661456199981932
0.03661364221325025
0.03661272274954865
0.03661180360607414
0.036610884780199145
0.03660996626930878
0.036609048070800704
0.03660813018208532
0.03660721260058548
0.03660629532373693
0.03660537834898786
0.03660446167379899
0.03660354529564382
0.03660262921200828
0.03660171342039098
0.03660079791830299
0.03659988270326797
0.03659896777282219
0.03659805312451434
0.03659713875590562
0.03659622466456972
0.03659531084809301
0.03659439730407402
0.03659348403012398
0.03659257102386646
0.036591658282937534
0.0365907458049856
0.03658983358767149
0.03658892162866841
0.03658800992566208
0.036587098476350284
0.03658618727844352
0.036585276329664296
0.036584365627747535
0.03658345517044051
0.036582544955502734
0.03658163498070591
0.0365807252438341
0.03657981574268348
0.03657890647506253
0.03657799743879187
0.03657708863170419
0.036576180051644536
0.036575271696469944
0.03657436356404964
0.03657345565226482
0.03657254795900898
0.036571640482187376
0.036570733219717516
0.036569826169528884
0.03656891932956285
0.03656801269777294
0.036567106272124526
0.036566200050594806
0.03656529403117312
0.03656438821186054
0.036563482590669986
0.03656257716562642
0.0365616719347663
0.03656076689613812
0.0365598620478022
0.036558957387830354
0.03655805291430643
0.036557148625325775
0.03655624451899548
0.036555340593434314
0.036554436846772564
0.03655353327715244
0.0365526298827273
0.03655172666166244
0.036550823612134624
0.036549920732331806
0.0365490180204539
0.036548115474711894
0.03654721309332852
0.03654631087453773
0.03654540881658496
0.03654450691772688
0.03654360517623155
0.03654270359037844
0.036541802158458196
0.03654090087877274
0.03653999974963521
0.036539098769369976
0.036538197936312605
0.03653729724880965
0.036536396705218896
0.03653549630390937
0.03653459604326081
0.03653369592166438
0.03653279593752185
0.03653189608924633
0.03653099637526159
0.03653009679400259
0.036529197343914854
0.036528298023455134
0.03652739883109077
0.03652649976529982
0.03652560082457145
0.03652470200740532
0.0365238033123118
0.036522904737812056
0.03652200628243784
0.036521107944731596
0.03652020972324631
0.03651931161654547
0.03651841362320313
0.036517515741803994
0.036516617970943056
0.03651572030922579
0.036514822755268156
0.036513925307696427
0.03651302796514719
0.03651213072626746
0.03651123358971436
0.03651033655415559
0.03650943961826862
0.03650854278074143
0.03650764604027216
0.03650674939556884
0.03650585284534981
0.03650495638834351
0.03650406002328808
0.03650316374893203
0.03650226756403362
0.036501371467361175
0.036500475457692805
0.03649957953381648
0.03649868369453012
0.036497787938641314
0.036496892264967516
0.03649599667233591
0.03649510115958331
0.036494205725556166
0.03649331036911081
0.03649241508911281
0.03649151988443764
0.036490624753970004
0.036489729696604425
0.03648883471124466
0.036487939796803946
0.0364870449522049
0.03648615017637967
0.036485255468269424
0.03648436082682507
0.036483466251006264
0.03648257173978239
0.036481677292131594
0.03648078290704151
0.03647988858350875
0.03647899432053891
0.03647810011714699
0.03647720597235664
0.03647631188520066
0.03647541785472085
0.03647452387996789
0.0364736299600013
0.03647273609388954
0.03647184228070972
0.03647094851954805
0.036470054809499164
0.036469161149666515
0.036468267539162345
0.03646737397710732
0.03646648046263102
0.03646558699487124
0.03646469357297458
0.03646380019609617
0.03646290686339934
0.036462013574056026
0.03646112032724667
0.036460227122159884
0.03645933395799273
0.03645844083395054
0.03645754774924681
0.03645665470310341
0.03645576169475033
0.03645486872342576
0.036453975788375906
0.03645308288885505
0.036452190024125836
0.036451297193458486
0.03645040439613145
0.03644951163143112
0.03644861889865177
0.03644772619709546
0.036446833526072205
0.0364459408848998
0.03644504827290379
0.036444155689417376
0.03644326313378175
0.03644237060534542
0.036441478103464736
0.03644058562750352
0.03643969317683326
0.03643880075083296
0.03643790834888901
0.03643701597039538
0.03643612361475339
0.03643523128137178
0.03643433896966658
0.03643344667906135
0.03643255440898657
0.036431662158880246
0.036430769928187605
0.03642987771636087
0.036428985522859586
0.03642809334715024
0.03642720118870663
0.036426309047009296
0.03642541692154594
0.03642452481181142
0.03642363271730708
0.03642274063754166
0.03642184857203046
0.03642095652029568
0.03642006448186638
0.0364191724562782
0.0364182804430739
0.03641738844180244
0.03641649645201989
0.03641560447328858
0.03641471250517776
0.03641382054726303
0.03641292859912658
0.03641203666035708
0.03641114473054971
0.03641025280930601
0.03640936089623394
0.03640846899094782
0.03640757709306834
0.03640668520222236
0.03640579331804314
0.03640490144017001
0.03640400956824879
0.03640311770193096
0.03640222584087461
0.03640133398474372
0.03640044213320821
0.0363995502859443
0.03639865844263395
0.03639776660296521
0.036396874766632066
0.0363959829333343
0.036395091102777596
0.036394199274673605
0.0363933074487395
0.03639241562469844
0.036391523802279294
0.036390631981216545
0.03638974016125026
0.0363888483421265
0.03638795652359641
0.03638706470541717
0.03638617288735121
0.036385281069166595
0.03638438925063679
0.036383497431540776
0.03638260561166283
0.03638171379079279
0.03638082196872564
0.03637993014526179
0.03637903832020685
0.036378146493371885
0.03637725466457296
0.03637636283363136
0.03637547100037356
0.036374579164631216
0.03637368732624114
0.03637279548504494
0.03637190364088947
0.036371011793626555
0.036370119943112955
0.03636922808921034
0.036368336231785446
0.036367444370709774
0.03636655250585959
0.03636566063711615
0.036364768764365375
0.03636387688749806
0.03636298500640959
0.036362093121000166
0.036361201231174596
0.03636030933684236
0.036359417437917554
0.03635852553431872
0.0363576336259692
0.03635674171279661
0.036355849794733275
0.03635495787171578
0.03635406594368525
0.036353174010587276
0.0363522820723717
0.036351390128992814
0.03635049818040906
0.03634960622658338
0.036348714267482846
0.03634782230307878
0.03634693033334677
0.03634603835826654
0.036345146377821866
0.03634425439200082
0.03634336240079541
0.036342470404201785
0.036341578402220166
0.03634068639485467
0.03633979438211343
0.036338902364008635
0.0363380103405562
0.03633711831177619
0.03633622627769221
0.03633533423833209
0.03633444219372718
0.03633355014391267
0.03633265808892769
0.03633176602881488
0.03633087396362071
0.03632998189339526
0.036329089818192405
0.03632819773806946
0.03632730565308742
0.03632641356331085
0.03632552146880796
0.0363246293696503
0.03632373726591313
0.03632284515767495
0.03632195304501792
0.03632106092802739
0.03632016880679237
0.03631927668140498
0.03631838455196087
0.03631749241855899
0.036316600281301445
0.03631570814029372
0.03631481599564454
0.03631392384746572
0.036313031695872584
0.036312139540983224
0.036311247382919125
0.036310355221804834
0.03630946305776797
0.03630857089093924
0.036307678721452456
0.03630678654944433
0.036305894375054625
0.036305002198426015
0.03630411001970437
0.03630321783903822
0.03630232565657907
0.03630143347248128
0.03630054128690228
0.03629964910000198
0.03629875691194333
0.03629786472289202
0.03629697253301648
0.03629608034248794
0.03629518815148027
0.036294295960170184
0.03629340376873667
0.03629251157736195
0.03629161938623043
0.036290727195529275
0.036289835005448134
0.03628894281617952
0.03628805062791804
0.036287158440861216
0.03628626625520876
0.03628537407116305
0.03628448188892883
0.036283589708713315
0.036282697530726105
0.0362818053551792
0.03628091318228687
0.03628002101226595
0.03627912884533539
0.036278236681716536
0.036277344521633004
0.03627645236531059
0.03627556021297751
0.036274668064863964
0.03627377592120264
0.03627288378222812
0.03627199164817732
0.03627109951928924
0.036270207395805
0.036269315277967784
0.03626842316602289
0.036267531060217725
0.036266638960801664
0.03626574686802614
0.036264854782144494
0.036263962703412214
0.03626307063208665
0.036262178568427034
0.036261286512694606
0.03626039446515245
0.03625950242606572
0.03625861039570116
0.036257718374327494
0.03625682636221534
0.03625593435963711
0.036255042366866726
0.0362541503841804
0.03625325841185566
0.03625236645017189
0.036251474499410366
0.036250582559853736
0.036249690631786756
0.036248798715495356
0.0362479068112676
0.03624701491939286
0.036246123040162156
0.03624523117386825
0.03624433932080529
0.036243447481269286
0.03624255565555735
0.03624166384396851
0.036240772046803114
0.03623988026436304
0.036238988496951605
0.0362380967448738
0.03623720500843562
0.036236313287944924
0.03623542158371082
0.036234529896043664
0.03623363822525547
0.036232746571659286
0.03623185493556986
0.03623096331730298
0.03623007171717591
0.03622918013550714
0.036228288572616424
0.03622739702882488
0.03622650550445478
0.03622561399982957
0.036224722515274206
0.036223831051114534
0.03622293960767769
0.036222048185292025
0.036221156784287105
0.0362202654049934
0.03621937404774274
0.036218482712868046
0.03621759140070322
0.03621670011158332
0.03621580884584456
0.036214917603824
0.03621402638585995
0.03621313519229158
0.03621224402345924
0.03621135287970419
0.03621046176136865
0.03620957066879578
0.03620867960232982
0.03620778856231592
0.03620689754910009
0.03620600656302932
0.03620511560445146
0.03620422467371526
0.0362033337711704
0.03620244289716733
0.036201552052057495
0.03620066123619293
0.036199770449926776
0.03619887969361277
0.03619798896760555
0.03619709827226062
0.03619620760793391
0.036195316974982676
0.036194426373764396
0.036193535804637425
0.036192645267961086
0.036191754764095196
0.036190864293400196
0.03618997385623737
0.036189083452968666
0.03618819308395657
0.036187302749564415
0.03618641245015587
0.03618552218609559
0.03618463195774865
0.03618374176548062
0.036182851609657896
0.03618196149064733
0.0361810714088164
0.03618018136453297
0.03617929135816568
0.03617840139008363
0.0361775114606563
0.03617662157025385
0.03617573171924689
0.036174841908006586
0.03617395213690441
0.03617306240631251
0.03617217271660325
0.03617128306814967
0.03617039346132521
0.0361695038965036
0.036168614374059105
0.03616772489436633
0.03616683545780037
0.036165946064736616
0.03616505671555076
0.03616416741061917
0.03616327815031812
0.03616238893502451
0.03616149976511576
0.03616061064096916
0.03615972156296264
0.036158832531474214
0.0361579435468825
0.03615705460956607
0.036156165719904036
0.03615527687827558
0.03615438808506025
0.036153499340637864
0.03615261064538835
0.036151721999692056
0.03615083340392936
0.036149944858480984
0.0361490563637278
0.036148167920050926
0.03614727952783159
0.036146391187451235
0.03614550289929153
0.03614461466373419
0.03614372648116113
0.036142838351954504
0.03614195027649639
0.03614106225516922
0.036140174288355434
0.0361392863764375
0.03613839851979823
0.036137510718820195
0.03613662297388638
0.03613573528537962
0.03613484765368295
0.03613396007917939
0.036133072562252073
0.03613218510328406
0.0361312977026587
0.036130410360758966
0.036129523077968274
0.03612863585466994
0.036127748691247
0.03612686158808292
0.03612597454556082
0.03612508756406398
0.03612420064397569
0.03612331378567906
0.03612242698955726
0.036121540255993435
0.0361206535853706
0.03611976697807177
0.036118880434479875
0.03611799395497787
0.03611710753994847
0.03611622118977441
0.036115334904838224
0.036114448685522514
0.036113562532209674
0.03611267644528204
0.0361117904251217
0.03611090447211087
0.036110018586631355
0.03610913276906492
0.036108247019793364
0.03610736133919804
0.03610647572766044
0.036105590185561594
0.036104704713282615
0.036103819311204266
0.036102933979707305
0.036102048719172136
0.03610116352997907
0.0361002784125082
0.03609939336713938
0.03609850839425231
0.036097623494226384
0.03609673866744099
0.03609585391427496
0.03609496923510716
0.03609408463031614
0.036093200100280214
0.036092315645377335
0.036091431265985366
0.036090546962481915
0.03608966273524413
0.036088778584649074
0.03608789451107349
0.03608701051489381
0.03608612659648612
0.036085242756226425
0.03608435899449018
0.0360834753116528
0.0360825917080891
0.03608170818417388
0.03608082474028142
0.03607994137678573
0.03607905809406055
0.036078174892479296
0.03607729177241487
0.036076408734240076
0.03607552577832725
0.03607464290504837
0.036073760114775186
0.036072877407878935
0.03607199478473047
0.03607111224570052
0.03607022979115923
0.03606934742147639
0.0360684651370215
0.03606758293816356
0.03606670082527136
0.03606581879871308
0.03606493685885669
0.036064055006069684
0.036063173240719094
0.03606229156317166
0.03606140997379358
0.03606052847295088
0.036059647061008775
0.03605876573833244
0.03605788450528637
0.036057003362234774
0.036056122309541444
0.036055241347569475
0.036054360476681896
0.03605347969724103
0.036052599009608784
0.03605171841414674
0.03605083791121586
0.036049957501176726
0.03604907718438959
0.03604819696121393
0.03604731683200905
0.03604643679713351
0.03604555685694579
0.036044677011803326
0.036043797262063706
0.0360429176080834
0.03604203805021904
0.036041158588826123
0.03604027922426006
0.03603939995687577
0.03603852078702739
0.03603764171506877
0.03603676274135329
0.03603588386623365
0.03603500509006204
0.036034126413190384
0.03603324783596975
0.03603236935875098
0.0360314909818842
0.036030612705719
0.03602973453060459
0.036028856456889545
0.036027978484921896
0.03602710061504912
0.036026222847618326
0.03602534518297587
0.036024467621467555
0.036023590163438805
0.03602271280923443
0.03602183555919858
0.03602095841367503
0.03602008137300669
0.036019204437536374
0.03601832760760593
0.03601745088355679
0.03601657426572985
0.03601569775446528
0.03601482135010296
0.03601394505298194
0.03601306886344076
0.03601219278181748
0.03601131680844938
0.03601044094367339
0.036009565187825714
0.036008689541241895
0.03600781400425707
0.03600693857720582
0.03600606326042178
0.036005188054238364
0.036004312958988226
0.036003437975003376
0.03600256310261535
0.036001688342155
0.03600081369395268
0.0359999391583379
0.03599906473563978
0.03599819042618673
0.03599731623030667
0.035996442148326716
0.03599556818057349
0.03599469432737298
0.035993820589050506
0.03599294696593088
0.035992073458338165
0.03599120006659591
0.03599032679102695
0.03598945363195352
0.03598858058969726
0.03598770766457908
0.03598683485691948
0.035985962167038026
0.03598508959525392
0.035984217141885565
0.03598334480725077
0.03598247259166674
0.03598160049544995
0.035980728518916365
0.03597985666238125
0.03597898492615911
0.035978113310564
0.03597724181590928
0.03597637044250754
0.03597549919067086
0.03597462806071052
0.0359737570529374
0.03597288616766145
0.03597201540519212
0.035971144765838195
0.035970274249907785
0.03596940385770835
0.03596853358954668
0.035967663445728944
0.03596679342656054
0.03596592353234641
0.03596505376339066
0.035964184119996745
0.03596331460246756
0.035962445211105254
0.03596157594621138
0.035960706808086745
0.035959837797031505
0.0359589689133452
0.03595810015732668
0.03595723152927412
0.03595636302948493
0.035955494658256065
0.03595462641588368
0.03595375830266325
0.03595289031888951
0.035952022464856716
0.03595115474085832
0.03595028714718701
0.035949419684135064
0.03594855235199384
0.035947685151054135
0.035946818081606054
0.035945951143938976
0.03594508433834168
0.03594421766510215
0.035943351124507895
0.03594248471684552
0.035941618442401
0.03594075230145979
0.03593988629430658
0.035939020421225196
0.035938154682498995
0.03593728907841058
0.035936423609241985
0.03593555827527428
0.03593469307678821
0.03593382801406354
0.03593296308737947
0.03593209829701456
0.03593123364324659
0.035930369126352765
0.03592950474660939
Eitim Tamamland
11 numaral adaki hata: %6,325
