1.0
0.10910436994440861
0.10820732308259376
0.10718184098772367
0.1060023620017306
0.10449748626604775
0.10253386886406489
0.1000686644355858
0.09720678762667107
0.09419671180543886
0.09132846912141333
0.08880276829955089
0.086680532321652
0.08492339897770092
0.08345647208357722
0.08220745774125367
0.08112016863995895
0.08015484406915921
0.07928441911432095
0.07849064095257142
0.07776108643086103
0.07708709720197687
0.07646240465542632
0.07588222782820345
0.07534268885457314
0.07484044324970579
0.07437245720889551
0.07393588516498974
0.07352801362582738
0.07314624587582542
0.07278810874688074
0.07245126827286812
0.07213354580654281
0.07183292999075708
0.07154758275381017
0.07127583929111188
0.07101620297129851
0.0707673364893738
0.07052805060145313
0.0702972915917151
0.07007412836444667
0.06985773979575458
0.06964740275691404
0.06944248104688294
0.06924241534432284
0.06904671420246444
0.06885494605449592
0.06866673216442243
0.06848174044155711
0.06829968003056015
0.06812029658931715
0.06794336817120167
0.06776870163456863
0.0675961295094875
0.06742550725902771
0.0672567108794289
0.06708963479001409
0.06692418996964244
0.06676030230184778
0.06659791109559327
0.06643696775287365
0.06627743455826297
0.06611928356902863
0.06596249558766464
0.06580705920170846
0.06565296987852198
0.06550022910539181
0.06534884356782311
0.06519882436128473
0.06505018623387271
0.06490294685937564
0.06475712614199547
0.06461274555545582
0.06446982752036676
0.06432839482446549
0.06418847009068519
0.06405007529791122
0.06391323135876766
0.0637779577578855
0.06364427225288513
0.06351219063885395
0.0633817265755106
0.0632528914746241
0.0631256944437225
0.06300014228075483
0.06287623951327725
0.06275398847494408
0.06263338941165686
0.06251444060964463
0.062397138538007116
0.062281477998799815
0.06216745227852126
0.0620550532958122
0.06194427174121725
0.061835097205934095
0.06172751829751599
0.06162152274145614
0.06151709746842772
0.061414228687662595
0.0613129019475065
0.06121310218459372
0.061114813763346654
0.06101802050763406
0.06092270572644538
0.060828852235363585
0.06073644237547966
0.06064545803119885
0.0605558806481663
0.06046769125230029
0.06038087047068005
0.06029539855480245
0.060211255406506646
0.06012842060667074
0.0600468734466184
0.05996659296203267
0.05988755796906376
0.05980974710223262
0.05973313885367628
0.059657711613245575
0.0595834437089539
0.05951031344728247
0.0594382991528679
0.05936737920713319
0.059297532085466884
0.05922873639260641
0.0591609708959373
0.05909421455647808
0.05902844655738101
0.05896364632983213
0.05889979357629335
0.058836868291075504
0.05877485077827939
0.05871372166717866
0.058653461925156254
0.05859405286832766
0.05853547617001022
0.058477713867208646
0.05842074836529934
0.05836456244109523
0.05830913924447728
0.05825446229876845
0.058200515500020984
0.05814728311537489
0.05809474978063325
0.05804290049718495
0.057991720628390704
0.05794119589553313
0.05789131237341636
0.057842056485687944
0.05779341499993958
0.057745375022636145
0.05769792399390795
0.05765104968223389
0.05760474017903695
0.057558983893204525
0.057513769545544366
0.057469086163181804
0.05742492307390115
0.057381269900434226
0.057338116554696804
0.057295453231973326
0.057253270405052945
0.05721155881831613
0.05717030948177691
0.05712951366508271
0.0570891628914772
0.05704924893173067
0.057009763798045066
0.056970699737940264
0.056932049228129035
0.05689380496838955
0.05685595987544308
0.056818507076846325
0.05678143990490738
0.056744751890633105
0.05670843675771774
0.056672488416581304
0.056636900958465214
0.05660166864959352
0.05656678592540791
0.05653224738488283
0.056498047784926814
0.05646418203487801
0.05643064519109806
0.05639743245166953
0.05636453915120284
0.056331960755754834
0.0562996928578647
0.056267731171708746
0.05623607152837789
0.05620470987127918
0.05617364225166354
0.056142864824281366
0.0561123738431663
0.05608216565754804
0.05605223670789428
0.056022583522081705
0.05599320271169566
0.05596409096845713
0.055935245060776524
0.05590666183043292
0.055878338189376334
0.05585027111665256
0.055822457655447584
0.055794894910249304
0.05576758004412509
0.055740510276112036
0.055713682878717155
0.05568709517552535
0.05566074453891225
0.05563462838785837
0.05560874418586278
0.05558308943895234
0.055557661693783976
0.05553245853583723
0.055507477587693074
0.055482716507397035
0.05545817298690319
0.05543384475059609
0.05540972955388719
0.05538582518188389
0.055362129448127136
0.05533864019339595
0.05531535528457465
0.05529227261358169
0.05526939009635593
0.05524670567189906
0.05522421730137039
0.05520192296723269
0.05517982067244575
0.05515790843970597
0.0551361843107296
0.055114646345576924
0.05509329262201614
0.055072121234924304
0.055051130295723054
0.05503031793184879
0.055009682286253185
0.05498922151693402
0.05496893379649427
0.054948817311727065
0.0549288702632262
0.054909090865019224
0.05488947734422379
0.05487002794072283
0.054850740906860686
0.054831614507156304
0.054812647018033435
0.054793836727566596
0.0547751819352419
0.05475668095173089
0.05473833209867732
0.05472013370849546
0.05470208412417932
0.054684181699121176
0.054666424796940206
0.05464881179131802
0.05463134106584341
0.05461401101386252
0.05459682003833609
0.054579766551702213
0.054562848975743976
0.05454606574146179
0.05452941528894939
0.05451289606727398
0.05449650653435845
0.05448024515686747
0.054464110410094545
0.054448100777852
0.05443221475236146
0.05441645083414676
0.05440080753192656
0.05438528336250803
0.05436987685068135
0.05435458652911367
0.05433941093824326
0.05432434862617337
0.05430939814856573
0.054294558068533436
0.0542798269565327
0.054265203390254355
0.054250685954513996
0.054236273241141185
0.05422196384886732
0.054207756383212694
0.05419364945637194
0.05417964168709835
0.05416573170058712
0.05415191812835668
0.05413819960812964
0.05412457478371164
0.05411104230486962
0.05409760082720842
0.05408424901204648
0.054070985526290596
0.05405780904230984
0.054044718237807904
0.054031711795695825
0.05401878840396292
0.05400594675554831
0.053993185548211114
0.05398050348440143
0.05396789927113047
0.05395537161984147
0.0539429192462805
0.05393054087036831
0.05391823521607273
0.053906001011282074
0.05389383698768013
0.053881741880622266
0.05386971442901392
0.053857753375190776
0.05384585746480166
0.053834025446694016
0.05382225607280273
0.053810548098042234
0.05379890028020245
0.05378731137984908
0.05377578016022878
0.05376430538717851
0.0537528858290416
0.05374152025658888
0.05373020744294656
0.0537189461635313
0.05370773519599227
0.053696573320161596
0.05368545931801328
0.053674391973631067
0.05366337007318644
0.053652392404926516
0.05364145775917332
0.0536305649283345
0.053619712706926566
0.05360889989161089
0.05359812528124354
0.05358738767693999
0.053576685882154404
0.05356601870277548
0.05355538494723879
0.05354478342665708
0.05353421295496827
0.053523672349103775
0.05351316042917605
0.053502676018687176
0.05349221794476008
0.05348178503839112
0.053471376134727466
0.05346099007336794
0.05345062569868975
0.053440281860200736
0.053429957412919185
0.05341965121778103
0.053409362142075416
0.05339908905991012
0.05338883085270647
0.05337858640972535
0.05336835462862439
0.05335813441604732
0.05334792468824555
0.053337724371732835
0.05332753240397353
0.05331734773410395
0.05330716932368788
0.05329699614750589
0.05328682719437884
0.053276661468024254
0.053266497987947053
0.05325633579036263
0.05324617392915242
0.05323601147685093
0.053225847525663374
0.05321568118851271
0.05320551160011433
0.05319533791807737
0.053185159324030486
0.0531749750247692
0.053164784253424656
0.05315458627064818
0.053144380365811116
0.05313416585821542
0.0531239420983121
0.05311370846892348
0.05310346438646485
0.05309320930216187
0.053082942703258446
0.0530726641142097
0.053062373097855775
0.0530520692565697
0.05304175223337458
0.05303142171302255
0.05302107742303068
0.05301071913466591
0.05300034666387322
0.05298995987213909
0.05297955866728419
0.05296914300417745
0.052958712885364335
0.052948268361603004
0.05293780953229961
0.05292733654583752
0.052916849599792065
0.052906348941025846
0.05289583486565651
0.05288530771889281
0.05287476789473224
0.052864215835516044
0.052853652031337406
0.05284307701929801
0.0528324913826117
0.05282189574955173
0.0528112907922412
0.052800677225285725
0.05279005580424961
0.05277942732397631
0.05276879261675682
0.052758152550349116
0.052747508025853464
0.05273685997545006
0.05272620936000572
0.05271555716655752
0.05270490440568354
0.052694252108768776
0.05268360132518049
0.052672953119361675
0.052662308567857745
0.05265166875628907
0.05264103477628286
0.05263040772238041
0.05261978868893295
0.05260917876700251
0.05259857904128199
0.05258799058705076
0.05257741446717948
0.05256685172919998
0.05255630340245383
0.05254577049533304
0.05253525399262686
0.052524754852985474
0.052514274006512866
0.05250381235249859
0.05249337075729752
0.05248295005236602
0.05247255103246068
0.052462174454005465
0.05245182103363147
0.05244149144689239
0.05243118632715671
0.05242090626467834
0.05241065180584357
0.05240042345259306
0.05239022166201602
0.052380046846112104
0.05236989937171575
0.052359779560577996
0.052349687689597524
0.05233962399119524
0.05232958865382286
0.05231958182259757
0.05230960360005399
0.0522996540470038
0.05228973318349356
0.052279840989851355
0.05226997740781196
0.05226014234171154
0.05225033565974221
0.05224055719525622
0.05223080674811201
0.05222108408605223
0.05221138894610541
0.05220172103600327
0.05219208003560648
0.052182465598330306
0.052172877352564866
0.05216331490308266
0.052153777832428215
0.05214426570228402
0.05213477805480889
0.05212531441394368
0.05211587428668091
0.052106457164295496
0.05209706252353336
0.05208768982775602
0.05207833852803887
0.052069008064222835
0.052059697865916986
0.052050407353452934
0.052041135938789916
0.052031883026371156
0.05202264801393157
0.05201343029325822
0.05200422925090336
0.05199504426885289
0.051985874725149935
0.05197671999447651
0.05196757944869401
0.05195845245734562
0.051949338388121054
0.05194023660728719
0.05193114648008608
0.05192206737110228
0.05191299864460259
0.051903939664849214
0.05189488979638999
0.05188584840432695
0.051876814854565315
0.051867788514045964
0.05185876875096263
0.05184975493496608
0.05184074643735738
0.051831742631272326
0.05182274289185755
0.051813746596442375
0.0518047531247053
0.05179576185883857
0.0517867721837114
0.051777783487033505
0.051768795159518995
0.05175980659505378
0.051750817190865314
0.0517418263476965
0.051732833469984925
0.05172383796604675
0.051714839248267176
0.05170583673329675
0.05169682984225431
0.05168781800093707
0.05167880064003752
0.05166977719536703
0.05166074710808616
0.05165170982494284
0.05164266479851499
0.05163361148746134
0.051624549356776656
0.051615477878052346
0.05160639652974292
0.051597304797435066
0.05158820217412131
0.051579088160476454
0.05156996226513535
0.05156082400497319
0.051551672905385496
0.05154250850056791
0.05153333033379545
0.05152413795769899
0.05151493093453967
0.05150570883647855
0.05149647124584294
0.051487217755385624
0.051477947968539356
0.05146866149966264
0.051459357974278225
0.05145003702930242
0.05144069831326479
0.051431341486516985
0.051421966221430825
0.05141257220258433
0.0514031591269348
0.0513937267039793
0.05138427465590101
0.051374802717701507
0.05136531063731843
0.05135579817572784
0.05134626510703146
0.05133671121852815
0.05132713631076933
0.051317540197598356
0.05130792270617422
0.051298283676978154
0.05128862296380527
0.051278940433738825
0.05126923596710958
0.05125950945743887
0.05124976081136637
0.05123998994856281
0.05123019680162745
0.05122038131597161
0.051210543449688194
0.05120068317340725
0.0511908004701393
0.05118089533510571
0.05117096777555805
0.051161017810585185
0.051151045470911115
0.05114105079868231
0.051131033847246155
0.05112099468092087
0.05111093337475812
0.05110085001429833
0.051090744695320184
0.051080617523583866
0.05107046861457087
0.05106029809321846
0.05105010609365172
0.05103989275891256
0.051029658240686906
0.05101940269903067
0.051009126302095
0.05099882922585163
0.05098851165381881
0.050978173776788246
0.05096781579255391
0.050957437905643034
0.0509470403270496
0.050936623273971464
0.05092618696955029
0.050915731642616445
0.0509052575274368
0.0508947648634687
0.05088425389511786
0.050873724871501644
0.050863178046217684
0.05085261367711858
0.05084203202609171
0.0508314333588451
0.05082081794469978
0.050810186056387686
0.050799537969855826
0.05078887396407695
0.050778194320865805
0.05076749932470214
0.05075678926255975
0.05074606442374123
0.050735325099719
0.050724571583982546
0.05071380417189084
0.050703023160531165
0.050692228848582994
0.05068142153618736
0.05067060152482204
0.0506597691171811
0.050648924617060304
0.050638068329246104
0.05062720055941074
0.050616321614010654
0.05060543180018963
0.05059453142568598
0.050583620798743685
0.05057270022802696
0.0505617700225391
0.050550830491543755
0.050539881944489905
0.05052892469094008
0.050517959040500875
0.050506985302756574
0.050496003787205083
0.05048501480319621
0.05047401865987232
0.050463015666111125
0.05045200613046992
0.05044099036113226
0.05042996866585588
0.05041894135192207
0.05040790872608704
0.050396871094534106
0.05038582876282692
0.050374782035864776
0.05036373121783761
0.05035267661218314
0.05034161852154415
0.050330557247726816
0.05031949309165973
0.050308426353353676
0.050297357331861726
0.050286286325240424
0.05027521363051074
0.05026413954362046
0.05025306435940584
0.05024198837155499
0.050230911872570415
0.05021983515373256
0.05020875850506398
0.05019768221529278
0.05018660657181755
0.05017553186067202
0.050164458366489736
0.05015338637246959
0.050142316160341455
0.050131248010331954
0.05012018220113085
0.050109119009856894
0.05009805871202563
0.05008700158151569
0.05007594789053636
0.050064897909595805
0.050053851907468645
0.05004281015116497
0.05003177290589855
0.0500207404350571
0.050009713000171055
0.04999869086088414
0.04998767427492397
0.0499766634980732
0.04996565878414051
0.04995466038493348
0.04994366855023039
0.04993268352775372
0.049921705563143834
0.04991073489993293
0.04989977177952004
0.049888816441146476
0.04987786912187153
0.049866930056549595
0.04985599947780711
0.04984507761602068
0.04983416469929568
0.049823260953445546
0.0498123666019718
0.04980148186604493
0.049790606964485576
0.049779742113746916
0.04976888752789747
0.04975804341860478
0.04974720999512001
0.049736387464262774
0.04972557603040732
0.0497147758954693
0.049703987258893
0.049693210317639715
0.049682445266177044
0.04967169229646837
0.049660951597963514
0.04965022335759037
0.049639507759746924
0.04962880498629404
0.04961811521654963
0.04960743862728279
0.04959677539270931
0.049586125684487434
0.04957548967171524
0.04956486752092768
0.049554259396095195
0.04954366545862286
0.04953308586734994
0.04952252077855089
0.0495119703459361
0.04950143472065459
0.04949091405129607
0.0494804084838948
0.049469918161933614
0.04945944322634864
0.04944898381553468
0.0494385400653517
0.04942811210913124
0.04941770007768391
0.04940730409930758
0.04939692429979584
0.04938656080244745
0.04937621372807586
0.049365883195019895
0.049355569319154635
0.049345272213902946
0.049334991990247566
0.04932472875674339
0.049314482619531044
0.04930425368235018
0.04929404204655335
0.049283847811120905
0.049273671072675725
0.04926351192549862
0.04925337046154427
0.04924324677045741
0.04923314093958944
0.049223053054015545
0.049212983196551846
0.049202931447773504
0.04919289788603227
0.04918288258747552
0.049172885626064415
0.04916290707359316
0.04915294699970837
0.049143005471928417
0.04913308255566348
0.049123178314235315
0.04911329280889795
0.04910342609885775
0.049093578241294476
0.04908374929138213
0.049073939302309834
0.049064148325303335
0.04905437640964635
0.04904462360270199
0.049034889949934685
0.049025175494931676
0.04901548027942535
0.0490058043433148
0.04899614772468816
0.048986510459844826
0.04897689258331767
0.04896729412789516
0.04895771512464386
0.0489481556029308
0.04893861559044582
0.048929095113224075
0.04891959419566819
0.048910112860571155
0.04890065112913814
0.0488912090210095
0.04888178655428264
0.04887238374553463
0.048863000609844186
0.048853637160814284
0.04884429341059413
0.0488349693699012
0.04882566504804335
0.048816380452940705
0.04880711559114765
0.04879787046787452
0.048788645087009135
0.04877943945113869
0.04877025356157087
0.04876108741835548
0.048751941020305486
0.04874281436501809
0.048733707448895824
0.04872462026716735
0.048715552813908006
0.04870650508206053
0.048697477063455515
0.048688468748831294
0.04867948012785444
0.048670511189139565
0.04866156192026893
0.04865263230781222
0.048643722337346026
0.048634831993472946
0.04862596125984083
0.04861711011916159
0.04860827855322999
0.048599466542942185
0.04859067406831421
0.04858190110850007
0.048573147641809644
0.048564413645726646
0.0485556990969265
0.04854700397129316
0.048538328243936966
0.04852967188921138
0.04852103488073006
0.048512417191383196
0.048503818793354365
0.04849523965813682
0.04848667975654905
0.04847813905875135
0.04846961753426107
0.048461115151968416
0.048452631880151475
0.048444167686491485
0.048435722538087846
0.04842729640147267
0.048418889242625204
0.04841050102698664
0.04840213171947352
0.04839378128449249
0.04838544968595335
0.048377136887283144
0.0483688428514391
0.04836056754092206
0.04835231091778943
0.04834407294366788
0.04833585357976606
0.048327652786887006
0.04831947052544018
0.04831130675545388
0.048303161436586736
0.04829503452813969
0.04828692598906725
0.048278835777989026
0.0482707638532007
0.04826271017268506
0.04825467469412284
0.04824665737490325
0.04823865817213449
0.048230677042653866
0.048222713943038155
0.04821476882961333
0.04820684165846433
0.04819893238544479
0.04819104096618634
0.048183167356107906
0.04817531151042503
0.048167473384158305
0.04815965293214274
0.04815185010903634
0.04814406486932801
0.04813629716734648
0.04812854695726842
0.0481208141931262
0.04811309882881599
0.04810540081810542
0.048097720114641335
0.048090056671956934
0.04808241044347933
0.048074781382536645
0.04806716944236511
0.04805957457611597
0.048051996736862064
0.04804443587760464
0.04803689195127991
0.04802936491076523
0.048021854708885495
0.04801436129841934
0.04800688463210476
0.047999424662645576
0.047991981342716525
0.04798455462496959
0.047977144462038955
0.04796975080654667
0.047962373611107986
0.04795501282833631
0.047947668410848604
0.047940340311269966
0.047933028482238856
0.04792573287641143
0.04791845344646664
0.047911190145110416
0.04790394292508023
0.04789671173914943
0.047889496540131624
0.04788229728088438
0.047875113914313705
0.047867946393377915
0.04786079467109137
0.047853658700528164
0.04784653843482613
0.04783943382719017
0.0478323448308957
0.04782527139929233
0.04781821348580686
0.0478111710439468
0.04780414402730348
0.04779713238955493
0.047790136084469255
0.04778315506590717
0.04777618928782501
0.0477692387042776
0.047762303269420846
0.047755382937514336
0.04774847766292404
0.04774158740012454
0.047734712103701726
0.04772785172835489
0.047721006228899215
0.04771417556026787
0.047707359677514105
0.047700558535813446
0.0476937720904658
0.047687000296896896
0.04768024311066109
0.047673500487442205
0.047666772383056194
0.04766005875345208
0.04765335955471433
0.04764667474306376
0.04764000427485973
0.04763334810660132
0.047626706194928696
0.04762007849662479
0.04761346496861623
0.047606865567975255
0.047600280251920285
0.04759370897781752
0.04758715170318212
0.04758060838567897
0.04757407898312416
0.04756756345348555
0.04756106175488423
0.04755457384559505
0.04754809968404758
0.04754163922882723
0.04753519243867572
0.047528759272491956
0.04752233968933276
0.04751593364841354
0.047509541109108974
0.04750316203095362
0.0474967963736424
0.04749044409703127
0.04748410516113757
0.04747777952614067
0.047471467152382193
0.047465168000366605
0.04745888203076152
0.04745260920439799
0.04744634948227086
0.047440102825539066
0.047433869195525835
0.04742764855371894
0.047421440861770775
0.04741524608149874
0.0474090641748852
0.04740289510407763
0.047396738831388646
0.047390595319296305
0.04738446453044374
0.04737834642763948
0.047372240973857394
0.04736614813223648
0.04736006786608101
0.04735400013886021
0.047347944914208365
0.04734190215592466
0.04733587182797286
0.047329853894481376
0.04732384831974287
0.047317855068214176
0.04731187410451598
0.04730590539343267
0.04729994889991192
0.04729400458906464
0.04728807242616433
0.04728215237664721
0.04727624440611142
0.04727034848031701
0.04726446456518537
0.04725859262679896
0.04725273263140089
0.047246884545394455
0.04724104833534281
0.04723522396796823
0.04722941141015227
0.04722361062893469
0.04721782159151311
0.0472120442652428
0.047206278617635815
0.047200524616360824
0.04719478222924221
0.04718905142425989
0.047183332169548294
0.04717762443339659
0.047171928184247126
0.047166243390695695
0.04716057002149049
0.047154908045531435
0.04714925743186995
0.047143618149708036
0.047137990168397766
0.047132373457440674
0.047126767986486934
0.04712117372533494
0.04711559064393036
0.04711001871236604
0.047104457900880435
0.04709890817985764
0.04709336951982666
0.04708784189146031
0.0470823252655747
0.047076819613128915
0.047071324905223706
0.04706584111310091
0.047060368208143105
0.04705490616187255
0.04704945494595045
0.04704401453217628
0.04703858489248722
0.04703316599895702
0.04702775782379563
0.04702236033934823
0.04701697351809446
0.047011597332647745
0.04700623175575472
0.04700087676029388
0.046995532319275286
0.046990198405839775
0.046984874993258166
0.0469795620549301
0.04697425956438369
0.046968967495274634
0.046963685821385284
0.046958414516623984
0.046953153555024316
0.046947902910743994
0.04694266255806465
0.04693743247139028
0.046932212625247216
0.0469270029942827
0.046921803553264474
0.04691661427707976
0.046911435140734536
0.04690626611935276
0.046901107188175424
0.04689595832256005
0.04689081949797933
0.04688569069002098
0.04688057187438643
0.046875463026890246
0.04687036412345927
0.046865275140131765
0.0468601960530566
0.046855126838492515
0.04685006747280735
0.04684501793247693
0.046839978194084676
0.04683494823432049
0.04682992802998004
0.04682491755796384
0.046819916795276834
0.046814925719027026
0.046809944306424864
0.046804972534782906
0.04680001038151425
0.04679505782413214
0.04679011484024915
0.04678518140757636
0.046780257503922375
0.0467753431071928
0.0467704381953892
0.046765542746608345
0.046760656739041576
0.04675578015097378
0.0467509129607827
0.04674605514693813
0.046741206688001094
0.04673636756262295
0.04673153774954487
0.04672671722759665
0.04672190597569636
0.0467171039728492
0.04671231119814679
0.04670752763076657
0.046702753249970634
0.046697988035105345
0.046693231965600226
0.046688485020967584
0.04668374718080105
0.04667901842477553
0.046674298732645884
0.04666958808424647
0.0466648864594902
0.04666019383836788
0.04665551020094712
0.04665083552737213
0.04664616979786237
0.04664151299271223
0.04663686509228974
0.046632226077036425
0.046627595927466035
0.04662297462416404
0.046618362147786724
0.04661375847906056
0.046609163598781325
0.04660457748781341
0.046600000127088925
0.04659543149760723
0.04659087158043388
0.04658632035669996
0.04658177780760149
0.04657724391439843
0.046572718658413954
0.046568202021034004
0.04656369398370604
0.04655919452793889
0.04655470363530138
0.04655022128742212
0.04654574746598833
0.046541282152745396
0.04653682532949615
0.04653237697809968
0.046527937080471246
0.046523505618581144
0.046519082574453786
0.046514667930167626
0.04651026166785365
0.04650586376969523
0.04650147421792708
0.046497092994834725
0.04649272008275345
0.046488355464067925
0.0464839991212114
0.0464796510366647
0.04647531119295601
0.04647097957265959
0.04646665615839533
0.046462340932828194
0.04645803387866717
0.04645373497866473
0.04644944421561604
0.046445161572358284
0.04644088703177002
0.04643662057677021
0.046432362190317884
0.046428111855410924
0.04642386955508593
0.046419635272417
0.04641540899051533
0.046411190692528345
0.04640698036163912
0.0464027779810654
0.0463985835340593
0.046394397003906206
0.046390218373924395
0.0463860476274639
0.04638188474790627
0.04637772971866363
0.04637358252317789
0.0463694431449203
0.04636531156739046
0.04636118777411564
0.046357071748650606
0.04635296347457595
0.04634886293549826
0.046344770115048964
0.04634068499688376
0.04633660756468184
0.046332537802145336
0.04632847569299848
0.046324421220986886
0.046320374369876925
0.046316335123455045
0.04631230346552702
0.0463082793799172
0.04630426285046801
0.04630025386103886
0.04629625239550586
0.04629225843776099
0.046288271971711224
0.04628429298127812
0.04628032145039681
0.04627635736301564
0.046272400703095136
0.04626845145460757
0.04626450960153609
0.04626057512787413
0.046256648017624705
0.04625272825479957
0.04624881582341873
0.04624491070750966
0.046241012891106506
0.04623712235824961
0.04623323909298462
0.046229363079361846
0.04622549430143554
0.0462216327432635
0.04621777838890574
0.04621393122242446
0.04621009122788302
0.04620625838934517
0.04620243269087474
0.046198614116534406
0.04619480265038549
0.04619099827648692
0.046187200978894914
0.046183410741661914
0.04617962754883604
0.04617585138446046
0.04617208223257265
0.04616832007720377
0.046164564902377775
0.046160816692111056
0.04615707543041141
0.04615334110127775
0.04614961368869908
0.046145893176653845
0.04614217954910951
0.04613847279002161
0.04613477288333329
0.04613107981297444
0.046127393562861066
0.04612371411689478
0.046120041458961966
0.04611637557293298
0.04611271644266193
0.04610906405198556
0.04610541838472269
0.04610177942467399
0.04609814715562046
0.046094521561323765
0.046090902625524593
0.04608729033194285
0.0460836846642766
0.046080085606201325
0.04607649314136963
0.04607290725341024
0.046069327925927606
0.04606575514250124
0.04606218888668486
0.04605862914200615
0.04605507589196573
0.046051529120036856
0.04604798880966468
0.046044454944265525
0.046040927507226485
0.046037406481904734
0.04603389185162687
0.046030383599688286
0.04602688170935284
0.04602338616385197
0.046019896946384274
0.04601641404011493
0.046012937428175096
0.046009467093661265
0.046006003019635006
0.046002545189121974
0.04599909358511188
0.04599564819055739
0.04599220898837418
0.04598877596143998
0.04598534909259422
0.0459819283646375
0.04597851376033132
0.04597510526239714
0.04597170285351638
0.045968306516329646
0.04596491623343631
0.045961531987394215
0.04595815376071912
0.045954781535884184
0.04595141529531989
0.045948055021413234
0.04594470069650755
0.045941352302902194
0.04593800982285184
0.045934673238566745
0.04593134253221172
0.045928017685906236
0.04592469868172395
0.04592138550169247
0.04591807812779312
0.045914776541960425
0.045911480726082275
0.04590819066199924
0.04590490633150462
0.04590162771634436
0.045898354798216585
0.04589508755877134
0.045891825979611056
0.0458885700422898
0.045885319728313334
0.045882075019139205
0.045878835896176556
0.04587560234078612
0.04587237433428014
0.04586915185792228
0.04586593489292809
0.0458627234204644
0.045859517421650044
0.045856316877555425
0.04585312176920301
0.04584993207756737
0.045846747783575136
0.04584356886810564
0.04584039531199088
0.045837227096015745
0.04583406420091841
0.04583090660739068
0.04582775429607831
0.04582460724758141
0.04582146544245478
0.045818328861208554
0.04581519748430852
0.045812071292176654
0.045808950265191876
0.0458058343836903
0.04580272362796624
0.04579961797827266
0.045796517414821755
0.045793421917786306
0.04579033146729959
0.04578724604345689
0.045784165626316146
0.04578109019589877
0.04577801973219073
0.04577495421514366
0.045771893624675555
0.0457688379406723
0.04576578714298823
0.045762741211448216
0.04575970012584777
0.04575666386595526
0.04575363241151291
0.04575060574223788
0.0457475838378242
0.04574456667794405
0.04574155424224909
0.04573854651037252
0.04573554346193005
0.04573254507652225
0.045729551333735956
0.04572656221314609
0.045723577694317674
0.04572059775680752
0.04571762238016634
0.04571465154394092
0.04571168522767583
0.0457087234109159
0.04570576607320832
0.0457028131941049
0.04569986475316439
0.04569692072995481
0.045693981104055946
0.04569104585506204
0.04568811496258406
0.045685188406252304
0.045682266165719417
0.04567934822066285
0.04567643455078787
0.045673525135830215
0.04567061995555923
0.04566771898978071
0.04566482221834011
0.045661929621125336
0.04565904117807032
0.045656156869158165
0.04565327667442424
0.045650400573959596
0.04564752854791453
0.04564466057650186
0.045641796640000766
0.04563893671875979
0.04563608079320116
0.045633228843823974
0.045630380851208234
0.04562753679601852
0.04562469665900779
0.04562186042102147
0.045619028063001194
0.045616199565988974
0.0456133749111311
0.04561055407968227
0.045607737053009856
0.04560492381259781
0.04560211434005103
0.045599308617099765
0.04559650662560345
0.04559370834755558
0.04559091376508747
0.04558812286047306
0.04558533561613319
0.04558255201463987
0.04557977203872096
0.04557699567126432
0.045574222895322626
0.0455714536941176
0.04556868805104455
0.04556592594967685
0.045563167373770495
0.045560412307268636
0.04555766073430579
0.04555491263921259
0.04555216800652029
0.04554942682096473
0.045546689067491514
0.04554395473125978
0.04554122379764681
0.04553849625225229
0.04553577208090285
0.04553305126965589
0.04553033380480422
0.045527619672879986
0.04552490886065889
0.04552220135516395
0.04551949714367015
0.045516796213707474
0.045514098553065416
0.04551140414979653
0.045508712992220014
0.04550602506892548
0.04550334036877644
0.0455006588809134
0.045497980594757646
0.04549530550001411
0.04549263358667451
0.04548996484502046
0.045487299265626224
0.0454846368393613
0.04548197755739322
0.045479321411189995
0.0454766683925223
0.04547401849346572
0.04547137170640284
0.045468728024024914
0.04546608743933394
0.04546344994564378
0.04546081553658196
0.045458184206090456
0.04545555594842723
0.045452930758166706
0.04545030863020053
0.04544768955973839
0.045445073542307854
0.045442460573754895
0.04543985065024353
0.04543724376825593
0.04543463992459143
0.04543203911636645
0.04542944134101313
0.04542684659627867
0.045424254880223766
0.045421666191221254
0.04541908052795447
0.04541649788941526
0.045413918274901925
0.04541134168401674
0.04540876811666371
0.045406197573045676
0.0454036300536613
0.04540106555930184
0.04539850409104814
0.045395945650266514
0.04539339023860546
0.045390837857991244
0.04538828851062401
0.04538574219897314
0.045383198925772694
0.045380658694016904
0.04537812150695458
0.045375587368084565
0.045373056281149654
0.045370528250131895
0.04536800327924605
0.04536548137293403
0.045362962535858864
0.045360446772898196
0.04535793408913809
0.04535542448986628
0.04535291798056565
0.04535041456690705
0.04534791425474242
0.045345417050097744
0.04534292295916567
0.0453404319882979
0.04533794414399814
0.04533545943291383
0.045332977861829125
0.045330499437656324
0.04532802416742851
0.04532555205829126
0.04532308311749461
0.045320617352385045
0.04531815477039707
0.0453156953790449
0.04531323918591457
0.04531078619865505
0.04530833642497032
0.04530588987261068
0.04530344654936429
0.045301006463049055
0.04529856962150402
0.04529613603258076
0.04529370570413523
0.04529127864401933
0.04528885486007258
0.045286434360113564
0.04528401715193202
0.04528160324328024
0.045279192641865265
0.04527678535534052
0.04527438139129771
0.045271980757259224
0.04526958346066996
0.04526718950888951
0.04526479890918472
0.045262411668721914
0.045260027794559475
0.04525764729364031
0.04525527017278494
0.04525289643868393
0.045250526097891375
0.04524815915681756
0.04524579562172244
0.04524343549870927
0.045241078793717485
0.04523872551251718
0.045236375660702426
0.04523402924368539
0.045231686266690635
0.045229346734749175
0.045227010652693266
0.0452246780251507
0.045222348856539855
0.04522002315106445
0.045217700912709116
0.045215382145234094
0.04521306685217115
0.04521075503681897
0.04520844670223937
0.04520614185125276
0.04520384048643455
0.045201542610111695
0.045199248224358946
0.045196957330995435
0.04519466993158182
0.04519238602741703
0.04519010561953576
0.045187828708705344
0.0451855552954237
0.04518328537991682
0.04518101896213659
0.045178756041758854
0.04517649661818133
0.04517424069052226
0.0451719882576186
0.04516973931802464
0.04516749387001081
0.04516525191156253
0.04516301344037921
0.04516077845387323
0.04515854694916963
0.04515631892310515
0.04515409437222777
0.045151873292796546
0.045149655680781324
0.04514744153186227
0.04514523084143053
0.045143023604587676
0.04514081981614611
0.04513861947062949
0.045136422562272835
0.04513422908502324
0.04513203903254014
0.0451298523981961
0.04512766917507754
0.04512548935598546
0.04512331293343594
0.045121139899661766
0.0451189702466125
0.045116803965956194
0.045114641049079814
0.045112481487090995
0.045110325270818596
0.04510817239081411
0.045106022837352946
0.04510387660043532
0.04510173366978791
0.045099594034864854
0.04509745768484894
0.045095324608653384
0.045093194794922464
0.04509106823203331
0.04508894490809699
0.045086824810959866
0.04508470792820476
0.04508259424715247
0.04508048375486291
0.04507837643813609
0.045076272283513893
0.04507417127728076
0.04507207340546496
0.04506997865383993
0.04506788700792519
0.04506579845298753
0.04506371297404185
0.045061630555852036
0.045059551182932533
0.045057474839548264
0.04505540150971607
0.04505333117720554
0.04505126382553914
0.045049199437993515
0.04504713799759959
0.0450450794871432
0.045043023889165756
0.04504097118596426
0.04503892135959181
0.045036874391857815
0.04503483026432802
0.04503278895832462
0.04503075045492639
0.045028714734968264
0.04502668177904133
0.04502465156749258
0.045022624080424324
0.045020599297694065
0.04501857719891349
0.04501655776344834
0.045014540970416884
0.04501252679869012
0.04501051522688958
0.04500850623338741
0.04500649979630436
0.04500449589350905
0.04500249450261619
0.04500049560098523
0.04499849916571899
0.04499650517366139
0.04499451360139619
0.04499252442524473
0.04499053762126387
0.044988553165243785
0.044986571032705897
0.044984591198899956
0.044982613638802155
0.04498063832711178
0.04497866523824882
0.044976694346350994
0.0449747256252705
0.04497275904857092
0.04497079458952399
0.04496883222110613
0.044966871915994626
0.04496491364656421
0.044962957384883054
0.04496100310270872
0.04495905077148428
0.04495710036233363
0.0449551518460574
0.04495320519312839
0.044951260373686665
0.04494931735753483
0.04494737611413311
0.04494543661259409
0.04494349882167748
0.044941562709784624
0.04493962824495308
0.04493769539485076
0.04493576412676993
0.044933834407621456
0.044931906203928375
0.044929979481819586
0.04492805420702345
0.04492613034486107
0.04492420786023939
0.04492228671764431
0.04492036688113351
0.04491844831432934
0.0449165309804109
0.044914614842106994
0.04491269986168794
0.04491078600095773
0.044908873221246155
0.04490696148340012
0.04490505074777578
0.04490314097422928
0.04490123212210856
0.04489932415024423
0.0448974170169405
0.044895510679966034
0.04489360509654439
0.04489170022334464
0.04488979601647171
0.04488789243145627
0.044885989423244975
0.04488408694619014
0.04488218495403952
0.04488028339992582
0.04487838223635603
0.044876481415200786
0.044874580887683375
0.0448726806043686
0.044870780515152024
0.0448688805692482
0.044866980715179534
0.04486508090076464
0.04486318107310686
0.044861281178582214
0.04485938116282781
0.04485748097072982
0.04485558054641136
0.04485367983322042
0.04485177877371764
0.04484987730966415
0.044847975382009235
0.04484607293087789
0.04484416989555845
0.04484226621449034
0.04484036182525149
0.044838456664546084
0.044836550668192005
0.044834643771108504
0.044832735907304196
0.04483082700986439
0.04482891701093923
0.044827005841731514
0.04482509343248493
0.04482317971247205
0.04482126460998281
0.04481934805231328
0.044817429965754135
0.04481551027557987
0.044813588906037996
0.04481166578033877
0.04480974082064497
0.04480781394806208
0.04480588508262918
0.04480395414330985
0.04480202104798356
0.04480008571343792
0.04479814805536112
0.04479620798833491
0.04479426542582843
0.04479232028019249
0.044790372462654715
0.04478842188331503
0.044786468451142786
0.044784512073973305
0.0447825526585071
0.0447805901103083
0.04477862433380535
0.04477665523229176
0.04477468270792888
0.04477270666174922
0.0447707269936608
0.04476874360245351
0.04476675638580611
0.04476476524029484
0.04476277006140354
0.04476077074353519
0.044758767180024986
0.04475675926315513
0.044754746884171095
0.04475272993329987
0.04475070829976998
0.044748681871832896
0.044746650536787086
0.044744614181003624
0.044742572689953464
0.044740525948237596
0.04473847383961876
0.044736416247055114
0.044734353052736604
0.04473228413812339
0.04473020938398645
0.04472812867045023
0.04472604187703795
0.04472394888271923
0.04472184956595948
0.04471974380477247
0.04471763147677438
0.044715512459240186
0.04471338662916301
0.044711253863314794
0.04470911403830958
0.04470696703066858
0.04470481271688743
0.044702650973505446
0.04470048167717618
0.04469830470473989
0.044696119933298036
0.04469392724028783
0.04469172650355974
0.044689517601454204
0.04468730041288052
0.04468507481739533
0.04468284069528233
0.044680597927631224
0.044678346396416935
0.04467608598457809
0.044673816576095
0.0446715380560661
0.04466925031078311
0.04466695322780431
0.04466464669602566
0.04466233060574897
0.04466000484874751
0.04465766931832778
0.04465532390938767
0.044652968518470004
0.04465060304381183
0.044648227385388164
0.044645841444950034
0.04464344512605695
0.044641038334102205
0.044638620976332075
0.044636192961856974
0.04463375420165528
0.04463130460856897
0.04462884409729085
0.04462637258434299
0.04462388998804596
0.044621396228478945
0.04461889122743016
0.04461637490833753
0.04461384719621933
0.04461130801759503
0.044608757300396235
0.04460619497386703
0.04460362096845491
0.04460103521569177
0.044598437648064704
0.04459582819887822
0.044593206802106655
0.044590573392238486
0.0445879279041113
0.044585270272740285
0.044582600433138324
0.04457991832013022
0.04457722386816058
0.044574517011096014
0.04457179768202441
0.04456906581304846
0.04456632133507823
0.04456356417762075
0.04456079426856906
0.044558011533991325
0.04455521589792079
0.04455240728214774
0.04454958560601441
0.04454675078621416
0.04454390273659488
0.04454104136796921
0.04453816658793089
0.044535278300679056
0.04453237640685149
0.044529460803366706
0.04452653138327702
0.044523588035631806
0.04452063064535298
0.04451765909312235
0.04451467325528194
0.044511673003747
0.04450865820593347
0.044505628724698765
0.04450258441829623
0.0444995251403449
0.04449645073981256
0.04449336106101387
0.04449025594362211
0.04448713522269538
0.04448399872871603
0.04448084628764433
0.044477677720985015
0.0444744928458656
0.044471291475128474
0.044468073417433085
0.04446483847737046
0.04446158645558713
0.04445831714891947
0.04445503035053674
0.04445172585009243
0.04444840343388353
0.044445062885016234
0.044441703983578225
0.04443832650681512
0.044434930229313434
0.044431514923184985
0.04442808035825629
0.04442462630225915
0.04442115252102328
0.04441765877866973
0.04441414483780453
0.04441061045971204
0.04440705540454734
0.04440347943152687
0.044399882299117635
0.044396263765222745
0.04439262358736496
0.044388961522866366
0.04438527732902439
0.044381570763282994
0.04437784158340076
0.0443740895476126
0.04437031441478803
0.04436651594458299
0.04436269389758733
0.04435884803546627
0.04435497812109651
0.04435108391869675
0.04434716519395268
0.044343221714136
0.044339253248218184
0.04433525956697838
0.044331240443106094
0.04432719565129821
0.04432312496835054
0.04431902817324488
0.044314905047229874
0.04431075537389819
0.0443065789392579
0.04430237553179968
0.04429814494256006
0.04429388696517969
0.04428960139595753
0.04428528803390209
0.044280946680778296
0.04427657714115073
0.044272179222424504
0.04426775273488178
0.04426329749171682
0.04425881330906732
0.044254300006043655
0.044249757404756035
0.04424518533033893
0.04424058361097438
0.04423595207791281
0.044231290565492506
0.04422659891115811
0.04422187695547685
0.04421712454215468
0.044212341518050674
0.04420752773319088
0.0442026830407815
0.044197807297221094
0.044192900362112826
0.04418796209827583
0.044182992371756526
0.044177991051839664
0.044172958011059235
0.044167893125209357
0.044162796273355384
0.04415766733784463
0.044152506204317786
0.0441473127617204
0.04414208690231438
0.0441368285216901
0.04413153751877875
0.04412621379586535
0.04412085725860154
0.04411546781601948
0.044110045380546005
0.0441045898680174
0.04409910119769422
0.04409357929227736
0.04408802407792425
0.04408243548426536
0.044076813444422006
0.044071157895024325
0.044065468776229334
0.04405974603174043
0.0440539896088271
0.04404819945834484
0.04404237553475636
0.04403651779615255
0.044030626204274746
0.044024700724536917
0.044018741326048876
0.044012747981639525
0.04400672066788135
0.04400065936511424
0.043994564057471285
0.04398843473290357
0.04398227138320656
0.04397607400404619
0.0439698425949859
0.04396357715951372
0.043957277705069846
0.043950944243074636
0.0439445767889569
0.04393817536218256
0.043931739986283636
0.04392527068888729
0.043918767501745594
0.0439122304607649
0.04390565960603586
0.04389905498186375
0.04389241663679816
0.04388574462366377
0.043879038999590586
0.043872299826044285
0.04386552716885661
0.04385872109825602
0.04385188168889739
0.04384500901989295
0.04383810317484152
0.04383116424185864
0.04382419231360614
0.04381718748732069
0.04381014986484334
0.04380307955264703
0.04379597666186496
0.0437888413083174
0.04378167361253837
0.04377447369980159
0.04376724170014526
0.043759977748396614
0.043752681984194894
0.043745354552013845
0.04373799560118254
0.04373060528590581
0.04372318376528274
0.04371573120332404
0.04370824776896807
0.043700733636095494
0.043693188983541686
0.04368561399510817
0.04367800885957212
0.0436703737706936
0.043662708927220836
0.04365501453289421
0.043647290796447115
0.043639537931605334
0.04363175615708292
0.04362394569657755
0.04361610677876137
0.04360823963727052
0.04360034451069133
0.04359242164254398
0.043584471281263304
0.04357649368017664
0.04356848909747841
0.04356045779620216
0.04355240004418854
0.043544316114051476
0.04353620628313915
0.043528070833493686
0.04351991005180572
0.04351172422936659
0.043503513662016796
0.04349527865009065
0.043487019498357773
0.04347873651596061
0.04347043001634916
0.04346210031721098
0.043453747740398604
0.0434453726118527
0.04343697526152208
0.04342855602327998
0.043420115234836694
0.0434116532376488
0.04340317037682507
0.043394667001028654
0.04338614346237607
0.04337760011633308
0.04336903732160673
0.04336045544003484
0.04335185483647204
0.04334323587867308
0.04333459893717295
0.04332594438516398
0.04331727259837149
0.043308583954924665
0.043299878835227186
0.04329115762182428
0.04328242069926735
0.04327366845397774
0.04326490127410692
0.04325611954939653
0.04324732367103526
0.04323851403151538
0.043229691024487066
0.04322085504461211
0.04321200648741616
0.04320314574914051
0.04319427322659267
0.043185389316996545
0.04317649441784259
0.043167588926737055
0.04315867324125189
0.043149747758773754
0.043140812876354684
0.04313186899056163
0.043122916497327725
0.04311395579180384
0.0431049872682108
0.043096011319693296
0.043087028338174294
0.0430780387142111
0.043069042836853345
0.04306004109350166
0.04305103386976879
0.04304202154934261
0.04303300451385082
0.0430239831427282
0.043014957813085876
0.04300592889958291
0.042996896774300596
0.042987861806619336
0.042978824363098335
0.04296978480735752
0.0429607434999631
0.042951700798315826
0.0429426570565416
0.0429336126253869
0.04292456785211513
0.04291552308040839
0.04290647865027097
0.04289743489793694
0.042888392155781066
0.042879350752232835
0.04287031101169437
0.04286127325446156
0.042852237796648734
0.04284320495011707
0.04283417502240591
0.04282514831666867
0.042816125131611524
0.042807105761435704
0.042798090495783724
0.04278907961968897
0.04278007341352849
0.042771072152979955
0.04276207610898155
0.042753085547696024
0.042744100730477325
0.042735121913841136
0.04272614934943928
0.042717183284036474
0.04270822395949165
0.042699271612741396
0.04269032647578765
0.04268138877568832
0.04267245873455067
0.042663536569528926
0.04265462249282388
0.04264571671168652
0.04263681942842437
0.042627930840410735
0.04261905114009752
0.042610180515030245
0.0426013191478667
0.04259246721639845
0.042583624893574555
0.04257479234752912
0.04256596974161123
0.042557157234417234
0.042548354979826924
0.042539563127041484
0.042530781820624676
0.04252201120054667
0.0425132514022305
0.0425045025566014
0.04249576479013874
0.04248703822493045
0.042478322978730554
0.04246961916501895
0.04246092689306412
0.04245224626798819
0.04244357739083502
0.04243492035864085
0.042426275264507124
0.04241764219767675
0.04240902124361217
0.042400412484077034
0.04239181599721945
0.04238323185765879
0.042374660136574496
0.04236610090179812
0.04235755421790753
0.04234902014632376
0.04234049874541092
0.04233199007057837
0.04232349417438549
0.042315011106649356
0.042306540914554575
0.042298083642766
0.04228963933354388
0.04228120802686132
0.0422727897605244
0.04226438457029488
0.04225599249001452
0.042247613551732524
0.042239247785834697
0.042230895221174895
0.04222255588520855
0.04221422980412819
0.0422059170030005
0.04219761750590552
0.04218933133607732
0.042181058516045936
0.04217279906778077
0.04216455301283541
0.04215632037249299
0.04214810116791242
0.04213989542027564
0.04213170315093458
0.042123524381559134
0.0421153591342843
0.042107207431857134
0.04209906929778394
0.042090944756475346
0.042082833833391335
0.04207473655518436
0.04206665294984109
0.04205858304682143
0.04205052687719639
0.04204248447378215
0.04203445587127217
0.0420264411063649
0.04201844021788926
0.04201045324692457
0.04200248023691758
0.04199452123379408
0.04198657628606549
0.041978645444930573
0.04197072876437116
0.04196282630124243
0.041954938115355694
0.04194706426955617
0.04193920482979298
0.04193135986518189
0.041923529448061346
0.041915713654040114
0.04190791256203756
0.04190012625431574
0.04189235481650304
0.04188459833760956
0.04187685691003403
0.0418691306295619
0.04186141959535477
0.04185372390993131
0.04184604367913847
0.04183837901211508
0.04183073002124588
0.041823096822107074
0.04181547953340339
0.04180787827689658
0.04180029317732542
0.041792724362318
0.04178517196229588
0.04177763611037041
0.04177011694223208
0.04176261459603279
0.04175512921226086
0.04174766093361038
0.0417402099048441
0.04173277627265088
0.04172536018549789
0.041717961793478635
0.04171058124815546
0.04170321870239993
0.04169587431022833
0.04168854822663533
0.04168124060742479
0.041673951609039465
0.04166668138838802
0.04165943010267246
0.041652197909215045
0.04164498496528446
0.04163779142792371
0.04163061745377845
0.04162346319892716
0.041616328818713286
0.04160921446757954
0.041602120298905795
0.04159504646484917
0.041587993116189007
0.04158096040217474
0.04157394847037857
0.041566957466553076
0.04155998753449284
0.04155303881590231
0.041546111450268215
0.04153920557473817
0.04153232132400478
0.041525458830195525
0.04151861822276915
0.04151179962841815
0.041505003170976745
0.04149822897133649
0.04149147714736693
0.0414847478138435
0.04147804108238112
0.041471357061374434
0.04146469585594389
0.041458057567888576
0.04145144229564425
0.04144485013424799
0.04143828117530806
0.04143173550698
0.04142521321394743
0.0414187143774092
0.04141223907507025
0.041405787381138856
0.04139935936632745
0.04139295509785879
0.04138657463947561
0.041380218051455524
0.04137388539062835
0.04136757671039828
0.04136129206076913
0.04135503148837222
0.041348795036498374
0.04134258274513172
0.04133639465098624
0.04133023078754527
0.041324091185102385
0.041317975870804546
0.04131188486869716
0.04130581819977035
0.04129977588200689
0.04129375793043105
0.041287764357158856
0.04128179517144854
0.041275850379752746
0.041269929985770025
0.04126403399049787
0.04125816239228547
0.041252315186886435
0.04124649236751206
0.041240693924884456
0.041234919847289137
0.0412291701206277
0.04122344472847004
0.041217743652106315
0.04121206687059784
0.0412064143608285
0.041200786097554495
0.04119518205345394
0.04118960219917564
0.041184046503387424
0.04117851493282303
0.04117300745232891
0.04116752402490971
0.041162064611773276
0.0411566291723745
0.041151217664458166
0.041145830044101585
0.04114046626575575
0.04113512628228581
0.04112981004501038
0.041124517503740556
0.04111924860681785
0.041114003301150844
0.04110878153225158
0.04110358324427069
0.0410984083800322
0.04109325688106711
0.04108812868764612
0.041083023738812265
0.041077941972412255
0.04107288332512689
0.04106784773250164
0.0410628351289758
0.04105784544791104
0.041052878621619694
0.04104793458139264
0.041043013257525456
0.04103811457934542
0.041033238475237044
0.041028384872667356
0.041023553698210855
0.04101874487757351
0.041013958335617114
0.04100919399638203
0.04100445178311064
0.04099973161826964
0.04099503342357247
0.040990357120000646
0.040985702627825596
0.040981069866629506
0.040976458755326045
0.04097186921218078
0.04096730115483122
0.04096275450030676
0.040958229165047925
0.040953725064925756
0.040949242115260714
0.04094478023084114
0.04094033932594202
0.04093591931434301
0.040931520109346246
0.04092714162379406
0.04092278377008685
0.040918446460199466
0.04091412960569934
0.040909833117762175
0.04090555690718953
0.040901300884424494
0.040897064959568276
0.04089284904239609
0.0408886530423727
0.04088447686866863
0.04088032043017487
0.04087618363551854
0.040872066393077576
0.04086796861099587
0.04086389019719775
0.04085983105940236
0.040855791105138116
0.04085177024175658
0.04084776837644623
0.04084378541624653
0.04083982126806122
0.04083587583867145
0.04083194903474935
0.040828040762870464
0.040824150929526716
0.0408202794411392
0.04081642620407015
0.040812591124635325
0.04080877410911609
0.0408049750637708
0.04080119389484702
0.04079743050859246
0.04079368481126649
0.04078995670915071
0.040786246108560666
0.04078255291585552
0.040778877037449285
0.04077521837982058
0.04077157684952295
0.040767952353194935
0.04076434479756919
0.04076075408948284
0.04075718013588596
0.04075362284385127
0.040750082120583
0.0407465578734253
0.04074305000987145
0.04073955843757154
0.04073608306434136
0.04073262379816988
0.04072918054722735
0.04072575321987297
0.040722341724662374
0.040718945970354706
0.04071556586592019
0.04071220132054658
0.04070885224364635
0.040705518544863095
0.040702200134078104
0.04069889692141615
0.040695608817252454
0.040692335732217824
0.040689077577204795
0.040685834263373286
0.0406826057021557
0.040679391805262595
0.0406761924846876
0.04067300765271246
0.04066983722191177
0.040666681105158045
0.04066353921562539
0.04066041146679485
0.04065729777245805
0.04065419804672141
0.0406511122040103
0.04064804015907237
0.040644981826981855
0.040641937123142735
0.04063890596329214
0.04063588826350379
0.04063288394019118
0.040629892910110196
0.04062691509036287
0.04062395039839927
0.040620998752020715
0.04061806006938209
0.04061513426899461
0.040612221269727744
0.0406093209908117
0.04060643335183951
0.04060355827276901
0.04060069567392466
0.04059784547599948
0.040595007600057034
0.04059218196753227
0.04058936850023391
0.0405865671203453
0.04058377775042602
0.040581000313412996
0.04057823473262184
0.04057548093174782
0.040572738834866756
0.04057000836643602
0.040567289451295646
0.04056458201466863
0.0405618859821619
0.04055920127976681
0.04055652783386003
0.04055386557120343
0.04055121441894475
0.04054857430461826
0.04054594515614467
0.040543326901831225
0.04054071947037234
0.040538122790849285
0.04053553679273042
0.04053296140587109
0.04053039656051337
0.04052784218728647
0.040525298217205984
0.04052276458167387
0.04052024121247826
0.040517728041793065
0.04051522500217754
0.040512732026575814
0.040510249048316606
0.040507776001112605
0.0405053128190598
0.04050285943663727
0.040500415788705973
0.04049798181050863
0.04049555743766875
0.04049314260618984
0.04049073725245465
0.040488341313224624
0.04048595472563867
0.04048357742721263
0.04048120935583792
0.04047885044978121
0.04047650064768286
0.040474159888556335
0.04047182811178701
0.040469505257131166
0.04046719126471479
0.04046488607503279
0.04046258962894751
0.040460301867687724
0.04045802273284767
0.04045575216638544
0.04045349011062229
0.04045123650824109
0.04044899130228489
0.04044675443615604
0.040444525853614834
0.04044230549877807
0.0404400933161177
0.040437889250459776
0.0404356932469826
0.040433505251216126
0.040431325209039665
0.04042915306668118
0.04042698877071572
0.04042483226806373
0.04042268350598998
0.040420542432101844
0.04041840899434805
0.040416283141017216
0.04041416482073616
0.04041205398246833
0.04040995057551306
0.040407854549503124
0.04040576585440378
0.040403684440510956
0.040401610258450064
0.0403995432591741
0.040397483393962534
0.040395430614419095
0.04039338487247093
0.04039134612036667
0.04038931431067473
0.04038728939628217
0.040385271330392804
0.04038326006652572
0.040381255558513525
0.040379257760500956
0.04037726662694336
0.04037528211260481
0.040373304172556655
0.04037133276217595
0.04036936783714386
0.040367409353443955
0.0403654572673606
0.040363511535477486
0.040361572114675816
0.040359638962132904
0.040357712035320244
0.04035579129200239
0.04035387669023471
0.040351968188362335
0.04035006574501814
0.04034816931912125
0.04034627886987556
0.04034439435676801
0.04034251573956669
0.04034064297831986
0.04033877603335358
0.04033691486527062
0.04033505943494858
0.04033320970353862
0.04033136563246326
0.040329527183415224
0.04032769431835566
0.04032586699951257
0.04032404518937935
0.04032222885071259
0.04032041794653135
0.040318612440114886
0.04031681229500118
0.04031501747498552
0.04031322794411887
0.040311443666706
0.04030966460730425
0.0403078907307218
0.04030612200201585
0.040304358386491684
0.04030259984970009
0.0403008463574369
0.04029909787574047
0.04029735437089072
0.04029561580940717
0.040293882158047724
0.040292153383806976
0.04029042945391432
0.04028871033583324
0.04028699599725858
0.04028528640611612
0.04028358153056026
0.04028188133897306
0.04028018579996218
0.04027849488235966
0.04027680855522046
0.04027512678782067
0.040273449549656185
0.04027177681044118
0.040270108540106625
0.04026844470879861
0.04026678528687707
0.04026513024491416
0.0402634795536928
0.04026183318420529
0.04026019110765164
0.04025855329543831
0.04025691971917635
0.04025529035068089
0.0402536651619683
0.04025204412525577
0.040250427212959725
0.040248814397693955
0.04024720565226854
0.04024560094968827
0.04024400026315131
0.04024240356604786
0.040240810831958546
0.04023922203465295
0.04023763714808864
0.04023605614640933
0.04023447900394352
0.04023290569520342
0.04023133619488344
0.04022977047785869
0.04022820851918354
0.04022665029409058
0.0402250957779891
0.040223544946463616
0.04022199777527279
0.040220454240347724
0.040218914317791024
0.04021737798387522
0.04021584521504156
0.04021431598789858
0.040212790279220915
0.04021126806594791
0.04020974932518247
0.04020823403418939
0.04020672217039474
0.04020521371138378
0.04020370863490031
0.0402022069188451
0.040200708541274825
0.04019921348040048
0.0401977217145865
0.040196233222349484
0.04019474798235644
0.04019326597342425
0.04019178717451799
0.040190311564750184
0.040188839123378714
0.040187369829806696
0.0401859036635804
0.040184440604388603
0.04018298063206101
0.04018152372656748
0.040180069868016484
0.04017861903665401
0.0401771712128627
0.04017572637716031
0.04017428451019869
0.04017284559276274
0.04017140960576915
0.040169976530265133
0.040168546347427656
0.04016711903856206
0.04016569458510115
0.040164272968603504
0.040162854170753305
0.04016143817335853
0.04016002495834983
0.040158614507780147
0.040157206803822725
0.04015580182877082
0.040154399565035956
0.040152999995147494
0.040151603101751074
0.0401502088676077
0.04014881727559307
0.04014742830869577
0.040146041950017
0.04014465818276911
0.04014327699027475
0.04014189835596577
0.040140522263382224
0.04013914869617142
0.04013777763808671
0.040136409072986906
0.040135042984834925
0.040133679357696794
0.040132318175741054
0.04013095942323734
0.040129603084555654
0.040128249144165525
0.040126897586634576
0.04012554839662814
0.04012420155890794
0.04012285705833136
0.040121514879850266
0.04012017500851031
0.04011883742944996
0.0401175021278994
0.04011616908918011
0.04011483829870331
0.04011350974196922
0.0401121834045667
0.0401108592721718
0.04010953733054679
0.040108217565539867
0.040106899963083746
0.04010558450919503
0.040104271189973166
0.04010295999159995
0.04010165090033821
0.040100343902531074
0.040099038984601515
0.04009773613305094
0.040096435334458884
0.04009513657548162
0.04009383984285177
0.04009254512337729
0.04009125240394077
0.04008996167149854
0.04008867291307971
0.040087386115785766
0.040086101266789326
0.040084818353333586
0.04008353736273169
0.04008225828236524
0.04008098109968452
0.04007970580220708
0.0400784323775169
0.040077160813264054
0.04007589109716361
0.040074623216994974
0.04007335716060099
0.040072092915887654
0.0400708304708226
0.04006956981343502
0.0400683109318149
0.04006705381411172
0.04006579844853423
0.04006454482334968
0.04006329292688285
0.040062042747515444
0.0400607942736856
0.04005954749388661
0.04005830239666716
0.04005705897062943
0.040055817204429356
0.04005457708677554
0.040053338606428575
0.04005210175220047
0.04005086651295371
0.04004963287760083
0.040048400835103665
0.04004717037447261
0.040045941484766125
0.04004471415508974
0.04004348837459573
0.04004226413248222
0.04004104141799286
0.04003982022041534
0.040038600529082216
0.040037382333368496
0.04003616562269239
0.04003495038651404
0.04003373661433479
0.0400325242956971
0.04003131342018331
0.04003010397741526
0.04002889595705383
0.04002768934879801
0.04002648414238425
0.040025280327586545
0.04002407789421474
0.04002287683211477
0.04002167713116765
0.040020478781288976
0.040019281772428306
0.04001808609456847
0.04001689173772522
0.0400156986919463
0.0400145069473112
0.04001331649393035
0.04001212732194441
0.040010939421523985
0.0400097527828689
0.040008567396207714
0.04000738325179687
0.040006200339920285
0.04000501865088889
0.04000383817504012
0.04000265890273669
0.04000148082436715
0.04000030393034426
0.039999128211104865
0.0399979536571096
0.03999678025884171
0.03999560800680709
0.039994436891533376
0.03999326690356971
0.0399920980334856
0.0399909302718711
0.039989763609335593
0.03998859803650801
0.03998743354403546
0.03998627012258305
0.03998510776283382
0.03998394645548729
0.0399827861912598
0.03998162696088307
0.039980468755104734
0.039979311564686836
0.03997815538040594
0.03997700019305227
0.039975845993429376
0.03997469277235348
0.039973540520653154
0.03997238922916843
0.03997123888875067
0.03997008949026179
0.03996894102457397
0.03996779348256905
0.0399666468551378
0.03996550113317982
0.03996435630760266
0.03996321236932163
0.039962069309258906
0.03996092711834352
0.039959785787510416
0.03995864530770022
0.039957505669858666
0.03995636686493597
0.03995522888388665
0.039954091717668797
0.03995295535724347
0.03995181979357457
0.03995068501762797
0.03994955102037126
0.03994841779277339
0.0399472853258037
0.03994615361043207
0.03994502263762774
0.03994389239835953
0.03994276288359476
0.03994163408429929
0.03994050599143669
0.0399393785959679
0.03993825188885084
0.03993712586103952
0.03993600050348426
0.03993487580713065
0.03993375176291944
0.039932628361785696
0.03993150559465887
0.03993038345246183
0.039929261926110744
0.039928141006514276
0.03992702068457376
0.03992590095118195
0.03992478179722308
0.03992366321357229
0.03992254519109527
0.039921427720647745
0.03992031079307485
0.039919194399210954
0.03991807852987908
0.039916963175890656
0.03991584832804475
0.03991473397712791
0.03991362011391381
0.039912506729162356
0.03991139381361974
0.03991028135801777
0.03990916935307361
0.039908057789489235
0.039906946657951074
0.03990583594912949
0.0399047256536787
0.0399036157622358
0.039902506265420946
0.03990139715383671
0.03990028841806739
0.039899180048679136
0.0398980720362193
0.03989696437121597
0.039895857044177745
0.039894750045593286
0.039893643365930924
0.039892536995638384
0.03989143092514229
0.03989032514484756
0.03988921964513786
0.03988811441637438
0.03988700944889582
0.03988590473301815
0.03988480025903413
0.039883696017212845
0.03988259199779968
0.03988148819101588
0.039880384587057754
0.03987928117609742
0.039878177948281385
0.03987707489373067
0.039875972002540866
0.0398748692647812
0.039873766670494644
0.03987266420969763
0.039871561872379446
0.03987045964850253
0.03986935752800155
0.039868255500783614
0.03986715355672776
0.039866051685684877
0.039864949877477594
0.039863848121899685
0.039862746408715975
0.03986164472766241
0.03986054306844555
0.039859441420742325
0.03985833977420022
0.03985723811843666
0.0398561364430394
Eitim Tamamland
2 numaral adaki hata: %6,807
