1.0
0.11311220126585231
0.10769905169872636
0.10605887945874348
0.10349157988844863
0.09985391514784572
0.09556101153292011
0.09146045248804614
0.08813264329351582
0.08562774860703079
0.08373888153565653
0.08225203095361072
0.0810204812351869
0.07995691908685888
0.07901135766623985
0.0781546299956112
0.07736874553340028
0.07664176775843955
0.07596518378193617
0.07533254329559602
0.07473872362531096
0.07417950571889732
0.07365131212266178
0.07315103666989553
0.07267593119400972
0.07222353032442635
0.07179160251109985
0.07137811893164692
0.07098123404226357
0.07059927310014802
0.07023072329693893
0.06987422625715817
0.06952857056104897
0.06919268363481637
0.06886562282168449
0.06854656573380358
0.06823480012912837
0.0679297136022072
0.06763078336158208
0.06733756631891452
0.0670496896566383
0.06676684198456515
0.06648876514800918
0.06621524671307336
0.06594611312860794
0.06568122354750348
0.06542046428036424
0.06516374385010787
0.06491098861475524
0.06466213892607185
0.06441714579264506
0.06417596801667005
0.06393856977376998
0.06370491860447469
0.06347498378466315
0.06324873504060574
0.06302614157258811
0.06280717134982212
0.06259179063875045
0.062379963727147464
0.06217165280768334
0.06196681798682363
0.061765417387941945
0.06156740732112054
0.06137274249606306
0.06118137625860185
0.06099326083523337
0.06080834757379612
0.06062658717168672
0.06044792988583975
0.060272325721039854
0.06009972459501237
0.05993007648018464
0.05976333152306745
0.05959944014294017
0.05943835311198183
0.059280021619221177
0.05912439732074252
0.058971432378504975
0.0588210794899547
0.05867329191036604
0.05852802346955229
0.05838522858427958
0.058244862267400326
0.05810688013442376
0.05797123840796986
0.057837893920314284
0.05770680411404423
0.05757792704069754
0.05745122135716584
0.057326646319594825
0.05720416177451404
0.05708372814696401
0.05696530642546061
0.05684885814372946
0.0567343453592539
0.05662173062880217
0.05651097698121727
0.05640204788787097
0.056294907231285295
0.05618951927251264
0.056085848617934975
0.05598386018618692
0.05588351917593424
0.05578479103523887
0.05568764143322261
0.055592036234705454
0.05549794147843559
0.055405323359459364
0.05531414821609915
0.05522438252191547
0.05513599288293342
0.05504894604031509
0.05496320887855847
0.05487874843920243
0.05479553193992337
0.05471352679881278
0.05463270066354114
0.054553021445031664
0.05447445735519594
0.054396976948217615
0.05432054916481995
0.054245143378904175
0.05417072944591589
0.05409727775227221
0.054024759265172376
0.053953145582115204
0.05388240897945878
0.05381252245938237
0.05374345979464383
0.05367519557057042
0.05360770522377383
0.05354096507714137
0.05347495237072054
0.05340964528818481
0.05334502297864215
0.05328106557362025
0.05321775419913443
0.053155070982813725
0.05309299905612524
0.05303152255179614
0.05297062659658445
0.052910297299596405
0.05285052173638603
0.052791287929103
0.05273258482297783
0.05267440225945328
0.05261673094627766
0.052559562424885256
0.05250288903538837
0.05244670387950391
0.05239100078173255
0.0523357742491012
0.052281019429769426
0.05222673207079313
0.05217290847532534
0.052119545459524214
0.05206664030942612
0.05201419073802916
0.05196219484282121
0.051910651063970886
0.05185955814339087
0.05180891508486328
0.05175872111540681
0.05170897564804789
0.05165967824614156
0.05161082858937305
0.05156242644155203
0.05151447162029448
0.051466963968670336
0.05141990332887529
0.051373289517968386
0.051327122305700267
0.05128140139443647
0.051236126401169375
0.05119129684159027
0.05114691211618428
0.05110297149829311
0.051059474124082224
0.05101641898433431
0.05097380491798547
0.05093163060731047
0.05088989457465706
0.05084859518062609
0.050807730623588246
0.05076729894042897
0.050727298008409735
0.05068772554803554
0.0506485791268195
0.05060985616383868
0.050571553934976206
0.050533669578751654
0.050496200102643864
0.05045914238981703
0.050422493206164494
0.05038624920759289
0.05035040694747208
0.050314962884186035
0.05027991338872112
0.05024525475223918
0.050210983193584316
0.05017709486668108
0.05014358586778473
0.05011045224255114
0.05007768999289779
0.05004529508363274
0.0500132634488314
0.049981590997946156
0.049950273621637384
0.04991930719731682
0.0498886875943977
0.049858410679249794
0.04982847231985792
0.04979886839018644
0.04976959477425296
0.049740647369916624
0.049712022092387634
0.04968371487746542
0.04965572168451497
0.04962803849918972
0.04960066133591244
0.04957358624012329
0.04954680929030721
0.04952032659981094
0.04949413431846134
0.0494682286339959
0.04944260577331655
0.049417262003578835
0.04939219363312474
0.04936739701227332
0.049342868533975195
0.049318604634345044
0.049294601793077465
0.04927085653375911
0.04924736542408283
0.04922412507597457
0.049201132145638614
0.049178383333531014
0.04915587538426662
0.0491336050864672
0.04911156927255679
0.049089764818510406
0.049068188643561474
0.04904683770987301
0.04902570902217842
0.04900479962739555
0.04898410661421812
0.0489636271126898
0.04894335829376362
0.048923297368849865
0.048903441589357485
0.04888378824622976
0.04886433466947909
0.048845078227722036
0.048826016327718186
0.04880714641391429
0.04878846596799677
0.04876997250845367
0.048751663590148486
0.04873353680390777
0.0487155897761235
0.04869782016837259
0.04868022567705403
0.048662804033045785
0.048645553001382145
0.048628470380952735
0.04861155400422389
0.04859480173698363
0.04857821147811041
0.04856178115936665
0.048545508745216945
0.04852939223267156
0.04851342965115468
0.04849761906239779
0.04848195856035821
0.048466446271160125
0.04845108035306012
0.04843585899643414
0.04842078042378491
0.048405842889769055
0.048391044681240496
0.04837638411730976
0.04836185954941467
0.04834746936140144
0.04833321196961181
0.04831908582297285
0.04830508940308647
0.04829122122431384
0.04827747983385021
0.048263863811785525
0.04825037177114734
0.04823700235791802
0.048223754251023564
0.04821062616228724
0.048197616836342994
0.04818472505050198
0.0481719496145684
0.048159289370597304
0.04814674319258978
0.04813430998612105
0.04812198868789453
0.04810977826522066
0.04809767771541253
0.048085686065099
0.048073802369449366
0.04806202571130896
0.04805035520024478
0.04803878997150009
0.04802732918485845
0.0480159720234201
0.048004717692291685
0.04799356541719447
0.04798251444299487
0.0479715640321639
0.04796071346317186
0.047949962028827293
0.047939309034567695
0.047928753796713526
0.04791829564069456
0.04790793389926176
0.04789766791069453
0.04788749701701819
0.047877420562242076
0.047867437890632976
0.04785754834503545
0.04784775126525266
0.047838045986499184
0.04782843183793876
0.04781890814131652
0.04780947420969758
0.04780012934632022
0.047790872843573064
0.04778170398210166
0.04777262203005238
0.04776362624245643
0.047754715860757836
0.04774589011248741
0.04773714821108191
0.047728489355848544
0.047719912732071684
0.047711417511257806
0.04770300285151445
0.04769466789805685
0.04768641178383421
0.04767823363026907
0.04767013254809999
0.04766210763831812
0.0476541579931878
0.04764628269734119
0.04763848082893483
0.047630751460859565
0.04762309366199024
0.04761550649846718
0.04760798903499627
0.04760054033615952
0.0475931594677251
0.0475858454979474
0.047578597498848664
0.047571414547473954
0.04756429572711109
0.047557240128469215
0.0475502468508095
0.04754331500302204
0.04753644370464423
0.04752963208681689
0.04752287929317314
0.04751618448065919
0.04750954682028286
0.0475029654977895
0.047496439714264
0.047489968686657995
0.04748355164824322
0.04747718784899043
0.04747087655587616
0.04746461705311768
0.047458408642338426
0.04745225064266644
0.04744614239076689
0.04744008324081301
0.047434072564397065
0.047428109750384896
0.04742219420471742
0.04741632535016199
0.04741050262601727
0.047404725487775155
0.04739899340674301
0.04739330586963029
0.04738766237810196
0.04738206244830355
0.04737650561036024
0.04737099140785394
0.0473655193972812
0.04736008914749537
0.0473547002391365
0.047349352264051014
0.04734404482470475
0.047338777533591746
0.04733355001264178
0.047328361892628366
0.04732321281258023
0.0473181024191978
0.047313030366277486
0.047307996314144424
0.04730299992909668
0.047298040882861644
0.047293118852065726
0.04728823351772039
0.04728338456472271
0.04727857168137444
0.047273794558918274
0.04726905289109326
0.04726434637370939
0.047259674704241715
0.04725503758144534
0.04725043470498998
0.047245865775115616
0.04724133049230898
0.04723682855699994
0.047232359669278995
0.047227923528635064
0.047223519833713194
0.04721914828209178
0.04721480857007991
0.04721050039253282
0.04720622344268645
0.04720197741200954
0.04719776199007352
0.04719357686443897
0.047189421720558046
0.04718529624169341
0.04718120010885106
0.04717713300072778
0.047173094593672485
0.04716908456166025
0.04716510257627837
0.04716114830672453
0.04715722141981532
0.047153321580005125
0.047149448449414995
0.0471456016878695
0.047141780952942795
0.04713798590001215
0.04713421618231764
0.04713047145102969
0.04712675135532125
0.04712305554244623
0.04711938365782202
0.04711573534511676
0.047112110246340176
0.047108508001937784
0.04710492825088809
0.047101370630801984
0.047097834778024414
0.04709432032773766
0.047090826914065714
0.04708735417018002
0.047083901728405236
0.04708046922032602
0.04707705627689334
0.04707366252853085
0.04707028760524072
0.047066931136708644
0.04706359275240821
0.04706027208170435
0.04705696875395449
0.047053682398610026
0.04705041264531454
0.04704715912400139
0.047043921464989105
0.04704069929907481
0.047037492257626046
0.04703429997266985
0.04703112207698031
0.04702795820416351
0.047024807988740536
0.04702167106622794
0.04701854707321573
0.047015435647443406
0.04701233642787359
0.04700924905476274
0.0470061731697302
0.04700310841582438
0.047000054437586695
0.04699701088111348
0.046993977394114726
0.0469909536259716
0.046987939227790994
0.046984933852457805
0.04698193715468534
0.04697894879106335
0.046975968420103945
0.046972995702285435
0.04697003030009395
0.04696707187806384
0.046964120102814436
0.04696117464308713
0.0469582351697786
0.0469553013559735
0.04695237287697505
0.04694944941033342
0.046946530635873555
0.04694361623572024
0.04694070589432247
0.04693779929847622
0.04693489613734488
0.04693199610248027
0.04692909888784007
0.04692620418980558
0.0469233117071977
0.046920421141291926
0.04691753219583197
0.046914644577042544
0.046911757993641334
0.046908872156849676
0.04690598678040238
0.0469031015805571
0.04690021627610248
0.04689733058836574
0.046894444241219545
0.04689155696108825
0.046888668476953624
0.046885778520359536
0.046882886825417185
0.04687999312880836
0.04687709716978977
0.04687419869019593
0.046871297434442266
0.04686839314952763
0.04686548558503676
0.04686257449314229
0.04685965962860678
0.04685674074878431
0.04685381761362247
0.04685088998566365
0.04684795763004665
0.0468450203145081
0.04684207780938426
0.04683912988761234
0.04683617632473207
0.046833216898887704
0.04683025139082963
0.04682727958391664
0.046824301264118066
0.04682131622001612
0.046818324242808705
0.046815325126312174
0.04681231866696486
0.04680930466383038
0.046806282918601595
0.046803253235604705
0.04680021542180401
0.04679716928680688
0.04679411464286892
0.046791051304900244
0.04678797909047127
0.04678489781981983
0.04678180731585807
0.04677870740418057
0.04677559791307191
0.0467724786735162
0.04676934951920583
0.0467662102865513
0.04676306081469173
0.046759900945505785
0.04675673052362302
0.046753549396436146
0.04675035741411342
0.04674715442961226
0.0467439402986927
0.04674071487993222
0.04673747803474025
0.04673422962737451
0.04673096952495667
0.046727697597489466
0.04672441371787428
0.04672111776192896
0.046717809608406484
0.046714489139014576
0.046711156238435116
0.046707810794344815
0.04670445269743613
0.04670108184143896
0.04669769812314271
0.04669430144241879
0.04669089170224435
0.046687468808725346
0.04668403267112135
0.04668058320186988
0.04667712031661199
0.04667364393421765
0.046670153976812
0.04666665036980181
0.046663133041902484
0.04665960192516525
0.046656056955004896
0.046652498070227706
0.046648925213059786
0.04664533832917539
0.04664173736772585
0.04663812228136867
0.04663449302629633
0.04663084956226579
0.046627191852627876
0.04662351986435653
0.04661983356807867
0.046616132938103134
0.04661241795245051
0.0466086885928822
0.04660494484492982
0.04660118669792377
0.046597414145022414
0.046593627183240255
0.04658982581347629
0.046586010040541456
0.04658217987318619
0.04657833532412722
0.0465744764100735
0.046570603151752474
0.04656671557393446
0.04656281370545729
0.04655889757924981
0.04655496723235425
0.04655102270594829
0.04654706404536562
0.04654309130011569
0.04653910452390251
0.046535103774641956
0.046531089114477835
0.04652706060979708
0.046523018331243185
0.04651896235372807
0.04651489275644302
0.046510809622867175
0.04650671304077515
0.0465026031022425
0.046498479903649255
0.04649434354568206
0.04649019413333379
0.046486031775901646
0.046481856586982506
0.046477668684466705
0.04647346819052957
0.046469255231619905
0.04646502993844665
0.046460792445963406
0.04645654289334927
0.046452281423988495
0.0464480081854463
0.04644372332944252
0.04643942701182236
0.046435119392524246
0.046430800635544875
0.046426470908900855
0.04642213038458792
0.04641777923853677
0.04641341765056562
0.04640904580432964
0.04640466388726775
0.046400272090545
0.04639587060899278
0.046391459641044984
0.04638703938867127
0.046382610057306706
0.04637817185577789
0.04637372499622621
0.04636926969402698
0.04636480616770583
0.04636033463885119
0.04635585533202371
0.04635136847466237
0.04634687429698655
0.04634237303189573
0.04633786491486533
0.046333350183839536
0.0463288290791206
0.04632430184325542
0.04631976872091894
0.046315229958794245
0.04631068580545027
0.04630613651121606
0.04630158232805285
0.04629702350942325
0.046292460310157525
0.04628789298631862
0.04628332179506336
0.04627874699450248
0.04627416884355867
0.046269587601822135
0.04626500352940485
0.04626041688679334
0.04625582793469969
0.0462512369339117
0.04624664414514152
0.0462420498288742
0.04623745424521463
0.04623285765373475
0.04622826031332012
0.0462236624820165
0.04621906441687657
0.04621446637380705
0.04620986860741611
0.04620527137086213
0.046200674915702955
0.046196079491746526
0.04619148534690304
0.04618689272703865
0.04618230187583125
0.04617771303462826
0.04617312644230664
0.04616854233513575
0.04616396094664272
0.046159382507481035
0.046154807245302076
0.046150235384630166
0.04614566714674153
0.046141102749546435
0.046136542407475924
0.04613198633137216
0.0461274347283837
0.04612288780186473
0.04611834575127924
0.046113808772110174
0.04610927705577301
0.0461047507895348
0.04610023015643829
0.04609571533523135
0.046091206500301754
0.046086703821617364
0.04608220746467191
0.04607771759043626
0.04607323435531573
0.04606875791111225
0.0460642884049931
0.046059825979464473
0.04605537077235161
0.0460509229167837
0.04604648254118527
0.04604204976927234
0.04603762472005472
0.04603320750784348
0.046028798242263816
0.046024397028273156
0.04602000396618477
0.046015619151695976
0.04601124267592152
0.04600687462543202
0.04600251508229625
0.045998164124129354
0.04599382182414376
0.04598948825120556
0.045985163469894445
0.04598084754056727
0.0459765405194257
0.045972242458586964
0.045967953406158175
0.04596367340631355
0.045959402499374274
0.04595514072189179
0.04595088810673269
0.0459466446831663
0.0459424104769544
0.04593818551044258
0.04593396980265318
0.04592976336938029
0.04592556622328491
0.0459213783739925
0.04591719982818977
0.045913030589724096
0.045908870659701416
0.04590472003658613
0.045900578716299704
0.045896446692320556
0.045892323955782584
0.045888210495573956
0.04588410629843529
0.04588001134905707
0.04587592563017636
0.0458718491226723
0.04586778180566095
0.045863723656588785
0.04585967465132466
0.045855634764250724
0.045851603968351584
0.04584758223530214
0.04584356953555366
0.04583956583841756
0.04583557111214859
0.04583158532402494
0.045827608440427256
0.045823640426914995
0.04581968124830149
0.04581573086872631
0.04581178925172625
0.045807856360303226
0.045803932156991294
0.04580001660392051
0.04579610966287908
0.04579221129537371
0.04578832146268689
0.04578444012593312
0.04578056724611251
0.045776702784162064
0.04577284670100535
0.04576899895760005
0.04576515951498303
0.045761328334314115
0.04575750537691729
0.04575369060432031
0.04574988397829238
0.04574608546087986
0.04574229501444045
0.045738512601674906
0.045734738185658146
0.045730971729867474
0.04572721319821004
0.04572346255504829
0.04571971976522403
0.04571598479408089
0.045712257607485235
0.04570853817184615
0.04570482645413338
0.04570112242189427
0.045697426043269984
0.04569373728700918
0.0456900561224821
0.04568638251969203
0.045682716449287
0.045679057882569395
0.04567540679150513
0.04567176314873178
0.04566812692756565
0.04566449810200824
0.045660876646751274
0.04565726253718199
0.04565365574938637
0.04565005626015274
0.045646464046973895
0.045642879088049426
0.04563930136228618
0.04563573084929957
0.04563216752941305
0.045628611383657855
0.04562506239377191
0.04562152054219842
0.04561798581208384
0.045614458187275414
0.045610937652318564
0.04560742419245356
0.04560391779361213
0.04560041844241342
0.045596926126160016
0.04559344083283314
0.04558996255108821
0.0455864912702496
0.0455830269803053
0.04557956967190147
0.04557611933633698
0.04557267596555651
0.04556923955214557
0.04556581008932337
0.045562387570936544
0.04555897199145242
0.04555556334595237
0.045552161630124516
0.04554876684025686
0.0455453789732302
0.045541998026510246
0.04553862399814073
0.045535256886735404
0.045531896691470834
0.04552854341207816
0.045525197048835626
0.04552185760256041
0.045518525074600774
0.04551519946682802
0.04551188078162812
0.04550856902189377
0.04550526419101593
0.045501966292875486
0.045498675331835124
0.04549539131273055
0.04549211424086209
0.04548884412198614
0.04548558096230674
0.045482324768466566
0.045479075547538515
0.04547583330701676
0.045472598054808126
0.04546936979922306
0.04546614854896702
0.045462934313131115
0.04545972710118344
0.04545652692296009
0.0454533337886559
0.04545014770881533
0.04544696869432338
0.045443796756396475
0.045440631906573103
0.045437474156704453
0.04543432351894517
0.04543118000574396
0.04542804362983411
0.045424914404224
0.04542179234218766
0.04541867745725494
0.04541556976320212
0.045412469274042126
0.045409376004014845
0.04540628996757696
0.04540321117939277
0.04540013965432359
0.0453970754074183
0.04539401845390291
0.04539096880917076
0.04538792648877233
0.045384891508404794
0.04538186388390204
0.04537884363122425
0.04537583076644726
0.04537282530575243
0.04536982726541596
0.04536683666179815
0.04536385351133299
0.04536087783051716
0.045357909635899314
0.045354948944069225
0.04535199577164666
0.04534905013527052
0.04534611205158759
0.04534318153724123
0.04534025860886054
0.045337343283048254
0.045334435576369854
0.045331535505341886
0.045328643086420345
0.0453257583359888
0.045322881270346844
0.04532001190569806
0.0453171502581379
0.04531429634364195
0.04531145017805359
0.045308611777071565
0.04530578115623791
0.045302958330925375
0.045300143316324905
0.04529733612743281
0.045294536779038296
0.04529174528571054
0.04528896166178552
0.04528618592135317
0.04528341807824427
0.045280658146017005
0.04527790613794363
0.045275162066997054
0.04527242594583721
0.04526969778679744
0.045266977601870435
0.04526426540269461
0.04526156120053997
0.045258865006293884
0.045256176830446936
0.045253496683078376
0.045250824573841886
0.04524816051195082
0.045245504506163346
0.04524285656476797
0.045240216695568165
0.0452375849058677
0.045234961202454856
0.04523234559158791
0.045229738078978975
0.04522713866977876
0.045224547368560956
0.0452219641793062
0.04521938910538626
0.045216822149548135
0.0452142633138975
0.04521171259988289
0.045209170008278704
0.04520663553916914
0.04520410919193151
0.045201590965219
0.045199080856944046
0.0451965788642615
0.045194084983550854
0.04519159921039965
0.045189121539585375
0.0451866519650585
0.04518419047992429
0.04518173707642547
0.04517929174592379
0.045176854478882415
0.0451744252648476
0.04517200409243022
0.045169590949287415
0.04516718582210421
0.04516478869657465
0.04516239955738311
0.04516001838818514
0.04515764517158862
0.04515527988913461
0.04515292252127785
0.04515057304736758
0.04514823144562764
0.045145897693137205
0.04514357176581079
0.04514125363837835
0.04513894328436524
0.04513664067607212
0.045134345784554664
0.04513205857960324
0.04512977902972218
0.04512750710210962
0.04512524276263633
0.04512298597582511
0.04512073670482968
0.045118494911413926
0.04511626055593041
0.04511403359729924
0.04511181399298678
0.04510960169898402
0.04510739666978513
0.045105198858365766
0.04510300821616123
0.045100824693044717
0.0450986482373054
0.04509647879562623
0.045094316313062204
0.04509216073301771
0.04509001199722468
0.045087870045720124
0.04508573481682396
0.04508360624711614
0.045081484271414826
0.04507936882275352
0.0450772598323584
0.045075157229626336
0.045073060942101964
0.045070970895455004
0.04506888701345819
0.045066809217964604
0.04506473742888489
0.045062671564165525
0.04506061153976591
0.045058557269636486
0.04505650866569653
0.04505446563781227
0.04505242809377484
0.045050395939279
0.04504836907790152
0.04504634741107981
0.04504433083809157
0.04504231925603351
0.04504031255980177
0.045038310642071415
0.045036313393277246
0.045034320701595125
0.04503233245292275
0.0450303485308624
0.04502836881670333
0.04502639318940519
0.045024421525582135
0.045022453699488006
0.045020489583001415
0.04501852904561342
0.0450165719544147
0.04501461817408453
0.04501266756688129
0.04501071999263323
0.04500877530873176
0.04500683337012573
0.045004894029317205
0.04500295713635918
0.04500102253885507
0.04499909008196067
0.04499715960838708
0.044995230958407226
0.04499330396986391
0.044991378478180806
0.044989454316376076
0.04498753131507895
0.044985609302549315
0.04498368810470049
0.04498176754512589
0.044979847445128535
0.04497792762375497
0.04497600789783337
0.044974088082015265
0.04497216798882211
0.04497024742869649
0.04496832621005848
0.04496640413936634
0.0449644810211835
0.04496255665825047
0.0449606308515628
0.04495870340045489
0.0449567741026904
0.04495484275455877
0.0449529091509784
0.044950973085607186
0.04494903435095952
0.04494709273853118
0.044945148038931314
0.04494320004202225
0.04494124853706687
0.04493929331288443
0.04493733415801385
0.044935370860886004
0.044933403210003026
0.04493143099412738
0.04492945400247823
0.04492747202493659
0.044925484852258786
0.04492349227629797
0.044921494090234194
0.04491949008881206
0.04491748006858637
0.04491546382817547
0.044913441168522014
0.04491141189316036
0.04490937580849121
0.04490733272406192
0.04490528245285328
0.0449032248115707
0.04490115962094112
0.044899086706013266
0.044897005896461506
0.04489491702689285
0.044892819937155236
0.044890714472647295
0.044888600484628484
0.04488647783052809
0.04488434637425315
0.04488220598649311
0.04488005654502153
0.04487789793499225
0.044875730049230414
0.04487355278851571
0.04487136606185862
0.044869169786765986
0.044866963889497284
0.04486474830530865
0.044862522978684344
0.04486028786355411
0.04485804292349585
0.04485578813192166
0.04485352347224715
0.04485124893804191
0.044848964533161687
0.044846670271859505
0.044844366178876695
0.044842052289511415
0.04483972864966542
0.04483739531586761
0.044835052355273915
0.04483269984564367
0.04483033787529108
0.04482796654301291
0.04482558595799135
0.04482319623967242
0.04482079751761972
0.044818389931344425
0.04481597363011129
0.044813548772721
0.044811115527270476
0.04480867407089036
0.04480622458946182
0.04480376727731251
0.04480130233689334
0.04479882997843713
0.04479635041959987
0.044793863885085945
0.04479137060625939
0.04478887082074114
0.04478636477199515
0.04478385270890416
0.04478133488533599
0.04477881155970363
0.044776282994518884
0.04477374945594189
0.044771211213328756
0.04476866853877724
0.04476612170667364
0.04476357099324123
0.04476101667609258
0.04475845903378618
0.04475589834539002
0.044753334890052204
0.04475076894658051
0.04474820079303211
0.04474563070631403
0.04474305896179624
0.04474048583293735
0.04473791159092442
0.04473533650432765
0.04473276083876985
0.04473018485661293
0.044727608816659874
0.044725032973874215
0.04472245757911664
0.04471988287889905
0.04471730911515656
0.04471473652503688
0.04471216534070785
0.044709595789182446
0.04470702809216156
0.04470446246589418
0.04470189912105463
0.04469933826263639
0.04469678008986306
0.04469422479611449
0.044691672568869266
0.044689123589661615
0.04468657803405313
0.04468403607161847
0.04468149786594421
0.044678963574640795
0.044676433349366
0.04467390733586033
0.04467138567399313
0.04466886849781848
0.04466635593564108
0.04466384811009019
0.04466134513820272
0.044658847131512705
0.044656354196148156
0.04465386643293434
0.04465138393750182
0.04464890680040056
0.04464643510721736
0.044643968938697605
0.04464150837087041
0.044639053475176195
0.044636604318596625
0.04463416096378627
0.04463172346920561
0.044629291889255074
0.044626866274408906
0.044624446671349925
0.0446220331231037
0.044619625669171346
0.04461722434566294
0.044614829185428216
0.044612440218186514
0.04461005747065498
0.0446076809666745
0.04460531072733376
0.044602946771090675
0.04460058911389167
0.04459823776928806
0.044595892748549554
0.04459355406077537
0.04459122171300153
0.044588895710306116
0.04458657605591053
0.04458426275127807
0.04458195579620933
0.04457965518893398
0.0445773609261999
0.04457507300335829
0.044572791414446575
0.04457051615226699
0.04456824720846288
0.04456598457359134
0.04456372823719301
0.04456147818785858
0.04455923441329237
0.04455699690037298
0.04455476563521107
0.04455254060320438
0.044550321789089554
0.04454810917699185
0.044545902750471794
0.04454370249256969
0.04454150838584711
0.044539320412426614
0.044537138554028716
0.04453496279200667
0.044532793107379495
0.044530629480862394
0.04452847189289548
0.04452632032367053
0.04452417475315616
0.04452203516112067
0.04451990152715386
0.04451777383068671
0.04451565205100997
0.04451353616729106
0.04451142615858959
0.04450932200387178
0.04450722368202333
0.044505131171861514
0.044503044452145625
0.04450096350158703
0.04449888829885787
0.04449681882259874
0.04449475505142571
0.044492696963936526
0.044490644538716234
0.04448859775434141
0.044486556589384676
0.044484521022418094
0.04448249103201587
0.04448046659675682
0.04447844769522646
0.044476434306018296
0.04447442640773507
0.04447242397898941
0.044470426998404394
0.04446843544461339
0.044466449296260216
0.044464468531998785
0.04446249313049235
0.044460523070412976
0.044458558330440455
0.044456598889261616
0.04445464472556893
0.04445269581805944
0.044450752145433536
0.04444881368639362
0.04444688041964276
0.04444495232388347
0.0444430293778161
0.04444111156013789
0.04443919884954142
0.044437291224713155
0.04443538866433266
0.044433491147071194
0.044431598651590645
0.044429711156542456
0.04442782864056663
0.04442595108229111
0.0444240784603307
0.0444222107532865
0.04442034793974529
0.04441848999827911
0.044416636907444705
0.04441478864578335
0.04441294519182086
0.044411106524066865
0.04440927262101569
0.04440744346114579
0.04440561902292037
0.04440379928478758
0.04440198422518116
0.04440017382252051
0.044398368055212
0.04439656690164926
0.044394770340213996
0.04439297834927741
0.04439119090720057
0.044389407992336205
0.044387629583029435
0.04438585565761918
0.044384086194439634
0.04438232117182164
0.044380560568094224
0.04437880436158617
0.04437705253062772
0.0443753050535522
0.04437356190869801
0.04437182307441017
0.04437008852904236
0.04436835825095883
0.04436663221853654
0.04436491041016679
0.04436319280425757
0.044361479379235694
0.04435977011354852
0.04435806498566663
0.0443563639740855
0.044354667057328066
0.0443529742139466
0.0443512854225251
0.04434960066168153
0.04434791991006981
0.04434624314638234
0.04434457034935204
0.04434290149775447
0.04434123657041036
0.04433957554618758
0.044337918404003175
0.044336265122825985
0.04433461568167842
0.044332970059638654
0.04433132823584289
0.044329690189487465
0.04432805589983073
0.04432642534619506
0.044324798507969214
0.044323175364610015
0.044321555895644224
0.04431994008067076
0.04431832789936225
0.044316719331467296
0.04431511435681165
0.0443135129553006
0.04431191510692014
0.04431032079173921
0.044308729989910915
0.044307142681674135
0.044305558847355285
0.04430397846736957
0.04430240152222276
0.044300827992512226
0.044299257858928597
0.04429769110225682
0.04429612770337766
0.04429456764326873
0.04429301090300596
0.04429145746376421
0.04428990730681888
0.044288360413546494
0.044286816765426125
0.04428527634403992
0.04428373913107411
0.044282205108320045
0.04428067425767472
0.04427914656114167
0.044277622000831525
0.04427610055896284
0.0442745822178626
0.04427306695996686
0.04427155476782107
0.04427004562408071
0.044268539511511676
0.044267036412990714
0.044265536311505635
0.04426403919015581
0.0442625450321523
0.04426105382081805
0.04425956553958807
0.0442580801720097
0.04425659770174264
0.044255118112559076
0.04425364138834353
0.044252167513093084
0.04425069647091723
0.04424922824603783
0.044247762822788875
0.0442463001856167
0.04424484031907935
0.04424338320784671
0.04424192883670022
0.044240477190532604
0.04423902825434753
0.0442375820132592
0.044236138452492316
0.04423469755738163
0.04423325931337121
0.044231823706014514
0.044230390720973664
0.04422896034401906
0.04422753256102887
0.0442261073579887
0.04422468472099075
0.04422326463623367
0.0442218470900217
0.044220432068764214
0.0442190195589753
0.04421760954727268
0.044216202020377654
0.04421479696511415
0.044213394368408036
0.044211994217286756
0.04421059649887833
0.04420920120041089
0.04420780830921186
0.04420641781270736
0.0442050296984213
0.044203643953975046
0.04420226056708624
0.04420087952556831
0.044199500817329804
0.04419812443037327
0.04419675035279503
0.04419537857278396
0.044194009078620915
0.044192641858678064
0.044191276901417824
0.04418991419539243
0.044188553729242894
0.044187195491698285
0.044185839471575006
0.04418448565777596
0.044183134039289786
0.04418178460519013
0.044180437344634636
0.04417909224686444
0.04417774930120322
0.04417640849705638
0.04417506982391044
0.044173733271332165
0.04417239882896758
0.04417106648654157
0.0441697362338568
0.044168408060793
0.044167081957306516
0.044165757913428944
0.04416443591926691
0.04416311596500096
0.04416179804088506
0.044160482137245625
0.04415916824448106
0.0441578563530605
0.044156546453523814
0.044155238536480144
0.04415393259260758
0.04415262861265252
0.044151326587428576
0.0441500265078162
0.04414872836476188
0.04414743214927729
0.04414613785243895
0.044144845465387085
0.04414355497932541
0.04414226638552008
0.044140979675299244
0.04413969484005224
0.04413841187122906
0.0441371307603398
0.04413585149895361
0.04413457407869865
0.04413329849126082
0.0441320247283838
0.04413075278186778
0.044129482643569334
0.044128214305400905
0.04412694775932952
0.044125682997377014
0.04412442001161903
0.044123158794184346
0.04412189933725471
0.04412064163306395
0.04411938567389761
0.04411813145209229
0.04411687896003524
0.044115628190163576
0.044114379134964056
0.044113131786972536
0.044111886138773156
0.04411064218299821
0.04410939991232757
0.044108159319487826
0.04410692039725242
0.04410568313844091
0.044104447535918065
0.044103213582594204
0.04410198127142414
0.04410075059540693
0.04409952154758564
0.04409829412104634
0.04409706830891854
0.04409584410437384
0.04409462150062619
0.04409340049093121
0.044092181068585805
0.04409096322692777
0.04408974695933554
0.04408853225922762
0.044087319120062154
0.04408610753533692
0.04408489749858856
0.0440836890033924
0.04408248204336213
0.044081276612149424
0.044080072703443496
0.04407887031097088
0.044077669428495114
0.044076470049816276
0.04407527216877089
0.044074075779231225
0.04407288087510554
0.04407168745033714
0.04407049549890466
0.044069305014821376
0.04406811599213512
0.044066928424927834
0.04406574230731535
0.04406455763344737
0.04406337439750662
0.044062192593709144
0.04406101221630383
0.04405983325957197
0.04405865571782724
0.044057479585415484
0.044056304856714266
0.04405513152613266
0.04405395958811115
0.04405278903712136
0.044051619867665724
0.044050452074277234
0.04404928565151939
0.04404812059398598
0.044046956896300456
0.04404579455311642
0.04404463355911671
0.04404347390901368
0.04404231559754866
0.044041158619492246
0.04404000296964339
0.044038848642829816
0.04403769563390758
0.044036543937760915
0.04403539354930198
0.044034244463470776
0.044033096675234945
0.04403195017958962
0.04403080497155705
0.044029661046186865
0.04402851839855525
0.044027377023765565
0.04402623691694749
0.04402509807325734
0.0440239604878776
0.04402282415601689
0.04402168907290995
0.04402055523381721
0.044019422634024814
0.04401829126884447
0.04401716113361331
0.04401603222369364
0.044014904534472786
0.044013778061363355
0.044012652799802564
0.044011528745252215
0.04401040589319892
0.04400928423915361
0.04400816377865159
0.044007044507252194
0.04400592642053899
0.04400480951411932
0.044003693783624474
0.04400257922470922
0.044001465833052186
0.04400035360435523
0.04399924253434358
0.04399813261876568
0.04399702385339313
0.04399591623402052
0.04399480975646524
0.043993704416567546
0.043992600210190254
0.043991497133218864
0.04399039518156114
0.04398929435114747
0.04398819463793018
0.04398709603788393
0.0439859985470054
0.0439849021613131
0.04398380687684753
0.04398271268967089
0.04398161959586685
0.0439805275915409
0.04397943667281979
0.043978346835851743
0.043977258076806164
0.043976170391873674
0.043975083777266034
0.0439739982292158
0.04397291374397664
0.04397183031782294
0.04397074794704986
0.04396966662797315
0.04396858635692912
0.043967507130274495
0.04396642894438648
0.043965351795662494
0.04396427568052021
0.04396320059539737
0.04396212653675187
0.04396105350106138
0.04395998148482367
0.04395891048455612
0.04395784049679591
0.04395677151809983
0.043955703545044224
0.043954636574225006
0.043953570602257304
0.04395250562577576
0.04395144164143407
0.04395037864590524
0.0439493166358813
0.04394825560807335
0.04394719555921131
0.04394613648604402
0.04394507838533918
0.04394402125388303
0.04394296508848068
0.04394190988595549
0.043940855643149646
0.04393980235692342
0.04393875002415565
0.04393769864174336
0.04393664820660181
0.043935598715664326
0.04393455016588227
0.043933502554225054
0.04393245587767999
0.04393141013325209
0.0439303653179643
0.04392932142885719
0.04392827846298889
0.04392723641743524
0.04392619528928936
0.043925155075662
0.04392411577368098
0.043923077380491705
0.04392203989325659
0.04392100330915518
0.043919967625384145
0.04391893283915713
0.043917898947704745
0.043916865948274354
0.04391583383813028
0.043914802614553404
0.04391377227484145
0.043912742816308394
0.04391171423628509
0.043910686532118756
0.04390965970117291
0.04390863374082738
0.04390760864847832
0.04390658442153804
0.04390556105743492
0.04390453855361348
0.043903516907534156
0.04390249611667335
0.04390147617852331
0.043900457090592024
0.043899438850403184
0.04389842145549625
0.0438974049034261
0.04389638919176332
0.043895374318093844
0.04389436028001893
0.04389334707515535
0.04389233470113487
0.043891323155604775
0.04389031243622722
0.04388930254067952
0.04388829346665401
0.04388728521185781
0.04388627777401313
0.043885271150856844
0.04388426534014058
0.043883260339630685
0.04388225614710803
0.04388125276036807
0.043880250177220845
0.043879248395490594
0.04387824741301607
0.04387724722765029
0.043876247837260386
0.043875249239727854
0.04387425143294808
0.04387325441483055
0.04387225818329874
0.04387126273629002
0.04387026807175555
0.043869274187660325
0.04386828108198305
0.04386728875271595
0.04386629719786506
0.04386530641544974
0.04386431640350286
0.04386332716007066
0.04386233868321292
0.04386135097100226
0.04386036402152491
0.04385937783288004
0.043858392403179895
0.04385740773054981
0.04385642381312808
0.04385544064906573
0.04385445823652681
0.04385347657368796
0.04385249565873869
0.04385151548988094
0.04385053606532948
0.04384955738331133
0.043848579442066174
0.043847602239845906
0.04384662577491486
0.04384565004554966
0.043844675050038986
0.043843700786683794
0.04384272725379706
0.04384175444970369
0.04384078237274076
0.04383981102125702
0.043838840393613174
0.043837870488181635
0.04383690130334664
0.043835932837503824
0.043834965089060714
0.043833998056436105
0.04383303173806033
0.043832066132375294
0.043831101237833875
0.04383013705290072
0.043829173576051234
0.04382821080577218
0.04382724874056148
0.04382628737892797
0.04382532671939156
0.04382436676048302
0.043823407500743906
0.04382244893872675
0.04382149107299468
0.043820533902121525
0.04381957742469175
0.043818621639300365
0.04381766654455291
0.043816712139065295
0.04381575842146391
0.043814805390385264
0.04381385304447636
0.04381290138239432
0.04381195040280639
0.043811000104389784
0.043810050485831954
0.0438091015458302
0.043808153283091705
0.04380720569633354
0.043806258784282626
0.04380531254567556
0.04380436697925847
0.04380342208378729
0.04380247785802758
0.04380153430075412
0.043800591410751356
0.043799649186813026
0.043798707627742205
0.043797766732351286
0.04379682649946184
0.04379588692790456
0.04379494801651924
0.043794009764154866
0.043793072169669205
0.04379213523192898
0.04379119894980997
0.04379026332219664
0.043789328347982055
0.04378839402606829
0.043787460355365924
0.04378652733479409
0.043785594963280564
0.04378466323976141
0.04378373216318134
0.043782801732493354
0.04378187194665875
0.043780942804647005
0.04378001430543604
0.04377908644801168
0.04377815923136799
0.04377723265450698
0.04377630671643882
0.04377538141618138
0.043774456752760524
0.043773532725210035
0.04377260933257136
0.04377168657389361
0.04377076444823378
0.043769842954656205
0.04376892209223304
0.04376800186004368
0.0437670822571753
0.043766163282722086
0.043765244935785944
0.043764327215475886
0.04376341012090811
0.043762493651206213
0.043761577805500745
0.0437606625829294
0.04375974798263704
0.04375883400377529
0.043757920645502865
0.04375700790698534
0.043756095787395095
0.04375518428591134
0.043754273401719945
0.04375336313401353
0.0437524534819913
0.04375154444485903
0.043750636021829076
0.04374972821212036
0.043748821014958014
0.043747914429573764
0.043747008455205565
0.04374610309109756
0.043745198336500424
0.04374429419067077
0.04374339065287138
0.043742487722371236
0.043741585398445255
0.04374068368037435
0.04373978256744544
0.04373888205895141
0.04373798215419078
0.04373708285246808
0.043736184153093494
0.04373528605538294
0.04373438855865804
0.04373349166224592
0.043732595365479326
0.04373169966769669
0.043730804568241625
0.04372991006646336
0.04372901616171653
0.04372812285336091
0.04372723014076187
0.04372633802328986
0.043725446500320536
0.0437245555712346
0.04372366523541812
0.043722775492262014
0.04372188634116234
0.043720997781520145
0.04372010981274131
0.04371922243423667
0.043718335645421956
0.04371744944571759
0.043716563834548916
0.04371567881134574
0.0437147943755428
0.04371391052657937
0.04371302726389929
0.043712144586950996
0.043711262495187336
0.04371038098806569
0.04370950006504785
0.043708619725599966
0.043707739969192645
0.0437068607953005
0.04370598220340268
0.0437051041929825
0.0437042267635273
0.04370334991452865
0.043702473645482263
0.04370159795588774
0.04370072284524881
0.04369984831307321
0.0436989743588725
0.0436981009821622
0.04369722818246163
0.04369635595929391
0.04369548431218597
0.04369461324066849
0.043693742744275836
0.04369287282254599
0.04369200347502051
0.04369113470124456
0.043690266500767086
0.043689398873140044
0.04368853181791931
0.04368766533466396
0.04368679942293643
0.04368593408230269
0.04368506931233173
0.04368420511259618
0.04368334148267168
0.04368247842213707
0.04368161593057441
0.043680754007568934
0.04367989265270884
0.04367903186558554
0.043678171645793386
0.043677311992929645
0.04367645290659474
0.0436755943863918
0.04367473643192693
0.04367387904280909
0.04367302221865001
0.04367216595906419
0.043671310263669
0.043670455132084375
0.04366960056393295
0.04366874655884002
0.04366789311643347
0.043667040236343865
0.04366618791820413
0.0436653361616498
0.04366448496631894
0.043663634331852
0.043662784257891704
0.04366193474408337
0.04366108579007456
0.043660237395515056
0.04365938956005717
0.043658542283355195
0.04365769556506582
0.04365684940484785
0.04365600380236218
0.04365515875727205
0.04365431426924243
0.043653470337940696
0.04365262696303609
0.04365178414419982
0.04365094188110519
0.043650100173427325
0.04364925902084334
0.04364841842303217
0.043647578379674666
0.04364673889045346
0.043645899955052914
0.04364506157315926
0.043644223744460454
0.04364338646864602
0.04364254974540738
0.04364171357443738
0.043640877955430604
0.04364004288808319
0.0436392083720929
0.04363837440715902
0.04363754099298224
0.04363670812926474
0.04363587581571035
0.04363504405202411
0.043634212837912516
0.043633382173083525
0.043632552057246275
0.043631722490111366
0.04363089347139061
0.043630065000797136
0.043629237078045335
0.04362840970285062
0.04362758287492986
0.043626756594000886
0.043625930859782745
0.04362510567199575
0.043624281030360854
0.04362345693460058
0.04362263338443817
0.04362181037959795
0.04362098791980539
0.04362016600478662
0.043619344634268975
0.04361852380798054
0.04361770352565048
0.043616883787008585
0.04361606459178568
0.04361524593971324
0.04361442783052374
0.04361361026395026
0.043612793239726784
0.043611976757587774
0.04361116081726865
0.043610345418505454
0.04360953056103479
0.043608716244593976
0.043607902468921
0.04360708923375431
0.043606276538833075
0.043605464383896765
0.0436046527686858
0.04360384169294064
0.04360303115640252
0.043602221158813154
0.043601411699914445
0.04360060277944912
0.04359979439715987
0.043598986552790105
0.04359817924608344
0.04359737247678384
0.043596566244635676
0.04359576054938356
0.043594955390772336
0.04359415076854722
0.043593346682453626
0.043592543132237135
0.043591740117643614
0.04359093763841909
0.043590135694309806
0.04358933428506203
0.04358853341042227
0.043587733070137094
0.04358693326395325
0.043586133991617426
0.043585335252876375
0.043584537047477105
0.04358373937516637
0.0435829422356911
0.04358214562879814
0.04358134955423435
0.04358055401174654
0.04357975900108134
0.04357896452198548
0.04357817057420548
0.043577377157487704
0.04357658427157854
0.04357579191622412
0.043575000091170386
0.043574208796163194
0.0435734180309481
0.04357262779527056
0.043571838088875686
0.04357104891150844
0.04357026026291352
0.043569472142835214
0.0435686845510177
0.043567897487204764
0.043567110951139874
0.043566324942566216
0.043565539461226564
0.04356475450686332
0.04356397007921856
0.04356318617803393
0.04356240280305071
0.043561619954009735
0.043560837630651446
0.04356005583271569
0.043559274559942046
0.0435584938120695
0.04355771358883659
0.043556933889981365
0.04355615471524132
0.04355537606435346
0.04355459793705415
0.04355382033307934
0.043553043252164345
0.043552266694043947
0.04355149065845227
0.043550715145122834
0.04354994015378855
0.04354916568418187
0.04354839173603428
0.04354761830907693
0.043546845403040095
0.04354607301765347
0.04354530115264607
0.04354452980774621
0.04354375898268132
0.043542988677178485
0.04354221889096367
0.04354144962376237
0.043540680875299165
0.04353991264529796
0.043539144933481835
0.04353837773957313
0.043537611063293256
0.04353684490436314
0.043536079262502525
0.04353531413743057
0.0435345495288655
0.04353378543652469
0.04353302186012469
0.043532258799381246
0.043531496254009046
0.043530734223722146
0.04352997270823344
0.04352921170725522
0.04352845122049868
0.04352769124767407
0.043526931788490694
0.04352617284265721
0.04352541440988094
0.04352465648986848
0.04352389908232552
0.043523142186956576
0.04352238580346521
0.043521629931554326
0.04352087457092537
0.043520119721279074
0.043519365382315094
0.04351861155373209
0.04351785823522766
0.04351710542649833
0.04351635312723975
0.04351560133714632
0.04351485005591157
0.04351409928322783
0.04351334901878638
0.043512599262277595
0.04351185001339049
0.04351110127181326
0.04351035303723289
0.04350960530933517
0.04350885808780492
0.043508111372325874
0.04350736516258055
0.043506619458250316
0.04350587425901551
0.04350512956455529
0.043504385374547705
0.043503641688669555
0.04350289850659656
0.04350215582800338
0.043501413652563346
0.04350067197994869
0.043499930809830396
0.04349919014187846
0.04349844997576148
0.04349771031114695
0.04349697114770131
0.0434962324850895
0.04349549432297547
0.04349475666102197
0.04349401949889045
0.043493282836241216
0.04349254667273313
0.04349181100802426
0.043491075841771115
0.04349034117362897
0.043489607003251975
0.04348887333029308
0.04348814015440385
0.04348740747523468
0.04348667529243469
0.04348594360565178
0.0434852124145326
0.04348448171872243
0.0434837515178654
0.04348302181160431
0.04348229259958068
0.043481563881434905
0.0434808356568058
0.04348010792533123
0.04347938068664749
0.04347865394038983
0.04347792768619203
0.043477201923686676
0.04347647665250505
0.043475751872277035
0.04347502758263142
0.04347430378319544
0.04347358047359523
0.043472857653455585
0.043472135322399866
0.04347141348005026
0.04347069212602755
0.04346997125995127
0.04346925088143968
0.04346853099010947
0.043467811585576444
0.04346709266745473
0.04346637423535712
0.04346565628889532
0.043464938827679704
0.04346422185131904
0.04346350535942098
0.0434627893515919
0.04346207382743662
0.0434613587865589
0.04346064422856098
0.04345993015304376
0.04345921655960693
0.04345850344784875
0.04345779081736624
0.04345707866775496
0.04345636699860919
0.043455655809522
0.0434549451000849
0.043454234869888156
0.04345352511852071
0.04345281584557024
0.043452107050622996
0.04345139873326383
0.04345069089307635
0.04344998352964285
0.04344927664254415
0.04344857023135996
0.0434478642956685
0.04344715883504653
0.04344645384906971
0.04344574933731228
0.04344504529934703
0.0434443417347456
0.043443638643078195
0.04344293602391365
0.043442233876819586
0.04344153220136206
0.04344083099710608
0.04344013026361527
0.04343943000045163
0.043438730207176146
0.04343803088334838
0.04343733202852658
0.04343663364226757
0.04343593572412699
0.043435238273659
0.0434345412904166
0.043433844773951354
0.04343314872381356
0.04343245313955208
0.043431758020714646
0.04343106336684753
0.04343036917749571
0.04342967545220292
0.04342898219051149
0.04342828939196253
0.043427597056095675
0.043426905182449425
0.04342621377056102
0.0434255228199662
0.04342483233019941
0.04342414230079398
0.04342345273128177
0.04342276362119349
0.04342207497005836
0.043421386777404494
0.043420699042758616
0.04342001176564617
0.04341932494559136
0.04341863858211699
0.0434179526747448
0.043417267222995035
0.0434165822263866
0.043415897684437446
0.0434152135966641
0.04341452996258163
0.04341384678170403
0.04341316405354403
0.04341248177761308
0.04341179995342126
0.04341111858047751
0.04341043765828947
0.04340975718636358
0.043409077164205015
0.043408397591317475
0.04340771846720386
0.04340703979136539
0.04340636156330231
0.043405683782513554
0.04340500644849685
0.04340432956074867
0.04340365311876421
0.04340297712203747
0.043402301570061315
0.04340162646232722
0.0434009517983257
0.04340027757754578
0.043399603799475446
0.04339893046360141
0.04339825756940921
0.04339758511638321
0.043396913104006445
0.043396241531760964
0.04339557039912746
0.04339489970558548
0.043394229450613477
0.043393559633688586
0.04339289025428681
0.04339222131188312
0.04339155280595103
0.04339088473596317
0.04339021710139079
0.0433895499017042
0.04338888313637234
0.04338821680486316
0.043387550906643334
0.04338688544117843
0.043386220407932975
0.04338555580637021
0.04338489163595232
0.04338422789614036
0.043383564586394266
0.04338290170617275
0.043382239254933584
0.04338157723213317
0.0433809156372272
0.04338025446966972
0.04337959372891415
0.04337893341441256
0.04337827352561596
0.04337761406197426
0.0433769550229364
0.043376296407950085
0.043375638216462016
0.04337498044791771
0.043374323101761744
0.04337366617743764
0.04337300967438772
0.043372353592053284
0.04337169792987461
0.04337104268729102
0.043370387863740506
0.043369733458660346
0.04336907947148643
0.04336842590165393
0.04336777274859676
0.04336712001174797
0.043366467690539395
0.043365815784402066
0.04336516429276586
0.04336451321505951
0.04336386255071103
0.04336321229914726
0.043362562459793995
0.043361913032076246
0.04336126401541771
0.04336061540924132
0.04335996721296908
0.043359319426021684
0.04335867204781921
0.04335802507778045
0.043357378515323605
0.043356732359865584
0.043356086610822304
0.04335544126760909
0.04335479632963994
0.04335415179632803
0.0433535076670857
0.04335286394132416
0.04335222061845373
0.04335157769788393
0.04335093517902321
0.04335029306127916
0.04334965134405835
0.04334901002676658
0.043348369108808626
0.04334772858958835
0.04334708846850876
0.0433464487449721
0.04334580941837931
0.04334517048813082
0.043344531953626024
0.04334389381426341
0.04334325606944066
0.0433426187185545
0.0433419817610008
0.043341345196174504
0.043340709023469946
0.04334007324228025
0.043339437851997786
0.04333880285201426
0.0433381682417203
0.04333753402050578
0.043336900187759715
0.043336266742870236
0.04333563368522477
0.043335001014209784
0.043334368729210884
0.043333736829612994
0.043333105314800155
0.04333247418415553
0.04333184343706152
0.04333121307289968
0.043330583091050895
0.043329953490894954
0.04332932427181126
0.043328695433177945
0.04332806697437271
0.04332743889477238
0.043326811193752895
0.043326183870689434
0.04332555692495656
0.043324930355927806
0.04332430416297611
0.04332367834547363
0.043323052902791676
0.04332242783430082
0.04332180313937097
0.0433211788173711
0.04332055486766963
0.04331993128963403
0.04331930808263111
0.04331868524602706
0.043318062779187184
0.043317440681476006
0.04331681895225743
0.04331619759089459
0.04331557659674986
0.043314955969184894
0.04331433570756074
0.04331371581123756
0.0433130962795748
0.04331247711193129
0.04331185830766515
0.04331123986613366
0.04331062178669364
0.0433100040687009
0.043309386711510696
0.04330876971447759
0.04330815307695551
0.04330753679829747
0.043306920877856016
0.04330630531498298
0.04330569010902925
0.04330507525934538
0.04330446076528095
0.04330384662618505
0.04330323284140597
0.04330261941029144
0.04330200633218841
0.04330139360644313
0.04330078123240124
0.043300169209407685
0.04329955753680686
0.0432989462139422
0.04329833524015669
0.0432977246147927
0.04329711433719175
0.04329650440669482
0.04329589482264217
0.04329528558437338
0.04329467669122736
0.04329406814254261
0.043293459937656514
0.04329285207590618
0.043292244556627835
0.0432916373791572
0.04329103054282929
0.043290424046978304
0.04328981789093806
0.04328921207404158
0.043288606595621136
0.04328800145500844
0.04328739665153461
0.04328679218453001
0.0432861880533244
0.043285584257246844
0.043284980795625747
0.0432843776677889
0.043283774873063376
0.04328317241077568
0.04328257028025157
0.04328196848081618
0.04328136701179385
0.04328076587250862
0.043280165062283486
0.04327956458044083
0.04327896442630263
0.043278364599189934
0.043277765098423196
0.04327716592332232
0.04327656707320629
0.04327596854739357
0.043275370345202034
0.04327477246594863
0.04327417490894984
0.04327357767352134
0.043272980758978154
0.043272384164634754
0.043271787889804667
0.04327119193380077
0.04327059629593546
0.04327000097552022
0.043269405971865856
0.04326881128428262
0.043268216912079785
0.043267622854566166
0.043267029111049606
0.04326643568083742
0.04326584256323626
0.043265249757551645
0.043264657263088833
0.04326406507915212
0.043263473205044915
0.04326288164007012
0.04326229038352974
0.04326169943472503
0.04326110879295652
0.043260518457523905
0.043259928427726135
0.04325933870286141
0.04325874928222694
0.043258160165119436
0.04325757135083453
0.04325698283866714
0.04325639462791149
0.043255806717860626
0.04325521910780716
0.043254631797042586
0.04325404478485768
0.043253458070542164
0.04325287165338528
0.043252285532674906
0.04325169970769829
0.04325111417774188
0.043250528942090895
0.04324994400002998
0.04324935935084262
0.0432487749938114
0.04324819092821818
0.04324760715334344
0.04324702366846703
0.043246440472867735
0.04324585756582324
0.04324527494661038
0.043244692614504886
0.04324411056878143
0.0432435288087137
0.04324294733357437
0.04324236614263496
0.043241785235165864
0.04324120461043657
0.043240624267715265
0.04324004420626912
0.04323946442536413
0.04323888492426515
0.043238305702235816
0.04323772675853866
0.04323714809243499
0.043236569703184916
0.04323599159004721
0.04323541375227947
0.04323483618913799
0.04323425889987797
0.043233681883753004
0.04323310514001554
0.04323252866791665
0.04323195246670609
0.043231376535632166
0.04323080087394179
0.043230225480880485
0.043229650355692394
0.04322907549762007
0.04322850090590461
0.043227926579785775
0.043227352518501495
0.04322677872128845
0.0432262051873815
0.043225631916014015
0.04322505890641793
0.04322448615782313
0.04322391366945815
0.04322334144054969
0.04322276947032277
0.04322219775800066
0.04322162630280479
0.04322105510395492
0.04322048416066883
0.04321991347216249
0.04321934303765
0.043218772856343575
0.04321820292745335
0.0432176332501876
0.04321706382375253
0.04321649464735228
0.043215925720189015
0.043215357041462614
0.04321478861037098
0.04321422042610971
0.04321365248787228
0.04321308479484995
0.04321251734623145
0.043211950141203395
0.04321138317895012
0.04321081645865333
0.043210249979492465
0.04320968374064436
0.04320911774128345
0.043208551980581454
0.04320798645770765
0.04320742117182868
0.04320685612210827
0.04320629130770773
0.04320572672778536
0.04320516238149667
0.04320459826799438
0.04320403438642833
0.04320347073594522
0.04320290731568896
0.04320234412480018
0.04320178116241659
0.04320121842767259
0.04320065591969948
0.04320009363762522
0.04319953158057443
0.04319896974766837
0.04319840813802496
0.04319784675075852
0.04319728558497988
0.043196724639796256
0.043196163914311136
0.043195603407624385
0.04319504311883197
0.043194483047026104
0.04319392319129507
0.043193363550723056
0.04319280412439046
0.043192244911373176
0.04319168591074334
0.04319112712156857
0.04319056854291227
0.04319001017383337
0.04318945201338643
0.043188894060621416
0.04318833631458371
0.04318777877431391
0.04318722143884799
0.04318666430721709
0.043186107378447164
0.04318555065155948
0.04318499412557
0.04318443779948967
0.04318388167232396
0.04318332574307313
0.04318277001073208
0.04318221447429005
0.043181659132730636
0.04318110398503194
0.04318054903016594
0.04317999426709906
0.043179439694791426
0.043178885312197206
0.04317833111826435
0.04317777711193448
0.04317722329214295
0.04317666965781834
0.04317611620788284
0.043175562941251876
0.04317500985683392
0.04317445695353058
0.04317390423023639
0.043173351685838704
0.043172799319217615
0.04317224712924572
0.04317169511478812
0.04317114327470217
0.043170591607837566
0.04317004011303602
0.04316948878913115
0.043168937634948536
0.043168386649305175
0.04316783583100992
0.043167285178862806
0.0431667346916553
0.04316618436816988
0.04316563420718007
0.04316508420745012
0.04316453436773517
0.043163984686780676
0.04316343516332258
0.04316288579608707
0.043162336583790296
0.04316178752513834
0.04316123861882711
0.04316068986354195
0.043160141257957696
0.043159592800738375
0.04315904449053705
0.04315849632599561
0.0431579483057448
0.0431574004284036
0.04315685269257961
0.04315630509686836
0.04315575763985347
0.043155210320106115
0.04315466313618508
0.04315411608663661
0.04315356916999394
0.04315302238477736
0.04315247572949369
0.043151929202636524
0.043151382802685566
0.0431508365281065
0.04315029037735111
0.04314974434885662
0.04314919844104551
0.04314865265232576
0.04314810698108995
0.043147561425715436
0.04314701598456406
0.04314647065598163
0.04314592543829799
0.04314538032982674
0.04314483532886465
0.04314429043369186
0.043143745642571195
0.043143200953748066
0.04314265636545008
0.04314211187588736
0.043141567483251084
0.04314102318571436
0.04314047898143121
0.04313993486853664
0.043139390845146015
0.043138846909355016
0.043138303059239345
0.04313775929285412
0.043137215608233886
0.04313667200339192
0.043136128476320305
0.043135585024989334
0.04313504164734712
0.043134498341319445
0.04313395510480926
0.04313341193569639
0.04313286883183714
0.043132325791063915
0.04313178281118492
0.04313123988998358
0.04313069702521842
0.04313015421462235
0.04312961145590271
0.04312906874674044
0.04312852608478969
0.04312798346767786
0.043127440893004576
0.04312689835834169
0.04312635586123255
0.04312581339919183
0.04312527096970473
0.043124728570227006
0.043124186198184054
0.043123643850970506
0.043123101525950044
0.043122559220454604
0.04312201693178402
0.04312147465720547
0.04312093239395297
0.043120390139227034
0.043119847890193776
0.043119305643984716
0.04311876339769626
0.04311822114838866
0.04311767889308606
0.04311713662877572
0.043116594352407195
0.04311605206089215
0.04311550975110346
0.04311496741987488
0.04311442506400008
0.04311388268023248
0.043113340265284184
0.04311279781582568
0.04311225532848499
0.043111712799847116
0.043111170226453346
0.04311062760480065
0.04311008493134079
0.04310954220247999
0.043108999414577784
0.04310845656394668
0.04310791364685128
0.04310737065950763
0.04310682759808222
0.04310628445869159
0.043105741237401386
0.04310519793022552
0.04310465453312554
0.043104111042009674
0.04310356745273212
0.04310302376109231
0.043102479962833874
0.04310193605364387
0.043101392029152065
0.0431008478849299
0.04310030361648965
0.04309975921928354
0.043099214688702994
0.04309867002007732
0.04309812520867335
0.04309758024969393
0.04309703513827728
0.04309648986949612
0.04309594443835633
0.04309539883979629
0.043094853068685594
0.043094307119824406
0.043093760987942
0.04309321466769606
0.043092668153671104
0.04309212144037825
0.0430915745222534
0.04309102739365627
0.04309048004886942
0.04308993248209717
0.04308938468746426
0.04308883665901466
0.04308828839071074
0.04308773987643145
0.0430871911099718
0.04308664208504108
0.04308609279526203
0.04308554323416925
0.04308499339520803
0.04308444327173314
0.043083892857007554
0.04308334214420089
0.04308279112638818
0.043082239796548585
0.04308168814756408
0.04308113617221782
0.043080583863192745
0.04308003121307049
0.04307947821432961
0.043078924859344066
0.0430783711403821
0.043077817049604415
0.04307726257906269
0.04307670772069822
0.04307615246634023
0.04307559680770426
0.04307504073639073
0.04307448424388309
0.04307392732154658
0.04307336996062598
0.04307281215224465
0.043072253887402275
0.04307169515697346
0.043071135951705905
0.04307057626221867
0.04307001607900042
0.04306945539240771
0.04306889419266303
0.043068332469853136
0.043067770213927166
0.04306720741469457
0.04306664406182374
0.04306608014483961
0.04306551565312195
0.043064950575903316
0.04306438490226739
0.04306381862114661
0.04306325172132049
0.04306268419141337
0.04306211601989253
0.043061547195066184
0.04306097770508107
0.0430604075379209
0.04305983668140371
0.04305926512318018
0.043058692850731134
0.043058119851365574
0.043057546112218334
0.043056971620248186
0.0430563963622352
0.04305582032477881
0.043055243494295445
0.043054665857016124
0.043054087398984565
0.04305350810605431
0.04305292796388693
0.04305234695794928
0.04305176507351133
0.04305118229564369
0.043050598609215375
0.04305001399889114
0.04304942844912942
0.04304884194417941
0.04304825446807907
0.04304766600465228
0.043047076537506515
0.043046486050030565
0.04304589452539161
0.04304530194653294
0.043044708296171325
0.04304411355679468
0.04304351771065914
0.04304292073978689
0.04304232262596317
0.043041723350734085
0.04304112289540377
0.043040521241031734
0.04303991836843068
0.04303931425816321
0.04303870889053971
0.043038102245615675
0.043037494303188886
0.04303688504279683
0.04303627444371421
0.043035662484950166
0.043035049145245655
0.043034434403070865
0.043033818236622584
0.043033200623821447
0.04303258154230955
0.04303196096944757
0.04303133888231241
0.043030715257694224
0.04303009007209425
0.04302946330172191
0.043028834922492466
0.043028204910024105
0.04302757323963587
0.0430269398863447
0.0430263048248633
0.04302566802959721
0.04302502947464267
0.043024389133784056
0.0430237469804915
0.043023102987918393
0.04302245712889902
0.04302180937594622
0.043021159701249395
0.043020508076671515
0.04301985447374762
0.04301919886368205
0.0430185412173467
0.04301788150527859
0.043017219697678015
0.04301655576440617
0.04301588967498354
0.043015221398587836
0.04301455090405183
0.043013878159861955
0.04301320313415631
0.04301252579472292
0.04301184610899817
0.043011164044065076
0.04301047956665208
0.043009792643131164
0.043009103239516885
0.04300841132146485
0.04300771685427052
0.04300701980286825
0.04300632013182995
Eitim Tamamland
10 numaral adaki hata: %6,157
