1.0
0.1135933758905054
0.11112019828272578
0.10885386978652241
0.10568334868681799
0.10153625386451923
0.09685215126722484
0.09242876039791277
0.08880607067089569
0.08602914872862255
0.08390071786678104
0.08221494982003087
0.08082651430312597
0.07964419727606503
0.07861179430399706
0.07769366283131854
0.07686607350627662
0.07611240825516376
0.07542051072262337
0.07478117056602897
0.07418720582454223
0.07363287575083682
0.07311348951374504
0.07262513898684346
0.07216451372341315
0.07172877146480326
0.07131544626825273
0.07092238196834666
0.070547682590932
0.07018967411683001
0.06984687395073315
0.06951796578886327
0.06920177845474472
0.06889726781652608
0.06860350121803904
0.06831964403144207
0.06804494803135454
0.06777874133874172
0.06752041971185165
0.06726943898440271
0.06702530847375388
0.06678758520541708
0.0665558688243249
0.06632979708639396
0.06610904184484122
0.06589330546359182
0.06568231760462948
0.06547583234736738
0.06527362560644295
0.06507549282027426
0.0648812468868088
0.06469071632566464
0.0645037436477209
0.06432018391449337
0.06413990347056284
0.06396277883305627
0.06378869572282031
0.06361754822251156
0.06344923804740503
0.06328367391529995
0.06312077100249512
0.06296045047343451
0.06280263907229618
0.06264726876553221
0.062494276425167895
0.06234360354355526
0.062195195971234525
0.062049003670587785
0.061904980479061615
0.06176308387685548
0.061623274755109154
0.061485517181736796
0.06134977816311883
0.06121602740085369
0.06108423704365734
0.06095438143526567
0.060826436859824855
0.06070038128674706
0.06057619411735375
0.060453855935838276
0.06033334826715788
0.06021465334442906
0.06009775388826056
0.05998263290023947
0.059869273472497264
0.059757658614948514
0.059647771101430644
0.05953959333559069
0.05943310723698322
0.05932829414747319
0.05922513475768396
0.059123609052912765
0.05902369627764677
0.058925374917569585
0.05882862269774377
0.05873341659549751
0.05863973286642863
0.058547547081868094
0.058456834176113005
0.058367568501745105
0.05827972389138726
0.058193273724318574
0.058108190996455686
0.0580244483923167
0.05794201835770653
0.057860873171991
0.057780985018965905
0.057702326055460655
0.057624868476956984
0.05754858457962855
0.05747344681833787
0.05739942786023923
0.057326500633745746
0.05725463837271786
0.05718381465581302
0.057114003441019426
0.057045179095457754
0.05697731642059499
0.05691039067306101
0.05684437758129714
0.05677925335829678
0.056714994710721986
0.05665157884469619
0.056588983468584715
0.05652718679307854
0.056466167528900456
0.056405904882445956
0.056346378549667106
0.05628756870849505
0.05622945601008657
0.05617202156916224
0.05611524695368923
0.05605911417414104
0.056003605672550215
0.05594870431154442
0.05589439336354029
0.05584065650024592
0.05578747778259934
0.055734841651254086
0.0556827329176973
0.0556311367560686
0.055580038695727606
0.05552942461460021
0.0554792807333158
0.05542959361013244
0.05538035013663277
0.05533153753415819
0.05528314335094049
0.055235155459877075
0.05518756205688838
0.05514035165978908
0.05509351310759906
0.0550470355602139
0.0550009084983551
0.05495512172371453
0.05490966535920966
0.05486452984926652
0.05481970596004657
0.05477518477953895
0.05473095771743966
0.05468701650474722
0.05464335319300271
0.054599960153113365
0.05455683007370062
0.05451395595891858
0.05447133112569789
0.05442894920037307
0.05438680411465879
0.05434489010094814
0.05430320168690843
0.05426173368936136
0.05422048120743511
0.054179439614987154
0.0541386045522973
0.05409797191704084
0.05405753785455293
0.05401729874740387
0.05397725120430632
0.05393739204838479
0.053897718304836265
0.05385822718801955
0.05381891608801267
0.053779782556679645
0.05374082429329364
0.053702039129763394
0.053663425015513785
0.0536249800020718
0.05358670222741084
0.05354858990010886
0.05351064128337281
0.05347285467898552
0.05343522841122897
0.05339776081083767
0.05336045019903469
0.0533232948717021
0.05328629308373544
0.05324944303362951
0.053212742848342216
0.053176190568478617
0.05313978413383708
0.053103521369355366
0.05306739997149209
0.053031417495077844
0.052995571340665494
0.05295985874240894
0.05292427675649644
0.052888822250162955
0.05285349189130515
0.052818282138719745
0.05278318923298798
0.05274820918802686
0.05271333778332787
0.05267857055690752
0.05264390279899131
0.05260932954645991
0.052574845578084714
0.052540445410586896
0.0525061232955552
0.052471873217266346
0.052437688891452505
0.05240356376507184
0.052369491017139426
0.052335463560687315
0.0523014740459259
0.05226751486469066
0.052233578156260965
0.05219965581465001
0.05216573949746795
0.05213182063647032
0.052097890449905745
0.052063939956785606
0.052029959993196116
0.051995941230778275
0.05196187419749629
0.05192774930081097
0.05189355685336696
0.05185928710128837
0.05182493025516099
0.05179047652375829
0.0517559161505378
0.05172123945290347
0.0516864368641889
0.05165149897827034
0.05161641659666771
0.051581180777933555
0.051545782889069296
0.05151021465864112
0.05147446823120105
0.05143853622254933
0.051402411775307175
0.051366088614205836
0.05132956110044064
0.051292824284390644
0.0512558739559705
0.051218706691857054
0.051181319898833004
0.051143711852501585
0.051105881730665374
0.05106782964071558
0.051029556640458044
0.05099106475189605
0.050952356967604466
0.050913437249455094
0.050874310519589
0.050834982643670104
0.05079546040659408
0.05075575148095779
0.05071586438871697
0.050675808456565344
0.05063559376565499
0.05059523109634399
0.050554731868702206
0.050514108079525916
0.05047337223661538
0.050432537291050954
0.0503916165681736
0.050350623697931925
0.050309572545208105
0.050268477140683256
0.0502273516127478
0.05018621012091286
0.05014506679113158
0.05010393565339834
0.05006283058195907
0.0500217652384345
0.049980753018133324
0.04993980699980804
0.04989893989908507
0.04985816402577711
0.049817491245262115
0.049776932944086555
0.04973649999991733
0.049696202755935844
0.04965605099972399
0.049616053946654255
0.04957622022774904
0.04953655788192904
0.04949707435252508
0.04945777648788307
0.0494186705458501
0.0493797622018909
0.04934105656055403
0.049302558169975544
0.04926427103909199
0.04922619865721708
0.0491883440156327
0.04915070963084074
0.04911329756913234
0.04907610947213787
0.04903914658304161
0.049002409773161906
0.04896589956862349
0.04892961617687201
0.048893559512811414
0.04885772922436916
0.04882212471732461
0.048786745179262014
0.04875158960253632
0.04871665680616392
0.04868194545657382
0.048647454087174184
0.04861318111670921
0.04857912486639542
0.04854528357584317
0.0485116554177771
0.048478238511583616
0.04844503093571723
0.048412030739007295
0.04837923595090872
0.048346644590745426
0.04831425467599755
0.04828206422968287
0.04825007128688657
0.048218273900490397
0.048186670146152875
0.04815525812659236
0.04812403597522022
0.048093001859173076
0.04806215398178991
0.04803149058457631
0.04800100994870021
0.04797071039605709
0.04794059028994401
0.04791064803537784
0.047880882079092545
0.04785129090924746
0.04782187305487781
0.047792627085115835
0.04776355160821032
0.04773464527037021
0.04770590675445604
0.04767733477854214
0.04764892809437127
0.04762068548572022
0.04759260576669678
0.04756468777998331
0.04753693039504352
0.04750933250630791
0.04748189303134945
0.047454610909063784
0.047427485097863605
0.04740051457389767
0.04737369832930376
0.047347035370503346
0.04732052471654511
0.047294165397502634
0.047267956452933385
0.04724189693040082
0.0472159858840657
0.047190222373347794
0.04716460546166075
0.04713913421522174
0.04711380770193689
0.047088624990362524
0.04706358514874204
0.04703868724411897
0.04701393034152323
0.04698931350323103
0.04696483578809604
0.046940496250949634
0.04691629394206851
0.04689222790670652
0.046868297184688906
0.04684450081006641
0.04682083781082434
0.04679730720864725
0.04677390801873238
0.04675063924965215
0.04672749990326051
0.04670448897464108
0.046681605452094516
0.04665884831716085
0.046636216544675806
0.04661370910285677
0.04659132495341687
0.04656906305170377
0.04654692234686144
0.04652490178201226
0.0465030002944574
0.0464812168158926
0.04645955027263913
0.04643799958588595
0.0464165636719433
0.04639524144250424
0.04637403180491458
0.04635293366244811
0.046331945914586836
0.04631106745730513
0.04629029718335594
0.046269633982558504
0.04624907674208768
0.04622862434676199
0.046208275679331834
0.04618802962076579
0.046167885050535235
0.04614784084689627
0.04612789588716945
0.04610804904801545
0.046088299205707985
0.04606864523640251
0.04604908601640175
0.04602962042241579
0.046010247331819513
0.04599096562290463
0.04597177417512793
0.04595267186935488
0.04593365758809914
0.045914730215757385
0.04589588863884016
0.0458771317461986
0.04585845842924633
0.04583986758217859
0.04582135810218628
0.04580292888966697
0.0457845788484318
0.04576630688590969
0.045748111913347295
0.045729992846006894
0.04571194860336033
0.045693978109281407
0.0456760802922347
0.04565825408546277
0.04564049842717124
0.04562281226071182
0.04560519453476372
0.045587644203514056
0.04557016022683679
0.045552741570471005
0.04553538720619845
0.04551809611202068
0.04550086727233617
0.04548369967811774
0.045466592327089904
0.04544954422390742
0.045432554380334424
0.04541562181542468
0.04539874555570351
0.04538192463535127
0.04536515809638858
0.04534844498886401
0.04533178437104383
0.04531517530960433
0.04529861687982727
0.04528210816579775
0.04526564826060587
0.04524923626655098
0.04523287129534986
0.045216552468348374
0.045200278916736336
0.045184049781766926
0.045167864214978704
0.04515172137842246
0.04513562044489091
0.04511956059815267
0.0451035410331893
0.04508756095643597
0.045071619586025354
0.045055716152034526
0.04503984989673444
0.04502402007484164
0.045008225953772525
0.04499246681389876
0.044976741948803696
0.04496105066553979
0.044945392284885595
0.04492976614160221
0.04491417158468855
0.04489860797763416
0.04488307469866946
0.044867571141011614
0.04485209671310654
0.04483665083886434
0.0448212329578888
0.04480584252569883
0.04479047901394084
0.044775141910591745
0.044759830720150676
0.04474454496381828
0.044729284179662626
0.04471404792277111
0.044698835765385685
0.04468364729702179
0.044668482124569
0.04465333987237239
0.04463822018229359
0.04462312271375063
0.044608047143735216
0.04459299316680696
0.04457796049506339
0.044562948858084775
0.04454795800285424
0.04453298769365079
0.04451803771191651
0.04450310785609654
0.0444881979414519
0.04447330779984554
0.04445843727950079
0.04444358624473332
0.04442875457565622
0.044413942167859224
0.04439914893206259
0.044384374793745934
0.04436961969275384
0.044354883582878556
0.044340166431420976
0.04432546821873212
0.044310788937735074
0.0442961285934306
0.04428148720238643
0.04426686479221323
0.04425226140102847
0.04423767707690994
0.04422311187734147
0.04420856586865185
0.044194039125449856
0.04417953173005673
0.04416504377193852
0.04415057534713981
0.04413612655772089
0.04412169751120082
0.044107288320007106
0.04409289910093443
0.044078529974614346
0.04406418106499656
0.04404985249884425
0.04403554440524393
0.044021256915131854
0.04400699016083746
0.04399274427564489
0.04397851939337432
0.043964315647981984
0.043950133173181714
0.043935972102086794
0.04392183256687263
0.04390771469846208
0.04389361862623066
0.04387954447773458
0.043865492378459124
0.04385146245158867
0.04383745481779722
0.04382346959505899
0.043809506898479005
0.04379556684014282
0.043781649528984494
0.043767755070672286
0.04375388356751166
0.04374003511836401
0.04372620981858063
0.0437124077599513
0.04369862903066619
0.04368487371529025
0.0436711418947488
0.04365743364632493
0.043643749043665025
0.043630088156794186
0.043616451052139404
0.043602837792559086
0.043589248437379643
0.04357568304243681
0.04356214166012132
0.04354862433942906
0.04353513112601363
0.043521662062241305
0.04350821718724804
0.043494796536997136
0.04348140014433787
0.043468028039063585
0.04345468024796967
0.043441356794910756
0.04342805770085592
0.04341478298394312
0.0434015326595307
0.04338830674024744
0.0433751052360396
0.04336192815421518
0.04334877549948585
0.043335647274005365
0.04332254347740479
0.043309464106824846
0.04329640915694504
0.043283378620009166
0.04327037248584784
0.04325739074189777
0.04324443337321755
0.043231500362500966
0.04321859169008648
0.04320570733396444
0.04319284726978121
0.04318001147084057
0.04316719990810267
0.04315441255018051
0.043141649363334554
0.043128910311464486
0.04311619535609997
0.04310350445638931
0.043090837569086125
0.04307819464853566
0.043065575646659145
0.04305298051293731
0.0430404091943936
0.04302786163557608
0.04301533777853938
0.04300283756282642
0.0429903609254495
0.04297790780087268
0.042965478120993175
0.04295307181512383
0.0429406888099762
0.04292832902964454
0.04291599239559028
0.04290367882662789
0.04289138823891204
0.04287912054592605
0.04286687565847122
0.042854653484659236
0.04284245392990457
0.0428302768969198
0.04281812228571272
0.042805989993585
0.04279387991513361
0.042781791942253934
0.04276972596414556
0.04275768186731984
0.04274565953561056
0.04273365885018665
0.042721679689567235
0.042709721929639996
0.04269778544368081
0.042685870102377545
0.042673975773855385
0.04266210232370519
0.04265024961501424
0.042638417508400445
0.042626605862048125
0.04261481453174724
0.04260304337093505
0.04259129223074015
0.04257956096002939
0.04256784940545771
0.04255615741151929
0.04254448482060287
0.04253283147304832
0.04252119720720585
0.042509581859498144
0.04249798526448403
0.04248640725492519
0.042474847661854206
0.042463306314645656
0.04245178304108833
0.0424402776674604
0.04242879001860561
0.04241731991801187
0.04240586718789156
0.042394431649263146
0.04238301312203476
0.04237161142508914
0.04236022637637002
0.042348857792969624
0.04233750549121783
0.0423261692867723
0.04231484899470903
0.0423035444296153
0.04229225540568172
0.04228098173679665
0.04226972323663984
0.0422584797187782
0.04224725099676046
0.04223603688421357
0.04222483719493829
0.042213651743005995
0.04220248034285473
0.04219132280938575
0.04218017895806005
0.042169048604994284
0.04215793156705689
0.042146827661963746
0.04213573670837333
0.04212465852598136
0.04211359293561519
0.042102539759326756
0.042091498820486184
0.042080469943872996
0.042069452955767396
0.04205844768404069
0.042047453958244115
0.042036471609697215
0.042025500471574245
0.04201454037899074
0.04200359116908737
0.04199265268111357
0.041981724756509096
0.04197080723898504
0.04195989997460232
0.04194900281184993
0.041938115601720234
0.041927238197784565
0.04191637045626522
0.04190551223610748
0.041894663399049036
0.041883823809688414
0.04187299333555076
0.041862171847153296
0.041851359218067714
0.04184055532498165
0.04182976004775805
0.041818973269493125
0.04180819487657189
0.0417974247587229
0.04178666280906977
0.04177590892418264
0.041765163004126304
0.04175442495250723
0.041743694676519054
0.04173297208698542
0.041722257098401855
0.04171154962897526
0.0417008496006619
0.041690156939203214
0.041679471574160444
0.04166879343894695
0.04165812247085863
0.04164745861110304
0.04163680180482625
0.04162615200113816
0.0416155091531358
0.04160487321792529
0.041594244156641084
0.04158362193446465
0.04157300652064018
0.04156239788848946
0.041551796015424
0.0415412008829564
0.04153061247670905
0.041520030786421414
0.04150945580595534
0.04149888753329898
0.04148832597056822
0.04147777112400689
0.0414672230039844
0.04145668162499297
0.041446147005640796
0.04143561916864594
0.04142509814082586
0.04141458395308735
0.04140407664041255
0.04139357624184482
0.04138308280047153
0.04137259636340527
0.041362116981763716
0.04135164471064667
0.04134117960911182
0.04133072174014831
0.041320271170648445
0.04130982797137748
0.04129939221694136
0.04128896398575266
0.04127854335999428
0.041268130425581924
0.04125772527212335
0.041247327992877024
0.04123693868470801
0.041226557448042246
0.04121618438681842
0.041205819608438894
0.04119546322371753
0.04118511534682655
0.04117477609524095
0.0411644455896814
0.041154123954055044
0.04114381131539455
0.04113350780379546
0.041123213552351906
0.041112928697089914
0.041102653376899834
0.041092387733466594
0.04108213191119848
0.04107188605715424
0.041061650320969006
0.0410514248547777
0.041041209813138614
0.04103100535295391
0.041020811633389824
0.041010628815795175
0.04100045706361896
0.04099029654232627
0.040980147419313336
0.040970009863821745
0.04095988404685159
0.04094977014107292
0.04093966832073817
0.04092957876159109
0.04091950164077844
0.04090943713675743
0.04089938542920549
0.040889346698927784
0.04087932112776534
0.04086930889850231
0.04085931019477324
0.04084932520097009
0.04083935410214911
0.04082939708393805
0.04081945433244289
0.04080952603415506
0.040799612375859405
0.04078971354454094
0.040779829727294076
0.04076996111123044
0.04076010788338832
0.04075027023064256
0.0407404483396147
0.040730642396584534
0.04072085258740192
0.04071107909740006
0.040701322111308995
0.04069158181317094
0.04068185838625629
0.04067215201298097
0.04066246287482432
0.040652791152249707
0.04064313702462475
0.04063350067014463
0.04062388226575503
0.040614281987078324
0.04060470000833993
0.04059513650229723
0.040585591640169054
0.040576065591568185
0.0405665585244339
0.04055707060496779
0.040547601997570355
0.040538152864779665
0.04052872336721181
0.040519313663503066
0.040509923910254285
0.04050055426197653
0.04049120487103917
0.04048187588761949
0.040472567459654385
0.040463279732793865
0.040454012850356574
0.040444766953286936
0.04043554218011495
0.04042633866691686
0.04041715654727852
0.040407995952260585
0.040398857010365365
0.04038973984750555
0.040380644586975184
0.040371571349422264
0.04036252025282321
0.040353491412459336
0.04034448494089482
0.04033550094795711
0.040326539540718624
0.0403176008234802
0.04030868489775691
0.04029979186226491
0.04029092181291037
0.04028207484278018
0.040273251042134126
0.04026445049839896
0.04025567329616367
0.04024691951717685
0.04023818924034521
0.04022948254173423
0.04022079949456957
0.04021214016924027
0.040203504633303834
0.040194892951492124
0.040186305185718696
0.0401777413950881
0.04016920163590594
0.04016068596169012
0.040152194423183914
0.04014372706836988
0.04013528394248518
0.04012686508803757
0.04011847054482331
0.04011010034994555
0.04010175453783382
0.040093433140265256
0.04008513618638556
0.04007686370273198
0.040068615713257094
0.040060392239352725
0.04005219329987567
0.04004401891117358
0.040035869087112076
0.040027743839102195
0.04001964317612885
0.04001156710477998
0.04000351562927624
0.03999548875150132
0.03998748647103278
0.03997950878517367
0.0399715556889847
0.039963627175316305
0.039955723234841874
0.03994784385609126
0.039939989025484075
0.03993215872736444
0.039924352944034944
0.03991657165579167
0.039908814840959206
0.03990108247592574
0.03989337453517893
0.03988569099134126
0.03987803181520583
0.03987039697577269
0.03986278644028452
0.039855200174262875
0.03984763814154467
0.03984010030431778
0.039832586623157924
0.03982509705706429
0.03981763156349592
0.03981019009840789
0.039802772616286966
0.03979537907018763
0.03978800941176766
0.03978066359132394
0.03977334155782735
0.03976604325895827
0.03975876864114163
0.039751517649581077
0.039744290228293844
0.039737086320144895
0.0397299058668806
0.03972274880916239
0.03971561508660005
0.03970850463778456
0.03970141740032077
0.03969435331085939
0.03968731230512905
0.03968029431796762
0.03967329928335326
0.039666327134435075
0.0396593778035633
0.03965245122231921
0.039645547321544225
0.03963866603136914
0.03963180728124244
0.039624970999958105
0.03961815711568362
0.03961136555598662
0.03960459624786171
0.039597849117756614
0.03959112409159743
0.039584421094814644
0.03957774005236666
0.03957108088876516
0.0395644435280978
0.03955782789405193
0.03955123390993739
0.039544661498708195
0.03953811058298497
0.03953158108507564
0.03952507292699612
0.03951858603049114
0.03951212031705335
0.03950567570794303
0.03949925212420673
0.03949284948669547
0.03948646771608285
0.03948010673288212
0.03947376645746336
0.03946744681006956
0.03946114771083308
0.03945486907979062
0.0394486108368987
0.03944237290204808
0.03943615519507813
0.03942995763579032
0.039423780143961785
0.03941762263935818
0.03941148504174605
0.039405367270905024
0.03939926924663962
0.03939319088879026
0.0393871321172444
0.039381092851947026
0.03937507301291075
0.03936907252022551
0.03936309129406829
0.03935712925471199
0.03935118632253417
0.03934526241802556
0.03933935746179787
0.039333471374592054
0.03932760407728535
0.03932175549089834
0.03931592553660215
0.03931011413572481
0.039304321209757374
0.039298546680360244
0.03929279046936857
0.039287052498797985
0.03928133269084961
0.039275630967915046
0.03926994725258122
0.03926428146763481
0.039258633536066324
0.039253003381074576
0.03924739092607009
0.03924179609467905
0.03923621881074638
0.03923065899833946
0.039225116581750895
0.039219591485501304
0.03921408363434222
0.03920859295325869
0.03920311936747143
0.039197662802439276
0.03919222318386111
0.039186800437677964
0.03918139449007462
0.03917600526748156
0.039170632696576085
0.03916527670428438
0.0391599372177822
0.039154614164496365
0.039149307472106105
0.039144017068543445
0.039138742881994724
0.039133484840901
0.0391282428739588
0.03912301691012128
0.03911780687859809
0.03911261270885612
0.03910743433062013
0.0391022716738728
0.03909712466885526
0.039091993246067054
0.03908687733626668
0.03908177687047129
0.03907669177995699
0.039071621996258986
0.03906656745117108
0.03906152807674624
0.039056503805296065
0.039051494569390596
0.039046500301858626
0.039041520935786854
0.03903655640452024
0.039031606641661235
0.039026671581069934
0.03902175115686344
0.03901684530341575
0.039011953955357344
0.039007077047574626
0.039002214515210056
0.03899736629366118
0.038992532318580506
0.038987712525875205
0.0389829068517064
0.038978115232489056
0.03897333760489124
0.03896857390583384
0.03896382407249013
0.03895908804228537
0.038954365752896
0.03894965714224991
0.03894496214852512
0.03894028071014997
0.038935612765802416
0.03893095825440956
0.03892631711514738
0.03892168928744003
0.03891707471095966
0.03891247332562576
0.03890788507160479
0.03890330988930998
0.038898747719400446
0.038894198502781356
0.038889662180602906
0.03888513869426047
0.03888062798539376
0.03887612999588682
0.03887164466786728
0.038867171943706216
0.038862711766017716
0.03885826407765849
0.03885382882172765
0.038849405941566065
0.03884499538075637
0.03884059708312234
0.03883621099272879
0.038831837053881144
0.03882747521112498
0.03882312540924607
0.038818787593269864
0.038814461708461076
0.038810147700323615
0.03880584551460027
0.03880155509727236
0.03879727639455955
0.03879300935291943
0.03878875391904744
0.03878451003987656
0.03878027766257703
0.03877605673455611
0.038771847203457985
0.038767649017163244
0.03876346212378896
0.038759286471688276
0.03875512200945016
0.03875096868589951
0.038746826450096535
0.03874269525133669
0.038738575039150715
0.038734465763304034
0.03873036737379673
0.03872627982086349
0.038722203054973196
0.038718137026828914
0.0387140816873675
0.0387100369877596
0.038706002879409285
0.03870197931395416
0.03869796624326477
0.03869396361944469
0.038689971394830304
0.038685989521990545
0.03868201795372684
0.038678056643072695
0.03867410554329376
0.03867016460788741
0.03866623379058281
0.03866231304534051
0.03865840232635229
0.038654501588041054
0.038650610785060636
0.03864672987229544
0.03864285880486043
0.03863899753810082
0.03863514602759189
0.038631304229138824
0.03862747209877636
0.038623649592768816
0.03861983666760956
0.03861603328002119
0.0386122393869548
0.038608454945590356
0.03860467991333582
0.03860091424782737
0.03859715790692912
0.038593410848732725
0.03858967303155704
0.03858594441394815
0.038582224954678994
0.03857851461274904
0.038574813347384024
0.038571121118035824
0.038567437884381994
0.0385637636063255
0.03856009824399467
0.038556441757742546
0.03855279410814693
0.038549155256009764
0.03854552516235717
0.03854190378843873
0.038538291095727525
0.03853468704591954
0.03853109160093358
0.038527504722910826
0.038523926374214194
0.03852035651742875
0.038516795115360346
0.03851324213103628
0.038509697527704126
0.03850616126883166
0.03850263331810678
0.03849911363943653
0.03849560219694728
0.038492098954983914
0.03848860387810949
0.03848511693110532
0.03848163807896973
0.038478167286918386
0.03847470452038334
0.03847124974501303
0.03846780292667155
0.038464364031438235
0.038460933025607345
0.0384575098756876
0.038454094548401464
0.038450687010684964
0.03844728722968733
0.03844389517276998
0.03844051080750657
0.03843713410168223
0.03843376502329326
0.03843040354054635
0.038427049621858375
0.03842370323585564
0.038420364351373665
0.03841703293745618
0.03841370896335516
0.03841039239852981
0.0384070832126464
0.03840378137557743
0.03840048685740121
0.038397199628401574
0.03839391965906652
0.03839064692008866
0.038387381382363965
0.03838412301699133
0.038380871795272185
0.0383776276887098
0.038374390669008496
0.038371160708073435
0.03836793777800962
0.03836472185112173
0.03836151289991302
0.03835831089708514
0.03835511581553724
0.03835192762836557
0.03834874630886258
0.03834557183051661
0.038342404167010846
0.03833924329222326
0.038336089180225456
0.03833294180528211
0.03832980114185058
0.03832666716458009
0.0383235398483109
0.03832041916807399
0.03831730509909027
0.03831419761676967
0.0383110966967107
0.038308002314699975
0.03830491444671101
0.03830183306890411
0.03829875815762514
0.038295689689405325
0.038292627640960225
0.03828957198918905
0.03828652271117451
0.03828347978418115
0.038280443185655606
0.038277412893225116
0.03827438888469754
0.03827137113806
0.03826835963147856
0.03826535434329747
0.03826235525203828
0.038259362336399226
0.038256375575254686
0.038253394947654056
0.03825042043282154
0.03824745201015475
0.03824448965922479
0.03824153335977472
0.038238583091719555
0.038235638835145
0.038232700570306886
0.0382297682776306
0.03822684193771007
0.03822392153130707
0.03822100703935096
0.03821809844293708
0.038215195723326774
0.0382122988619463
0.03820940784038612
0.03820652264040004
0.03820364324390495
0.03820076963297941
0.03819790178986337
0.038195039696957145
0.038192183336821
0.03818933269217403
0.038186487745893685
0.038183648481014826
0.038180814880729094
0.038177986928384276
0.038175164607483124
0.03817234790168309
0.03816953679479537
0.03816673127078409
0.03816393131376562
0.038161136908007945
0.038158348037929724
0.03815556468809947
0.03815278684323527
0.03815001448820333
0.03814724760801798
0.03814448618784033
0.03814173021297779
0.038138979668883286
0.03813623454115448
0.0381334948155331
0.03813076047790417
0.038128031514295224
0.0381253079108754
0.038122589653955215
0.03811987672998525
0.03811716912555579
0.03811446682739567
0.03811176982237223
0.03810907809748977
0.03810639163988942
0.03810371043684822
0.03810103447577818
0.038098363744225774
0.03809569822987125
0.03809303792052775
0.03809038280414076
0.03808773286878697
0.038085088102674095
0.03808244849413992
0.03807981403165142
0.03807718470380426
0.03807456049932205
0.03807194140705537
0.038069327415981576
0.0380667185152035
0.03806411469394917
0.03806151594157103
0.038058922247544924
0.038056333601469754
0.038053749993066696
0.03805117141217831
0.03804859784876812
0.038046029292919586
0.03804346573483597
0.038040907164838864
0.03803835357336821
0.03803580495098116
0.038033261288351626
0.03803072257626945
0.03802818880563991
0.03802565996748281
0.03802313605293208
0.03802061705323469
0.03801810295975062
0.038015593763951375
0.03801308945742012
0.03801059003185043
0.03800809547904598
0.03800560579091966
0.03800312095949323
0.03800064097689608
0.037998165835365395
0.03799569552724469
0.03799323004498386
0.037990769381138004
0.03798831352836716
0.03798586247943544
0.03798341622721055
0.03798097476466297
0.03797853808486561
0.0379761061809928
0.03797367904632012
0.03797125667422335
0.03796883905817826
0.03796642619175956
0.03796401806864065
0.03796161468259292
0.037959216027485
0.03795682209728228
0.03795443288604647
0.03795204838793451
0.0379496685971986
0.037947293508185195
0.037944923115334366
0.037942557413179694
0.03794019639634709
0.03793784005955472
0.03793548839761206
0.037933141405419465
0.037930799077967765
0.03792846141033739
0.03792612839769802
0.03792380003530787
0.0379214763185134
0.03791915724274844
0.03791684280353386
0.03791453299647683
0.03791222781727047
0.03790992726169324
0.03790763132560839
0.037905340004963206
0.037903053295789045
0.03790077119420014
0.03789849369639355
0.037896220798648204
0.03789395249732496
0.0378916887888656
0.037889429669792335
0.03788717513670771
0.037884925186293564
0.03788267981531076
0.03788043902059885
0.037878202799075285
0.037875971147735055
0.03787374406365013
0.03787152154396896
0.03786930358591615
0.03786709018679178
0.03786488134397086
0.03786267705490324
0.03786047731711252
0.03785828212819609
0.03785609148582439
0.037853905387740666
0.037851723831760074
0.03784954681576966
0.037847374337727606
0.03784520639566299
0.037843042987675136
0.037840884111933135
0.03783872976667563
0.03783657995021003
0.03783443466091232
0.03783229389722656
0.03783015765766425
0.03782802594080419
0.0378258987452918
0.037823776069838715
0.037821657913222395
0.03781954427428575
0.03781743515193652
0.037815330545147005
0.037813230452953636
0.037811134874456344
0.03780904380881832
0.037806957255265713
0.03780487521308671
0.03780279768163176
0.03780072466031271
0.03779865614860234
0.03779659214603449
0.037794532652202874
0.037792477666761276
0.03779042718942302
0.03778838121996013
0.03778633975820364
0.03778430280404251
0.037782270357423584
0.03778024241835129
0.03777821898688675
0.03777620006314796
0.03777418564730895
0.03777217573959961
0.037770170340305276
0.03776816944976614
0.037766173068377144
0.03776418119658743
0.037762193834899864
0.03776021098387079
0.037758232644109595
0.03775625881627833
0.037754289501091214
0.03775232469931439
0.037750364411765436
0.03774840863931307
0.037746457382876596
0.037744510643425745
0.03774256842198005
0.03774063071960872
0.037738697537429915
0.037736768876610684
0.03773484473836651
0.037732925123960634
0.03773101003470421
0.03772909947195542
0.03772719343711919
0.03772529193164711
0.03772339495703674
0.037721502514831265
0.037719614606619274
0.037717731234034185
0.03771585239875395
0.037713978102500705
0.03771210834704026
0.037710243134181955
0.03770838246577792
0.037706526343722936
0.03770467476995399
0.037702827746449986
0.03770098527523116
0.037699147358358755
0.03769731399793476
0.03769548519610137
0.03769366095504052
0.03769184127697393
0.03769002616416209
0.03768821561890436
0.03768640964353829
0.03768460824043936
0.03768281141202052
0.037681019160731875
0.03767923148906005
0.03767744839952822
0.03767566989469523
0.03767389597715552
0.0376721266495385
0.03767036191450838
0.037668601774763534
0.03766684623303612
0.03766509529209189
0.037663348954729524
0.0376616072237802
0.03765987010210753
0.037658137592606576
0.03765640969820397
0.037654686421857105
0.037652967766554
0.03765125373531262
0.03764954433118055
0.03764783955723458
0.03764613941658027
0.03764444391235158
0.03764275304771013
0.037641066825845164
0.037639385249972825
0.03763770832333576
0.03763603604920272
0.03763436843086819
0.03763270547165168
0.03763104717489752
0.0376293935439742
0.03762774458227409
0.03762610029321282
0.03762446068022877
0.03762282574678293
0.03762119549635807
0.03761956993245829
0.03761794905860873
0.03761633287835495
0.037614721395262424
0.03761311461291618
0.037611512534920136
0.03760991516489677
0.03760832250648632
0.037606734563346775
0.037605151339152834
0.03760357283759568
0.03760199906238251
0.03760043001723589
0.03759886570589321
0.03759730613210613
0.03759575129964031
0.037594201212274594
0.037592655873800604
0.037591115288022094
0.037589579458754435
0.037588048389824255
0.03758652208506859
0.03758500054833456
0.03758348378347859
0.03758197179436608
0.03758046458487068
0.03757896215887373
0.0375774645202638
0.03757597167293584
0.03757448362079105
0.0375730003677356
0.03757152191768084
0.03757004827454213
0.037568579442238445
0.03756711542469171
0.03756565622582624
0.03756420184956811
0.03756275229984452
0.0375613075805832
0.03755986769571178
0.03755843264915704
0.03755700244484449
0.037555577086697614
0.03755415657863715
0.0375527409245806
0.03755133012844144
0.0375499241941286
0.03754852312554563
0.037547126926590124
0.037545735601153346
0.03754434915311888
0.037542967586362504
0.03754159090475147
0.03754021911214348
0.0375388522123864
0.03753749020931722
0.03753613310676165
0.037534780908533336
0.037533433618432824
0.03753209124024753
0.03753075377775019
0.037529421234699066
0.03752809361483631
0.037526770921887956
0.03752545315956276
0.03752414033155174
0.037522832441527154
0.03752152949314202
0.03752023149002928
0.03751893843580101
0.03751765033404784
0.03751636718833779
0.037515089002216034
0.037513815779203846
0.03751254752279779
0.03751128423646926
0.03751002592366321
0.037508772587797855
0.03750752423226367
0.0375062808604227
0.03750504247560759
0.03750380908112106
0.03750258068023491
0.03750135727618931
0.03750013887219217
0.03749892547141793
0.037497717077007206
0.03749651369206557
0.03749531531966324
0.037494121962833846
0.03749293362457377
0.03749175030784133
0.03749057201555604
0.03748939875059775
0.037488230515805764
0.03748706731397801
0.03748590914787037
0.03748475602019579
0.03748360793362329
0.03748246489077748
0.03748132689423735
0.037480193946535796
0.03747906605015843
0.037477943207543246
0.037476825421079066
0.03747571269310565
0.03747460502591182
0.037473502421735555
0.03747240488276263
0.03747131241112581
0.03747022500890426
0.03746914267812251
0.0374680654207497
0.03746699323869879
0.037465926133825524
0.03746486410792788
0.037463807162745076
0.03746275529995672
0.03746170852118209
0.03746066682797911
0.037459630221843926
0.03745859870420955
0.037457572276445424
0.037456550939856385
0.037455534695682
0.037454523545095784
0.03745351748920398
0.03745251652904533
0.03745152066558972
0.03745052989973784
0.03744954423232004
0.03744856366409561
0.03744758819575215
0.037446617827904385
0.03744565256109388
0.03744469239578784
0.03744373733237847
0.03744278737118216
0.03744184251243883
0.03744090275631095
0.03743996810288281
0.037439038552160006
0.037438114104068276
0.03743719475845298
0.037436280515078364
0.037435371373626694
0.03743446733369765
0.03743356839480734
0.03743267455638792
0.037431785817786466
0.03743090217826462
0.0374300236369977
0.03742915019307378
0.037428281845493544
0.037427418593169
0.03742656043492319
0.03742570736948923
0.03742485939550974
0.037424016511536325
0.037423178716028696
0.03742234600735396
0.03742151838378645
0.03742069584350635
0.03741987838459971
0.03741906600505747
0.03741825870277489
0.037417456475551066
0.03741665932108823
0.03741586723699118
0.03741508022076663
0.03741429826982277
0.037413521381468674
0.03741274955291375
0.03741198278126694
0.03741122106353664
0.037410464396629775
0.03740971277735156
0.03740896620240478
0.03740822466838949
0.03740748817180236
0.03740675670903635
0.037406030276380106
0.03740530887001761
0.03740459248602772
0.03740388112038373
0.03740317476895286
0.03740247342749608
0.03740177709166749
0.03740108575701408
0.03740039941897514
0.0373997180728822
0.037399041713958595
0.037398370337318916
0.03739770393796891
0.037397042510805056
0.03739638605061451
0.03739573455207437
0.03739508800975172
0.03739444641810357
0.037393809771475904
0.03739317806410434
0.037392551290112985
0.03739192944351518
0.03739131251821254
0.03739070050799513
0.03739009340654128
0.03738949120741723
0.0373888939040774
0.03738830148986379
0.03738771395800627
0.03738713130162211
0.03738655351371624
0.037385980587181046
0.03738541251479615
0.03738484928922878
0.03738429090303321
0.03738373734865114
0.037383188618411785
0.037382644704531356
0.037382105599113695
0.03738157129414991
0.03738104178151868
0.03738051705298627
0.03737999710020645
0.03737948191472098
0.037378971487959246
0.037378465811238826
0.03737796487576534
0.03737746867263304
0.03737697719282415
0.0373764904272102
0.03737600836655129
0.03737553100149673
0.03737505832258532
0.037374590320245434
0.03737412698479537
0.037373668306443716
0.03737321427528944
0.03737276488132239
0.03737232011442368
0.037371879964365806
0.03737144442081312
0.03737101347332232
0.037370587111342606
0.03737016532421638
0.037369748101179386
0.03736933543136124
0.037368927303786055
0.03736852370737254
0.037368124630934856
0.037367730063182954
0.03736733999272286
0.03736695440805769
0.03736657329758768
0.03736619664961109
0.037365824452324656
0.03736545669382393
0.03736509336210445
0.03736473444506176
0.03736437993049221
0.037364029806093796
0.037363684059466606
0.037363342678113455
0.03736300564944069
0.03736267296075879
0.037362344599283066
0.03736202055213455
0.03736170080634034
0.03736138534883468
0.03736107416645961
0.03736076724596574
0.03736046457401291
0.03736016613717109
0.03735987192192129
0.03735958191465604
0.03735929610168067
0.03735901446921362
0.03735873700338774
0.03735846369025087
0.03735819451576692
0.03735792946581646
0.037357668526198026
0.03735741168262846
0.03735715892074455
0.037356910226103185
0.03735666558418283
0.03735642498038428
0.0373561884000315
0.03735595582837297
0.03735572725058208
0.03735550265175864
0.03735528201692959
0.0373550653310501
0.03735485257900434
0.037354643745606986
0.0373544388156039
0.03735423777367302
0.03735404060442577
0.03735384729240788
0.037353657822100574
0.03735347217792136
0.03735329034422546
0.03735311230530672
0.03735293804539862
0.03735276754867553
0.037352600799253566
0.03735243778119196
0.03735227847849409
0.03735212287510838
0.03735197095492978
0.03735182270180048
0.03735167809951152
0.03735153713180336
0.03735139978236775
0.03735126603484792
0.03735113587284065
0.03735100927989683
0.03735088623952285
0.03735076673518182
0.03735065075029441
0.03735053826824036
0.03735042927235953
0.03735032374595294
0.037350221672284245
0.03735012303458053
0.03735002781603368
0.03734993599980174
0.0373498475690098
0.037349762506751115
0.037349680796088726
0.03734960242005616
0.03734952736165901
0.03734945560387568
0.03734938712965907
0.03734932192193727
0.03734925996361519
0.03734920123757535
0.03734914572667934
0.03734909341376896
0.03734904428166713
0.03734899831317949
0.037348955491095286
0.03734891579818854
0.037348879217219466
0.03734884573093528
0.0373488153220718
0.037348787973354204
0.03734876366749842
0.03734874238721216
0.03734872411519642
0.03734870883414606
0.037348696526751324
0.03734868717569904
0.03734868076367355
0.03734867727335787
0.037348676687435044
0.03734867898858905
0.03734868415950598
0.03734869218287521
0.037348703041390464
0.037348716717750835
0.037348733194662205
0.037348752454837986
0.03734877448100035
0.037348799255881346
0.037348826762224015
0.037348856982783216
0.03734888990032715
0.037348925497638005
0.037348963757512996
0.037349004662765986
0.0373490481962277
0.03734909434074742
0.037349143079193674
0.03734919439445532
0.037349248269442595
0.03734930468708816
0.03734936363034796
0.03734942508220237
0.037349489025656914
0.03734955544374371
0.03734962431952185
0.037349695636078796
0.03734976937653101
0.037349845524025316
0.037349924061739294
0.03735000497288263
0.03735008824069766
0.03735017384846073
0.03735026177948259
0.03735035201710962
0.037350444544724595
0.037350539345747495
0.037350636403636374
0.03735073570188838
0.037350837224040166
0.03735094095366927
0.037351046874394486
0.03735115496987681
0.037351265223820394
0.03735137761997288
0.03735149214212687
0.037351608774119825
0.03735172749983576
0.03735184830320506
0.03735197116820596
0.03735209607886474
0.03735222301925682
0.03735235197350716
0.03735248292579108
0.037352615860334996
0.03735275076141689
0.03735288761336732
0.037353026400569506
0.03735316710746054
0.03735330971853168
0.03735345421832893
0.037353600591453845
0.03735374882256408
0.03735389889637378
0.037354050797654234
0.03735420451123462
0.03735436002200224
0.03735451731490331
0.037354676374943344
0.0373548371871876
0.03735499973676183
0.03735516400885248
0.03735532998870742
0.037355497661636136
0.037355667013010505
0.03735583802826484
0.03735601069289682
0.037356184992467435
0.037356360912601666
0.037356538438988895
0.037356717557383144
0.037356898253603416
0.03735708051353443
0.037357264323126464
0.037357449668396145
0.037357636535426515
0.03735782491036732
0.037358014779435594
0.037358206128915765
0.03735839894515983
0.037358593214587975
0.03735878892368861
0.03735898605901858
0.03735918460720348
0.037359384554938015
0.037359585888986226
0.037359788596181276
0.037359992663426295
0.037360198077694105
0.037360404826027774
0.03736061289554012
0.037360822273414966
0.0373610329469062
0.037361244903338676
0.037361458130107945
0.037361672614680416
0.03736188834459381
0.037362105307456796
0.037362323490949534
0.03736254288282331
0.037362763470901054
0.03736298524307707
0.037363208187317254
0.03736343229165922
0.03736365754421211
0.037363883933156934
0.0373641114467462
0.03736434007330433
0.03736456980122756
0.03736480061898358
0.0373650325151121
0.03736526547822441
0.037365499497003456
0.037365734560203985
0.03736597065665224
0.037366207775246046
0.03736644590495477
0.03736668503481901
0.03736692515395108
0.03736716625153433
0.03736740831682321
0.03736765133914354
0.037367895307891814
0.03736814021253575
0.0373683860426133
0.03736863278773348
0.03736888043757577
0.03736912898188974
0.03736937841049523
0.03736962871328235
0.0373698798802108
0.0373701319013101
0.037370384766679345
0.037370638466486944
0.03737089299097045
0.037371148330436546
0.0373714044752604
0.03737166141588598
0.03737191914282565
0.0373721776466597
0.0373724369180365
0.03737269694767208
0.03737295772634983
0.03737321924492058
0.03737348149430187
0.037373744465478205
0.03737400814950032
0.037374272537485355
0.03737453762061631
0.03737480339014187
0.037375069837376124
0.03737533695369835
0.037375604730552466
0.037375873159447154
0.037376142231955324
0.037376411939713784
0.03737668227442307
0.03737695322784691
0.03737722479181237
0.03737749695820907
0.03737776971898901
0.037378043066166496
0.037378316991817415
0.03737859148807919
0.03737886654715048
0.03737914216129057
0.037379418322819345
0.037379695024116574
0.03737997225762218
0.037380250015835205
0.03738052829131387
0.037380807076675224
0.03738108636459456
0.03738136614780525
0.03738164641909842
0.037381927171322396
0.03738220839738239
0.037382490090240444
0.03738277224291451
0.0373830548484786
0.03738333790006212
0.03738362139084954
0.03738390531408008
0.03738418966304741
0.037384474431099025
0.03738475961163597
0.03738504519811272
0.03738533118403639
0.03738561756296661
0.03738590432851493
0.03738619147434483
0.03738647899417075
0.037386766881758245
0.037387055130923365
0.0373873437355321
0.037387632689500266
0.037387921986793096
0.037388211621424555
0.03738850158745726
0.03738879187900196
0.037389082490217176
0.03738937341530866
0.037389664648529206
0.037389956184178216
0.03739024801660111
0.037390540140189166
0.037390832549379055
0.03739112523865232
0.037391418202535186
0.037391711435597934
0.03739200493245466
0.03739229868776294
0.03739259269622314
0.03739288695257837
0.03739318145161381
0.03739347618815664
0.03739377115707512
0.03739406635327878
0.037394361771717594
0.0373946574073818
0.03739495325530158
0.03739524931054629
0.037395545568224414
0.03739584202348318
0.037396138671508004
0.03739643550752203
0.03739673252678607
0.03739702972459789
0.037397327096292024
0.037397624637239175
0.03739792234284613
0.03739822020855509
0.03739851822984353
0.03739881640222352
0.037399114721241605
0.037399413182478414
0.03739971178154808
0.03740001051409808
0.03740030937580852
0.03740060836239242
0.03740090746959463
0.03740120669319166
0.03740150602899183
0.037401805472833956
0.03740210502058785
0.03740240466815343
0.03740270441146059
0.03740300424646881
0.03740330416916658
0.03740360417557134
0.037403904261729126
0.037404204423713804
0.03740450465762715
0.03740480495959826
0.03740510532578344
0.03740540575236542
0.037405706235553594
0.03740600677158306
0.03740630735671471
0.03740660798723484
0.03740690865945448
0.03740720936970943
0.03740751011435985
0.03740781088978973
0.037408111692406674
0.0374084125186416
0.03740871336494858
0.03740901422780399
0.037409315103706736
0.037409615989177525
0.0374099168807589
0.03741021777501471
0.037410518668529714
0.03741081955790937
0.037411120439779746
0.03741142131078669
0.03741172216759608
0.03741202300689296
0.03741232382538183
0.03741262461978582
0.03741292538684668
0.03741322612332439
0.037413526825996954
0.03741382749165978
0.03741412811712609
0.03741442869922561
0.03741472923480529
0.03741502972072834
0.03741533015387425
0.03741563053113835
0.03741593084943179
0.0374162311056808
0.037416531296826996
0.0374168314198266
0.03741713147165036
0.037417431449283445
0.0374177313497249
0.037418031169987494
0.037418330907097626
0.03741863055809468
0.03741893012003107
0.037419229589971945
0.03741952896499484
0.03741982824218955
0.037420127418657634
0.03742042649151253
0.03742072545787889
0.03742102431489282
0.03742132305970124
0.03742162168946159
0.03742192020134214
0.03742221859252118
0.03742251686018695
0.03742281500153761
0.037423113013780734
0.0374234108941334
0.03742370863982154
0.03742400624808
0.03742430371615238
0.03742460104129066
0.037424898220754926
0.03742519525181339
0.03742549213174198
0.037425788857824244
0.03742608542735092
0.037426381837620225
0.03742667808593699
0.03742697416961299
0.03742727008596648
0.037427565832322124
0.03742786140601065
0.037428156804368805
0.037428452024739205
0.03742874706446979
0.03742904192091423
0.03742933659143115
0.03742963107338419
0.03742992536414198
0.03743021946107779
0.03743051336156934
0.03743080706299863
0.037431100562751896
0.037431393858219204
0.037431686946794565
0.03743197982587549
0.03743227249286314
0.03743256494516179
0.037432857180178934
0.037433149195325054
0.037433440988013454
0.03743373255566013
0.037434023895683635
0.03743431500550471
0.037434605882546566
0.03743489652423425
0.03743518692799487
0.0374354770912574
0.037435767011452216
0.0374360566860114
0.037436346112368304
0.03743663528795749
0.03743692421021474
0.03743721287657665
0.03743750128448075
0.037437789431365213
0.03743807731466883
0.03743836493183084
0.03743865228029088
0.03743893935748855
0.03743922616086375
0.03743951268785647
0.03743979893590631
0.037440084902452826
0.037440370584934976
0.03744065598079151
0.03744094108746035
0.03744122590237891
0.03744151042298372
0.03744179464671057
0.03744207857099402
0.03744236219326768
0.03744264551096404
0.0374429285215141
0.03744321122234769
0.037443493610893136
0.037443775684577046
0.03744405744082464
0.03744433887705916
0.037444619990702185
0.0374449007791734
0.03744518123989048
0.03744546137026907
0.0374457411677225
0.037446020629662194
0.037446299753497135
0.03744657853663397
0.0374468569764769
0.0374471350704276
0.037447412815885414
0.03744769021024672
0.037447967250905566
0.03744824393525296
0.03744852026067717
0.03744879622456376
0.037449071824295174
0.03744934705725102
0.037449621920807835
0.03744989641233903
0.03745017052921485
0.03745044426880261
0.03745071762846614
0.03745099060556607
0.03745126319745969
0.037451535401501125
0.03745180721504085
0.037452078635426066
0.03745234966000052
0.037452620286104424
0.03745289051107437
0.0374531603322435
0.03745342974694131
0.03745369875249384
0.03745396734622303
0.03745423552544772
0.037454503287482746
0.037454770629639283
0.03745503754922472
0.037455304043542685
0.03745557010989317
0.03745583574557231
0.03745610094787242
0.03745636571408193
0.03745663004148566
0.037456893927364364
0.037457157368995214
0.03745742036365143
0.03745768290860221
0.037457945001113234
0.03745820663844609
0.037458467817858596
0.03745872853660484
0.037458988791934905
0.037459248581095166
0.037459507901328064
0.03745976674987241
0.03746002512396293
0.037460283020830945
0.037460540437703624
0.03746079737180471
0.03746105382035385
0.03746130978056728
0.037461565249657415
0.037461820224832916
0.037462074703299014
0.03746232868225694
0.03746258215890476
0.03746283513043661
0.0374630875940433
0.037463339546911965
0.03746359098622636
0.0374638419091668
0.037464092312910154
0.03746434219462994
0.037464591551496215
0.03746484038067597
0.03746508867933271
0.03746533644462697
0.03746558367371591
0.037465830363753706
0.03746607651189142
0.03746632211527709
0.03746656717105578
0.0374668116763697
0.037467055628358135
0.03746729902415758
0.037467541860901815
0.03746778413572181
0.03746802584574616
0.03746826698810068
0.03746850755990871
0.03746874755829115
0.03746898698036666
0.03746922582325145
0.0374694640840596
0.03746970175990295
0.037469938847891175
0.03747017534513207
0.037470411248731544
0.03747064655579348
0.03747088126341997
0.037471115368711505
0.0374713488687669
0.0374715817606834
0.037471814041556833
0.0374720457084816
0.03747227675855086
0.037472507188856426
0.037472736996489335
0.03747296617853917
0.03747319473209486
0.03747342265424441
0.03747364994207509
0.03747387659267357
0.03747410260312576
0.03747432797051749
0.03747455269193389
0.03747477676446003
0.03747500018518074
0.03747522295118085
0.03747544505954533
0.03747566650735913
0.03747588729170759
0.037476107409676385
0.03747632685835183
0.03747654563482071
0.03747676373617057
0.03747698115948978
0.03747719790186766
0.03747741396039464
0.037477629332162275
0.03747784401426341
0.03747805800379246
0.03747827129784529
0.03747848389351935
0.03747869578791405
0.037478906978130604
0.037479117461272325
0.03747932723444479
0.03747953629475565
0.037479744639315235
0.03747995226523626
0.03748015916963426
0.03748036534962752
0.037480570802337326
0.03748077552488816
0.037480979514407486
0.03748118276802643
0.03748138528287943
0.03748158705610475
0.03748178808484428
0.03748198836624401
0.03748218789745378
0.037482386675627956
0.03748258469792503
0.0374827819615081
0.03748297846354503
0.037483174201208204
0.03748336917167531
0.0374835633721289
0.03748375679975685
0.03748394945175242
0.037484141325314704
0.03748433241764792
0.037484522725962796
0.03748471224747555
0.03748490097940914
0.03748508891899218
0.03748527606346036
0.0374854624100557
0.03748564795602717
0.03748583269863071
0.037486016635129155
0.03748619976279286
0.037486382078899726
0.03748656358073479
0.03748674426559154
0.03748692413077076
0.037487103173581796
0.037487281391341915
0.03748745878137704
0.03748763534102153
0.037487811067618795
0.03748798595852073
0.037488160011088616
0.03748833322269304
0.03748850559071374
0.037488677112540364
0.03748884778557214
0.03748901760721821
0.037489186574897984
0.03748935468604095
0.03748952193808719
0.03748968832848722
0.03748985385470264
0.03749001851420572
0.03749018230447994
0.03749034522302023
0.0374905072673328
0.03749066843493554
0.03749082872335816
0.03749098813014249
0.03749114665284234
0.03749130428902391
0.03749146103626603
0.03749161689215988
0.037491771854310005
0.037491925920333374
0.037492079087860716
0.03749223135453568
0.03749238271801571
0.037492533175971954
0.03749268272608922
0.03749283136606676
0.03749297909361774
0.03749312590646977
0.03749327180236532
0.03749341677906107
0.03749356083432925
0.03749370396595662
0.037493846171745566
0.03749398744951372
0.037494127797094476
0.037494267212336854
0.037494405693105776
0.03749454323728258
0.03749467984276433
0.037494815507465244
0.037494950229315566
0.03749508400626253
0.037495216836270474
0.03749534871732056
0.03749547964741146
0.03749560962455923
0.03749573864679752
0.03749586671217761
0.037495993818769155
0.03749611996465925
0.037496245147953945
0.037496369366777214
0.03749649261927188
0.03749661490359939
0.03749673621794003
0.03749685656049341
0.03749697592947812
0.03749709432313213
0.03749721173971307
0.037497328177498096
0.03749744363478433
0.03749755810988898
0.03749767160114902
0.03749778410692201
0.03749789562558606
0.03749800615553952
0.03749811569520161
0.037498224243012544
0.03749833179743351
0.03749843835694688
0.03749854392005604
0.0374986484852864
0.037498752051184435
0.03749885461631874
0.03749895617927936
0.037499056738678885
0.03749915629315141
0.037499254841353934
0.0374993523819654
0.03749944891368752
0.037499544435244614
0.03749963894538367
0.03749973244287479
0.03749982492651103
0.03749991639510864
0.03750000684750711
0.03750009628256926
0.03750018469918176
0.03750027209625458
0.03750035847272151
0.037500443827540475
0.03750052815969301
0.03750061146818496
0.037500693752046406
0.03750077501033161
0.03750085524211932
0.03750093444651287
0.037501012622640065
0.03750108976965355
0.03750116588673073
0.037501240973073974
0.037501315027910584
0.03750138805049308
0.0375014600400991
0.03750153099603149
0.03750160091761874
0.037501669804214356
0.037501737655197785
0.03750180446997396
0.037501870247973385
0.03750193498865255
0.03750199869149357
0.03750206135600472
0.037502122981720044
0.03750218356819977
0.03750224311503028
0.037502301621824025
0.03750235908821989
0.03750241551388278
0.037502470898504434
0.03750252524180257
0.03750257854352166
0.03750263080343247
0.0375026820213327
0.03750273219704641
0.03750278133042438
0.03750282942134417
0.03750287646971019
0.037502922475453344
0.03750296743853177
0.03750301135893012
0.03750305423666021
0.037503096071760667
0.037503136864297085
0.037503176614362005
0.037503215322075005
0.03750325298758287
0.037503289611059226
0.03750332519270466
0.037503359732747106
0.03750339323144147
0.03750342568906959
0.03750345710594083
0.03750348748239115
0.037503516818783965
0.03750354511550968
0.03750357237298577
0.03750359859165702
0.03750362377199493
0.037503647914498436
0.03750367101969327
0.037503693088132624
0.03750371412039621
0.03750373411709107
0.037503753078851294
0.03750377100633762
0.03750378790023819
0.037503803761267746
0.03750381859016794
0.037503832387707395
0.03750384515468154
0.03750385689191253
0.03750386760024929
0.03750387728056733
0.03750388593376907
0.037503893560783326
0.037503900162565475
0.03750390574009759
0.03750391029438792
0.037503913826471384
0.03750391633740914
0.03750391782828835
0.03750391830022282
0.0375039177543523
0.03750391619184265
0.03750391361388575
0.03750391002169921
0.03750390541652684
0.037503899799638106
0.03750389317232812
0.037503885535917596
0.03750387689175292
0.03750386724120584
0.037503856585673546
0.037503844926578385
0.03750383226536811
0.03750381860351537
0.037503803942517844
0.03750378828389813
0.03750377162920368
0.037503753980006695
0.037503735337903694
0.037503715704516154
0.03750369508148929
0.03750367347049328
0.03750365087322185
0.03750362729139326
0.03750360272674931
0.037503577181056034
0.037503550656102676
0.03750352315370227
0.037503494675691355
0.03750346522392979
0.03750343480030045
0.03750340340670944
0.03750337104508557
0.03750333771738093
0.037503303425569554
0.03750326817164866
0.03750323195763754
0.03750319478557772
0.03750315665753288
0.03750311757558857
0.03750307754185252
0.03750303655845352
0.03750299462754255
0.037502951751291314
0.03750290793189323
0.03750286317156262
0.037502817472534616
0.03750277083706516
0.03750272326743095
0.0375026747659289
0.03750262533487633
0.03750257497661064
0.03750252369348918
0.03750247148788914
0.03750241836220731
0.03750236431885991
0.037502309360282364
0.03750225348892949
0.03750219670727472
0.03750213901781062
0.03750208042304808
0.03750202092551646
0.037501960527763556
0.0375018992323549
0.037501837041874396
0.037501773958923214
0.03750170998612034
0.03750164512610208
0.03750157938152189
0.037501512755050134
0.03750144524937418
0.037501376867197914
0.037501307611241624
0.03750123748424195
0.037501166488951625
0.037501094628139164
0.03750102190458868
0.03750094832110014
0.03750087388048853
0.037500798585584055
0.03750072243923193
0.03750064544429189
0.03750056760363848
0.03750048892016043
0.03750040939676082
0.03750032903635634
0.037500247841877915
0.03750016581626968
0.03750008296248933
0.0374999992835077
0.03749991478230869
0.037499829461888824
0.03749974332525739
0.03749965637543598
0.037499568615458466
0.03749948004837065
0.03749939067723023
0.037499300505106324
0.03749920953507963
0.03749911777024204
0.03749902521369633
0.03749893186855635
0.03749883773794616
0.03749874282500059
0.03749864713286446
0.0374985506646928
0.037498453423650255
0.037498355412911154
0.03749825663565936
0.03749815709508762
0.037498056794398285
0.03749795573680173
0.037497853925517584
0.03749775136377367
0.03749764805480601
0.03749754400185868
0.03749743920818357
0.03749733367704016
0.037497227411695415
0.03749712041542342
0.03749701269150561
0.03749690424322966
0.037496795073890525
0.03749668518678913
0.03749657458523303
0.03749646327253547
0.037496351252015635
0.03749623852699861
0.03749612510081474
0.03749601097679967
0.03749589615829409
0.037495780648643694
0.037495664451198826
0.03749554756931426
0.037495430006349195
0.03749531176566685
0.037495192850634566
0.03749507326462319
0.037494953011007096
0.03749483209316451
0.03749471051447629
0.03749458827832661
0.037494465388102194
0.03749434184719271
0.03749421765899011
0.03749409282688864
0.03749396735428451
0.037493841244576054
0.03749371450116316
0.037493587127447305
0.03749345912683138
0.03749333050271927
0.03749320125851618
0.03749307139762787
0.03749294092346092
0.03749280983942228
0.03749267814891925
0.03749254585535943
0.0374924129621501
0.037492279472698536
0.03749214539041159
0.03749201071869557
0.037491875460956066
0.03749173962059785
0.03749160320102454
0.037491466205638764
0.037491328637841444
0.037491190501032376
0.03749105179860938
0.0374909125339685
0.03749077271050389
0.037490632331607404
0.03749049140066859
0.03749034992107451
0.037490207896209854
0.03749006532945615
0.037489922224192174
0.037489778583793716
0.03748963441163305
0.03748948971107954
0.03748934448549841
0.03748919873825182
0.037489052472697675
0.03748890569219007
0.03748875840007918
0.037488610599710606
0.03748846229442577
0.03748831348756159
0.037488164182450184
0.03748801438241901
0.03748786409079067
0.03748771331088238
0.03748756204600655
0.037487410299469885
0.03748725807457416
0.037487105374615
0.03748695220288274
0.03748679856266143
0.037486644457229844
0.03748648988986008
0.03748633486381823
0.037486179382364135
0.037486023448751044
0.03748586706622584
0.0374857102380286
0.03748555296739248
0.03748539525754414
0.037485237111702714
0.03748507853308066
0.03748491952488288
0.03748476009030699
0.03748460023254338
0.037484439954774386
0.03748427926017539
0.03748411815191323
0.037483956633147526
0.0374837947070294
0.03748363237670229
0.03748346964530119
0.037483306515952976
0.03748314299177623
0.037482979075880794
0.03748281477136815
0.03748265008133127
0.03748248500885406
0.037482319557011784
0.037482153728870767
0.03748198752748849
0.037481820955913014
0.03748165401718349
0.03748148671432972
0.03748131905037214
0.03748115102832193
0.03748098265118048
0.03748081392193987
0.037480644843582524
0.03748047541908085
0.03748030565139774
0.037480135543486254
0.0374799650982892
0.03747979431873967
0.03747962320776041
0.037479451768264255
0.037479280003153634
0.03747910791532071
0.03747893550764757
0.03747876278300538
0.037478589744255254
0.037478416394247614
0.03747824273582219
0.03747806877180814
0.03747789450502398
0.037477719938277504
0.03747754507436515
0.03747736991607335
0.03747719446617674
0.03747701872743959
0.03747684270261486
0.037476666394444434
0.03747648980565897
0.03747631293897831
0.03747613579711043
0.03747595838275286
0.037475780698591005
0.03747560274729936
0.03747542453154098
0.0374752460539675
0.03747506731721861
0.03747488832392326
0.037474709076698184
0.037474529578148855
0.03747434983086896
0.03747416983744059
0.03747398960043409
0.03747380912240822
0.0374736284059096
0.03747344745347343
0.037473266267622915
0.03747308485086951
0.03747290320571262
0.03747272133463983
0.03747253924012681
0.03747235692463725
0.03747217439062284
0.03747199164052319
0.037471808676766076
0.03747162550176705
0.037471442117929674
0.03747125852764524
0.037471074733293315
0.037470890737240865
0.0374707065418431
0.03747052214944278
0.037470337562370774
0.037470152782945465
0.03746996781347328
0.037469782656248285
0.037469597313552344
0.037469411787655164
0.03746922608081396
0.037469040195274174
0.03746885413326825
0.03746866789701716
0.03746848148872901
0.037468294910599935
0.03746810816481366
0.03746792125354152
0.03746773417894272
0.03746754694316407
0.03746735954834021
0.037467171996593135
0.03746698429003294
0.03746679643075722
0.037466608420851095
0.037466420262387744
0.037466231957427626
0.03746604350801942
0.037465854916198964
0.03746566618399003
0.03746547731340428
0.03746528830644075
0.037465099165086536
0.03746490989131597
0.037464720487091874
0.03746453095436396
0.037464341295070314
0.03746415151113647
0.03746396160447593
0.03746377157698967
0.03746358143056688
0.037463391167084054
0.03746320078840609
0.037463010296385046
0.03746281969286125
0.037462628979662856
0.037462438158605706
0.03746224723149366
Eitim Tamamland
7 numaral adaki hata: %7,406
