1.0
0.11282999240771847
0.11042369477728116
0.10680922116906028
0.10183797802251093
0.09647801140907912
0.09200483057998628
0.08890582883606188
0.08687016536962877
0.08544910068665462
0.084350008058733
0.08342302773526795
0.08259748703939142
0.08184038806727949
0.08113560038667761
0.08047433476574914
0.07985098324395842
0.07926137351737401
0.07870206590704669
0.07817008034552311
0.0776627904917344
0.07717787752129278
0.0767133023800549
0.07626728211761427
0.07583826612920345
0.07542491170594187
0.07502605936801876
0.07464070865858702
0.07426799500680359
0.07390716813169922
0.07355757231805689
0.07321862876786907
0.07288982011889614
0.07257067712473457
0.0722607674077641
0.07195968612702783
0.07166704834772027
0.07138248285814468
0.07110562715457458
0.07083612330518031
0.07057361441151892
0.0703177414100002
0.07006813999573015
0.06982443750622293
0.06958624967141915
0.06935317721772871
0.06912480240549233
0.06890068567854334
0.06868036270708155
0.0684633422040342
0.06824910498042391
0.06803710476335548
0.06782677131439653
0.06761751633848358
0.06740874254828372
0.06719985603717431
0.0669902818184943
0.06677948202825905
0.06656697589922167
0.0663523602466781
0.06613532891856493
0.06591568950879265
0.06569337565419354
0.06546845345192794
0.06524112094313651
0.0650117001874067
0.06478062216049424
0.06454840548241401
0.06431563073172777
0.06408291269601527
0.06385087319818489
0.0636201169982267
0.06339121266757523
0.06316467938050811
0.06294097951085625
0.06272051605640602
0.06250363345199582
0.06229062032180422
0.062081713042883555
0.06187709944517302
0.061676922378686445
0.061481283140361366
0.06129024486209128
0.061103835961249055
0.060922053701941675
0.0607448678533293
0.06057222438464764
0.06040404911250734
0.06024025121230729
0.0600807265160453
0.059925360537042914
0.059774031182994763
0.05962661113884475
0.059482969918259174
0.05934297559600496
0.059206496243184546
0.05907340109333978
0.05894356147047102
0.05881685151068443
0.05869314870812224
0.058572334313635004
0.058454293611796326
0.05833891609871545
0.05822609557993877
0.05811573020473005
0.0580077224502848
0.05790197906702723
0.05779841099406559
0.05769693325213764
0.0575974648199323
0.057499928498491754
0.05740425076744855
0.057310361636082344
0.05721819449158004
0.05712768594639669
0.057038775686238316
0.056951406319880916
0.05686552323180339
0.05678107443841463
0.056698010448499994
0.05661628412837893
0.056535850572157195
0.05645666697736303
0.056378692526173696
0.056301888272368567
0.05622621703408034
0.05615164329235957
0.056078133095518214
0.05600565396917066
0.0559341748318558
0.05586366591608569
0.05579409869463914
0.055725445811895744
0.055657681019984216
0.055590779119505565
0.055524715904581336
0.055459468111968495
0.05539501337398177
0.055331330174962653
0.05526839781103763
0.05520619635291333
0.055144706611464464
0.05508391010587794
0.055023789034128204
0.05496432624556997
0.05490550521544569
0.054847310021119505
0.054789725319859775
0.054732736328007264
0.054676328801377815
0.054620489016759484
0.0545652037543795
0.05451046028122286
0.0544562463351012
0.0544025501093761
0.05434936023825341
0.054296665782573986
0.054244456216035755
0.05419272141178756
0.05414145162934663
0.05409063750179517
0.05404027002322057
0.05399034053636865
0.053940840720484724
0.053891762579323904
0.05384309842931559
0.0537948408878707
0.05374698286182702
0.053699517536029015
0.053652438362041595
0.053605739047003075
0.05355941354262074
0.05351345603431963
0.053467860930551725
0.05342262285227834
0.0533777366226383
0.053333197256814575
0.05328899995211331
0.053245140078271136
0.05320161316800247
0.053158414907804104
0.05311554112902812
0.05307298779923793
0.053030751013859574
0.05298882698813838
0.052947212049412856
0.052905902629713335
0.052864895258693055
0.05282418655689808
0.05278377322937983
0.0527436520596534
0.05270381990400293
0.05266427368613301
0.05262501039216522
0.052586027065974844
0.05254732080486446
0.052508888755566696
0.05247072811056941
0.05243283610475329
0.0523952100123335
0.05235784714409337
0.052320744844897814
0.052283900491475944
0.05224731149045696
0.05221097527664835
0.05217488931154055
0.05213905108202393
0.052103458099304945
0.05206810789800588
0.052032998035433355
0.051998126091003245
0.05196348966580553
0.05192908638229787
0.051894913884112374
0.05186096983596482
0.05182725192365193
0.05179375785412707
0.05176048535564113
0.051727432177939674
0.05169459609250515
0.05166197489283571
0.05162956639475172
0.05159736843672129
0.05156537888019873
0.051533595609968265
0.05150201653448693
0.05147063958622122
0.051439462721973264
0.05140848392319088
0.05137770119625883
0.05134711257276695
0.05131671610975326
0.051286509889919084
0.051256492021813656
0.05122666063998852
0.05119701390511773
0.05116755000408559
0.05113826715003923
0.051109163582407344
0.05108023756688374
0.05105148739537646
0.051022911385922506
0.050994507882569505
0.05096627525522323
0.05093821189946368
0.05091031623632918
0.05088258671207065
0.05085502179787573
0.05082761998956537
0.05080037980726288
0.05077329979503753
0.05074637852052287
0.05071961457451258
0.0506930065705332
0.05066655314439683
0.0506402529537336
0.05061410467750629
0.05058810701550679
0.05056225868783784
0.0505365584343786
0.05051100501423738
0.05048559720519107
0.050460333803113204
0.050435213621391174
0.050410235490333986
0.0503853982565709
0.05036070078244255
0.050336141945384265
0.05031172063730394
0.050287435763953996
0.05026328624429774
0.05023927100987311
0.05021538900415139
0.05019163918189364
0.050168020508504586
0.05014453195938415
0.05012117251927873
0.050097941181629524
0.050074836947922176
0.0500518588270348
0.050029005834586755
0.05000627699228775
0.04998367132728717
0.04996118787152504
0.04993882566108326
0.049916583735539
0.0498944611373191
0.049872456911056205
0.04985057010294646
0.0498287997601097
0.04980714492995037
0.04978560465952205
0.04976417799489187
0.049742863980509
0.049721661658573564
0.049700570068407855
0.04967958824582993
0.04965871522252806
0.049637950025437166
0.04961729167611659
0.04959673919012964
0.04957629157642325
0.04955594783670946
0.049535706964846736
0.04951556794622216
0.04949552975713357
0.04947559136417086
0.04945575172359784
0.049436009780731684
0.04941636446932201
0.049396814710927765
0.04937735941429143
0.04935799747471117
0.049338727773408905
0.0493195491768952
0.04930046053632903
0.04928146068687297
0.0492625484470427
0.04924372261804963
0.049224981983137385
0.04920632530690981
0.04918775133465087
0.04916925879163546
0.04915084638243001
0.04913251279018294
0.049114256675902954
0.04909607667772595
0.04907797141016842
0.04905993946336742
0.0490419794023063
0.04902408976602539
0.04900626906681692
0.04898851578940398
0.04897082839010282
0.04895320529596833
0.04893564490392207
0.048918145579863036
0.048900705657761646
0.04888332343873636
0.04886599719011382
0.04884872514447384
0.04883150549867943
0.0488143364128938
0.04879721600958647
0.04878014237253008
0.048763113545791464
0.048746127532719695
0.048729182294936585
0.04871227575133273
0.04869540577707621
0.04867857020263999
0.04866176681285608
0.04864499334600496
0.048628247492951124
0.048611526896335217
0.04859482914983742
0.0485781517975256
0.04856149233330553
0.048544848200492714
0.04852821679152466
0.04851159544783938
0.04849498145994377
0.04847837206770175
0.04846176446087237
0.04844515577993312
0.048428543117224374
0.048411923518456725
0.04839529398462344
0.04837865147436586
0.04836199290684101
0.048345315165144634
0.048328615100345126
0.04831188953618691
0.04829513527452283
0.0482783491015388
0.04826152779483167
0.048244668131403816
0.04822776689663626
0.048210820894298234
0.04819382695764959
0.0481767819616845
0.048159682836559456
0.04814252658223735
0.04812531028436735
0.04810803113140704
0.048090686432973345
0.04807327363939015
0.048055790362376775
0.04803823439679372
0.048020603743335465
0.048002896632024734
0.047985111546332254
0.04796724724770846
0.047949302800276074
0.04793127759539799
0.047913171375797356
0.047894984258874465
0.047876716758833184
0.04785836980720604
0.047839944771348744
0.04782144347046228
0.04780286818870257
0.047784221684945366
0.04776550719879613
0.04774672845247136
0.04772788964822143
0.04770899546102986
0.04769005102639311
0.04767106192307199
0.04765203415079579
0.047632974103003496
0.047613888534806845
0.04759478452646872
0.04757566944278821
0.04755655088888376
0.04753743666294806
0.04751833470662429
0.04749925305370942
0.04748019977793103
0.04746118294056231
0.04744221053864302
0.04742329045455235
0.04740443040764229
0.047385637908583925
0.047366920217007745
0.047348284302938484
0.04732973681242896
0.047311284037704356
0.04729293189202519
0.04727468588937935
0.04725655112901816
0.047238532284762325
0.04722063359892253
0.04720285888060902
0.04718521150814523
0.04716769443525116
0.04715031020062677
0.04713306094054178
0.04711594840402124
0.047098973970216236
0.04708213866755026
0.047065443194247485
0.04704888793986599
0.04703247300748418
0.04701619823621736
0.04700006322377038
0.0469840673487668
0.04696820979262653
0.0469524895607982
0.046936905503183704
0.04692145633362383
0.04690614064834219
0.04689095694327247
0.04687590363021751
0.04686097905181073
0.04684618149527078
0.04683150920495553
0.04681696039373793
0.04680253325323608
0.04678822596294181
0.046774036698297855
0.04675996363778192
0.046746004969057904
0.04673215889425895
0.0467184236344677
0.046704797433459976
0.04669127856077705
0.04667786531419046
0.046664556021621596
0.04665134904257492
0.04663824276914183
0.04662523562662819
0.04661232607385472
0.046599512603177226
0.04658679374026834
0.04657416804370087
0.04656163410436633
0.04654919054476254
0.04653683601817722
0.046524569207794034
0.04651238882574305
0.0465002936121149
0.046488282333956174
0.04647635378426018
0.046464506780965496
0.0464527401659722
0.04644105280418511
0.046429443582589235
0.04641791140936442
0.04640645521304177
0.04639507394170544
0.04638376656224123
0.04637253205963262
0.04636136943630555
0.046350277711519616
0.046339255920806594
0.0463283031154534
0.04631741836202875
0.046306600741950484
0.04629584935109258
0.04628516329942802
0.04627454171070606
0.046263983722161235
0.04625348848425097
0.046243055160420196
0.046232682926889396
0.04622237097246518
0.04621211849836891
0.04620192471808402
0.04619178885721733
0.04618171015337367
0.04617168785604186
0.046161721226490385
0.046151809537670785
0.04614195207412772
0.04613214813191395
0.04612239701850978
0.04611269805274468
0.04610305056472151
0.04609345389574143
0.04608390739822884
0.04607441043565669
0.04606496238246965
0.04605556262400704
0.04604621055642279
0.04603690558660391
0.04602764713208584
0.046018434620965526
0.04600926749181101
0.04600014519356871
0.04599106718546657
0.04598203293691505
0.04597304192740412
0.04596409364639738
0.045955187593223486
0.045946323276963755
0.045937500216337246
0.04592871793958339
0.04591997598434103
0.045911273897525785
0.045902611235204345
0.045893987562466994
0.045885402453297634
0.04587685549044218
0.04586834626527513
0.04585987437766434
0.04585143943583451
0.04584304105622965
0.045834678863374036
0.04582635248973245
0.04581806157556972
0.04580980576880948
0.04580158472489252
0.04579339810663505
0.04578524558408632
0.04577712683438684
0.04576904154162607
0.04576098939670089
0.04575297009717372
0.04574498334713221
0.04573702885704829
0.045729106343638824
0.04572121552972645
0.04571335614410179
0.04570552792138611
0.045697730601895505
0.045689963931506
0.04568222766151984
0.045674521548533
0.045666845354304215
0.04565919884562538
0.04565158179419306
0.04564399397648205
0.04563643517362018
0.04562890517126463
0.04562140375947995
0.04561393073261812
0.04560648588919937
0.04559906903179612
0.045591679966917216
0.04558431850489504
0.045576984459773894
0.04556967764920018
0.04556239789431474
0.045555145019646776
0.04554791885300961
0.04554071922539853
0.04553354597089019
0.04552639892654416
0.04551927793230621
0.04551218283091347
0.045505113467801485
0.045498069691013145
0.045491051351109424
0.045484058301082105
0.04547709039626802
0.045470147494265804
0.045463229454853565
0.04545633613990906
0.04544946741333168
0.045442623140965616
0.04543580319052549
0.04542900743152338
0.0454222357351976
0.0454154879744436
0.04540876402374582
0.045402063759112175
0.04539538705800934
0.045388733799300425
0.045382103863183886
0.0453754971311342
0.045368913485843855
0.04536235281116756
0.04535581499206736
0.04534929991455984
0.04534280746566429
0.0453363375333529
0.04532989000650212
0.04532346477484571
0.04531706172892883
0.045310680760064156
0.04530432176028887
0.0452979846223232
0.04529166923953036
0.04528537550587804
0.045279103315900356
0.04527285256466233
0.045266623147724734
0.045260414961110315
0.04525422790127169
0.045248061865059794
0.045241916749694154
0.04523579245273364
0.04522968887204921
0.04522360590579686
0.045217543452392366
0.045211501410486604
0.0452054796789424
0.04519947815681195
0.04519349674331574
0.04518753533782175
0.04518159383982657
0.04517567214893666
0.045169770164850846
0.04516388778734385
0.04515802491625055
0.045152181451451244
0.04514635729285746
0.045140552340398966
0.045134766494011574
0.0451289996536253
0.04512325171915407
0.045117522590485334
0.045111812167471045
0.045106120349919086
0.0451004470375856
0.04509479213016768
0.04508915552729728
0.04508353712853488
0.04507793683336498
0.0450723545411913
0.04506679015133286
0.04506124356302065
0.045055714675395146
0.04505020338750389
0.04504470959830008
0.04503923320664128
0.04503377411128905
0.04502833221090879
0.04502290740407006
0.04501749958924784
0.045012108664823386
0.045006734529086406
0.04500137708023718
0.04499603621638918
0.04499071183557217
0.04498540383573567
0.04498011211475271
0.04497483657042416
0.04496957710048325
0.04496433360260027
0.04495910597438818
0.044953894113407625
0.04494869791717343
0.0449435172831603
0.04493835210880931
0.044933202291534836
0.04492806772873122
0.044922948317780285
0.04491784395605856
0.04491275454094529
0.04490767996982994
0.04490262014012081
0.04489757494925283
0.044892544294696544
0.044887528073966704
0.044882526184631004
0.044877538524319235
0.04487256499073262
0.044867605481652806
0.04486265989495184
0.04485772812860131
0.04485281008068254
0.044847905649396
0.04484301473307166
0.044838137230178814
0.044833273039336256
0.04482842205932255
0.04482358418908648
0.044818759327757085
0.04481394737465432
0.0448091482292996
0.044804361791426245
0.04479958796098992
0.04479482663817945
0.04479007772342737
0.04478534111742051
0.044780616721110854
0.044775904435725995
0.04477120416277973
0.04476651580408324
0.04476183926175524
0.044757174438232634
0.0447525212362816
0.04474787955900759
0.044743249309866305
0.04473863039267406
0.04473402271161826
0.04472942617126805
0.04472484067658425
0.04472026613293015
0.044715702446081404
0.04471114952223652
0.04470660726802677
0.044702075590526434
0.0446975543972625
0.044693043596224724
0.0446885430958756
0.04468405280515962
0.04467957263351322
0.04467510249087428
0.04467064228769133
0.0446661919349331
0.044661751344097333
0.04465732042722038
0.044652899096885634
0.04464848726623276
0.044644084848966176
0.044639691759363706
0.04463530791228498
0.044630933223179965
0.04462656760809681
0.04462221098369013
0.044617863267228844
0.044613524376604013
0.04460919423033626
0.04460487274758338
0.044600559848147654
0.044596255452483045
0.04459195948170204
0.04458767185758261
0.04458339250257503
0.044579121339808084
0.04457485829309569
0.04457060328694304
0.04456635624655256
0.04456211709782987
0.04455788576738941
0.04455366218256009
0.04454944627139033
0.044545237962653646
0.0445410371858534
0.044536843871227555
0.04453265794975375
0.044528479353153134
0.044524308013895134
0.044520143865201554
0.04451598684105006
0.044511836876178594
0.044507693906088414
0.0445035578670477
0.044499428696094696
0.04449530633104067
0.04449119071047308
0.044487081773757695
0.04448297946104149
0.04447888371325475
0.04447479447211313
0.044470711680119686
0.044466635280566554
0.04446256521753652
0.04445850143590419
0.044454443881337555
0.044450392500298634
0.044446347240044363
0.0444423080486273
0.04443827487489607
0.04443424766849555
0.044430226379867085
0.04442621096024819
0.04442220136167244
0.044418197536968955
0.044414199439761756
0.0444102070244691
0.044406220246302135
0.044402239061264205
0.04439826342614924
0.04439429329854019
0.04439032863680762
0.04438636940010759
0.0443824155483798
0.044378467042345444
0.04437452384350478
0.04437058591413451
0.044366653217285376
0.04436272571677913
0.044358803377205484
0.04435488616391941
0.044350974043037165
0.04434706698143326
0.04434316494673685
0.044339267907327826
0.044335375832332914
0.04433148869162177
0.04432760645580251
0.044323729096217804
0.04431985658493984
0.04431598889476614
0.04431212599921463
0.04430826787251879
0.04430441448962258
0.04430056582617526
0.04429672185852636
0.04429288256371983
0.044289047919489
0.04428521790425066
0.04428139249709909
0.04427757167780091
0.04427375542678818
0.044269943725152965
0.04426613655464084
0.0442623338976445
0.044258535737197714
0.04425474205696836
0.04425095284125209
0.04424716807496551
0.04424338774363939
0.044239611833411796
0.044235840331021244
0.04423207322379919
0.04422831049966341
0.044224552147110456
0.04422079815520848
0.04421704851358985
0.044213303212443544
0.044209562242507855
0.04420582559506268
0.044202093261921885
0.04419836523542565
0.044194641508432685
0.044190922074312286
0.0441872069269368
0.04418349606067311
0.044179789470375465
0.044176087151376636
0.044172389099480486
0.04416869531095354
0.044165005782517044
0.044161320511338704
0.044157639495024305
0.044153962731609986
0.04415029021955345
0.04414662195772601
0.04414295794540419
0.044139298182261394
0.044135642668359745
0.04413199140414141
0.04412834439042057
0.04412470162837493
0.04412106311953737
0.044117428865787366
0.04411379886934303
0.044110173132752506
0.04410655165888556
0.044102934450925224
0.04409932151235971
0.044095712846973514
0.04409210845883981
0.04408850835231158
0.044084912532013465
0.04408132100283361
0.04407773376991537
0.044074150838648865
0.044070572214663255
0.044066997903817934
0.04406342791219504
0.044059862246090695
0.04405630091200754
0.04405274391664628
0.044049191266897776
0.04404564296983523
0.04404209903270604
0.04403855946292407
0.04403502426806177
0.04403149345584245
0.04402796703413245
0.04402444501093347
0.04402092739437496
0.04401741419270651
0.04401390541429054
0.04401040106759431
0.0440069011611831
0.04400340570371245
0.04399991470392108
0.04399642817062354
0.043992946112703095
0.04398946853910465
0.043985995458827684
0.04398252688091918
0.04397906281446687
0.04397560326859243
0.04397214825244457
0.0439686977751924
0.043965251846018835
0.04396181047411404
0.043958373668668956
0.04395494143886892
0.0439515137938873
0.043948090742879385
0.04394467229497606
0.04394125845927763
0.043937849244848164
0.04393444466070934
0.04393104471583453
0.04392764941914321
0.04392425877949517
0.04392087280568489
0.04391749150643607
0.04391411489039625
0.043910742966131316
0.04390737574212043
0.043904013226750395
0.04390065542831128
0.04389730235499076
0.043893954014869445
0.043890610415916
0.04388727156598247
0.04388393747279944
0.04388060814397147
0.043877283586972834
0.043873963809142824
0.04387064881768137
0.04386733861964505
0.04386403322194289
0.0438607326313319
0.043857436854413706
0.04385414589763017
0.04385085976725965
0.04384757846941351
0.04384430201003208
0.043841030394881506
0.04383776362955
0.04383450171944438
0.04383124466978702
0.04382799248561253
0.04382474517176442
0.043821502732892294
0.043818265173448834
0.04381503249768651
0.043811804709655504
0.043808581813200353
0.043805363811957466
0.04380215070935265
0.043798942508598615
0.04379573921269241
0.043792540824413306
0.04378934734632025
0.04378615878074996
0.04378297512981492
0.043779796395400736
0.04377662257916506
0.04377345368253502
0.04377028970670577
0.0437671306526388
0.04376397652105999
0.04376082731245844
0.04375768302708452
0.043754543664948915
0.043751409225820985
0.043748279709227504
0.04374515511445151
0.0437420354405311
0.04373892068625835
0.04373581085017851
0.043732705930588735
0.04372960592553741
0.04372651083282336
0.04372342064999503
0.043720335374349786
0.043717255002933345
0.04371417953253929
0.043711108959708464
0.043708043280728526
0.04370498249163376
0.04370192658820454
0.04369887556596733
0.0436958294201942
0.04369278814590292
0.04368975173785687
0.04368672019056495
0.043683693498281495
0.0436806716550067
0.04367765465448646
0.043674642490212745
0.04367163515542362
0.04366863264310401
0.04366563494598551
0.04366264205654713
0.04365965396701577
0.04365667066936636
0.043653692155322776
0.04365071841635855
0.043647749443696975
0.043644785228312354
0.04364182576093032
0.043638871032029014
0.043635921031839504
0.043632975750347
0.0436300351772916
0.043627099302169244
0.043624168114232684
0.043621241602492644
0.04361831975571886
0.04361540256244112
0.04361249001095057
0.04360958208930065
0.043606678785308585
0.043603780086556604
0.04360088598039313
0.04359799645393437
0.04359511149406511
0.04359223108744104
0.04358935522048947
0.04358648387941107
0.04358361705018134
0.043580754718552175
0.04357789687005354
0.04357504348999501
0.04357219456346724
0.04356935007534392
0.04356651001028337
0.043563674352730196
0.04356084308691722
0.04355801619686705
0.043555193666394154
0.04355237547910644
0.043549561618407395
0.043546752067497856
0.04354394680937784
0.04354114582684878
0.04353834910251523
0.04353555661878706
0.04353276835788127
0.04352998430182432
0.043527204432454066
0.04352442873142195
0.04352165718019502
0.04351888976005806
0.04351612645211595
0.04351336723729573
0.04351061209634879
0.0435078610098534
0.04350511395821653
0.04350237092167653
0.04349963188030507
0.04349689681400994
0.04349416570253714
0.043491438525473165
0.04348871526224745
0.04348599589213504
0.04348328039425858
0.04348056874759138
0.04347786093095921
0.043475156923043226
0.043472456702382554
0.04346976024737638
0.04346706753628694
0.043464378547241965
0.043461693258237115
0.043459011647138855
0.04345633369168696
0.04345365936949704
0.04345098865806338
0.04344832153476147
0.043445657976851064
0.04344299796147839
0.04344034146567918
0.043437688466381574
0.043435038940408434
0.043432392864480626
0.04342975021521947
0.043427110969149876
0.0434244751027028
0.04342184259221851
0.04341921341394916
0.043416587544061865
0.043413964958641575
0.043411345633693914
0.04340872954514821
0.043406116668860496
0.04340350698061627
0.04340090045613387
0.043398297071066974
0.043395696801008236
0.043393099621491876
0.04339050550799675
0.04338791443594965
0.04338532638072834
0.04338274131766453
0.04338015922204716
0.043377580069125336
0.04337500383411176
0.043372430492185594
0.04336986001849588
0.04336729238816464
0.04336472757629018
0.043362165557950076
0.04335960630820473
0.04335704980210041
0.04335449601467257
0.043351944920949265
0.04334939649595425
0.04334685071471043
0.043344307552243166
0.043341766983583545
0.04333922898377184
0.04333669352786072
0.04333416059091897
0.04333163014803444
0.04332910217431778
0.043326576644905565
0.04332405353496415
0.04332153281969279
0.043319014474326914
0.043316498474142255
0.04331398479445754
0.043311473410638575
0.043308964298101514
0.043306457432316064
0.04330395278880968
0.04330145034317047
0.04329895007105098
0.043296451948171756
0.04329395595032481
0.043291462053377215
0.04328897023327463
0.043286480466044906
0.04328399272780173
0.043281506994747934
0.04327902324317947
0.043276541449488615
0.043274061590167855
0.04327158364181323
0.04326910758112818
0.0432666333849269
0.04326416103013825
0.04326169049380895
0.043259221753107445
0.043256754785327485
0.04325428956789167
0.043251826078355156
0.04324936429440895
0.04324690419388378
0.043244445754753696
0.04324198895513935
0.043239533773311925
0.043237080187696515
0.04323462817687557
0.043232177719592695
0.0432297287947561
0.04322728138144201
0.0432248354588982
0.04322239100654772
0.04321994800399213
0.04321750643101511
0.043215066267585825
0.04321262749386247
0.043210190090195645
0.04320775403713183
0.04320531931541653
0.04320288590599793
0.04320045379003017
0.043198022948876535
0.043195593364112876
0.04319316501753094
0.04319073789114124
0.04318831196717694
0.04318588722809633
0.043183463656586436
0.04318104123556618
0.043178619948188966
0.043176199777846404
0.043173780708170906
0.04317136272303876
0.04316894580657324
0.04316652994314715
0.043164115117386305
0.04316170131417166
0.04315928851864264
0.043156876716199576
0.043154465892506634
0.043152056033494195
0.04314964712536163
0.04314723915458001
0.043144832107894306
0.04314242597232589
0.04314002073517518
0.04313761638402379
0.04313521290673673
0.04313281029146493
0.04313040852664709
0.043128007601012125
0.043125607503580875
0.04312320822366836
0.043120809750885586
0.0431184120751415
0.04311601518664456
0.04311361907590479
0.04311122373373527
0.043108829151253567
0.043106435319883646
0.04310404223135699
0.043101649877714046
0.04309925825130571
0.04309686734479425
0.04309447715115476
0.04309208766367604
0.04308969887596152
0.0430873107819306
0.043084923375818936
0.0430825366521795
0.04308015060588329
0.04307776523211974
0.04307538052639738
0.04307299648454422
0.043070613102707996
0.04306823037735645
0.04306584830527776
0.04306346688358015
0.043061086109692344
0.04305870598136306
0.04305632649666113
0.04305394765397507
0.043051569452012786
0.04304919188980108
0.04304681496668512
0.043044438682327685
0.04304206303670877
0.043039688030124354
0.04303731366318575
0.04303493993681869
0.04303256685226173
0.04303019441106577
0.043027822615092186
0.043025451466511856
0.043023080967803516
0.04302071112175228
0.04301834193144788
0.043015973400283056
0.043013605531951875
0.043011238330447434
0.043008871800060244
0.04300650594537604
0.04300414077127344
0.043001776282921976
0.04299941248577942
0.04299704938558964
0.04299468698837988
0.042992325300458455
0.042989964328411706
0.042987604079101516
0.0429852445596622
0.04298288577749791
0.04298052774027939
0.042978170455941024
0.042975813932677555
0.042973458178940965
0.04297110320343721
0.04296874901512271
0.04296639562320094
0.04296404303711902
0.04296169126656407
0.042959340321459476
0.04295699021196123
0.04295464094845429
0.04295229254154858
0.042949945002075045
0.04294759834108201
0.04294525256983069
0.04294290769979152
0.04294056374263992
0.042938220710252134
0.042935878614700815
0.042933537468251175
0.04293119728335627
0.04292885807265291
0.04292651984895708
0.04292418262525967
0.04292184641472193
0.042919511230671045
0.04291717708659545
0.04291484399614035
0.04291251197310326
0.04291018103142908
0.04290785118520575
0.04290552244865946
0.04290319483614995
0.042900868362165896
0.042898543041320014
0.0428962188883445
0.042893895918086324
0.042891574145502286
0.0428892535856544
0.0428869342537051
0.042884616164912445
0.04288229933462545
0.042879983778279264
0.042877669511390354
0.04287535654955173
0.04287304490842837
0.042870734603752465
0.04286842565131847
0.042866118066978584
0.04286381186663808
0.04286150706625048
0.042859203681813035
0.042856901729362025
0.042854601224968154
0.042852302184731954
0.04285000462477932
0.04284770856125683
0.042845414010327314
0.04284312098816555
0.04284082951095349
0.04283853959487606
0.04283625125611696
0.04283396451085406
0.042831679375255255
0.042829395865474226
0.042827113997646084
0.04282483378788368
0.0428225552522729
0.042820278406869
0.042818003267692514
0.04281572985072523
0.042813458171906356
0.04281118824712865
0.042808920092234526
0.042806653723012594
0.04280438915519346
0.04280212640444665
0.042799865486376654
0.042797606416519585
0.042795349210339555
0.042793093883225525
0.04279084045048771
0.04278858892735449
0.04278633932896903
0.042784091670386284
0.04278184596656974
0.04277960223238858
0.042777360482614546
0.04277512073191908
0.042772882994870615
0.042770647285931614
0.04276841361945602
0.04276618200968653
0.042763952470751994
0.04276172501666498
0.04275949966131943
0.042757276418488
0.042755055301820014
0.0427528363248391
0.042750619500941174
0.042748404843391874
0.04274619236532524
0.04274398207974103
0.04274177399950339
0.042739568137338424
0.04273736450583298
0.042735163117432695
0.04273296398444018
0.04273076711901367
0.042728572533165574
0.04272638023876053
0.042724190247514754
0.04272200257099414
0.04271981722061308
0.04271763420763356
0.0427154535431636
0.042713275238156594
0.04271109930340983
0.042708925749564086
0.04270675458710219
0.042704585826348514
0.042702419477468105
0.04270025555046584
0.04269809405518606
0.042695935001311525
0.042693778398363226
0.042691624255699834
0.042689472582516985
0.04268732338784721
0.042685176680559406
0.04268303246935868
0.04268089076278573
0.042678751569217376
0.042676614896865694
0.04267448075377841
0.04267234914783852
0.04267022008676453
0.04266809357811048
0.04266596962926592
0.04266384824745618
0.04266172943974234
0.042659613213021884
0.04265749957402846
0.042655388529332504
0.04265328008534155
0.04265117424830055
0.04264907102429237
0.04264697041923822
0.04264487243889813
0.04264277708887154
0.04264068437459784
0.04263859430135696
0.042636506874270196
0.042634422098300526
0.04263233997825367
0.04263026051877858
0.04262818372436844
0.04262610959936116
0.04262403814794047
0.04262196937413671
0.042619903281827444
0.04261783987473881
0.04261577915644612
0.04261372113037496
0.04261166579980209
0.04260961316785649
0.042607563237520296
0.04260551601163007
0.04260347149287741
0.04260142968381053
0.04259939058683522
0.042597354204215614
0.04259532053807592
0.04259328959040091
0.04259126136303761
0.042589235857696375
0.04258721307595181
0.04258519301924434
0.04258317568888113
0.042581161086037475
0.042579149211758115
0.04257714006695823
0.0425751336524251
0.042573129968818915
0.042571129016674494
0.04256913079640218
0.04256713530828953
0.04256514255250235
0.042563152529086046
0.04256116523796707
0.042559180678954145
0.04255719885173947
0.042555219755900486
0.042553243390900726
0.042551269756091296
0.042549298850712534
0.0425473306738948
0.04254536522466033
0.04254340250192429
0.04254144250449622
0.04253948523108152
0.04253753068028241
0.042535578850599685
0.04253362974043381
0.0425316833480865
0.042529739671761824
0.04252779870956767
0.04252586045951704
0.042523924919529416
0.04252199208743215
0.04252006196096169
0.04251813453776489
0.04251620981540048
0.042514287791340234
0.04251236846297032
0.04251045182759275
0.04250853788242642
0.042506626624608544
0.04250471805119601
0.04250281215916655
0.04250090894542
0.0424990084067798
0.042497110539993874
0.042495215341736114
0.04249332280860778
0.04249143293713835
0.04248954572378698
0.04248766116494386
0.04248577925693112
0.04248389999600418
0.04248202337835303
0.04248014940010324
0.042478278057317416
0.042476409345995884
0.04247454326207831
0.04247267980144485
0.04247081895991683
0.04246896073325834
0.042467105117177106
0.04246525210732582
0.04246340169930282
0.042461553888653795
0.04245970867087227
0.04245786604140097
0.04245602599563294
0.04245418852891241
0.042452353636535906
0.04245052131375328
0.0424486915557688
0.042446864357741955
0.04244503971478864
0.042443217621982
0.04244139807435363
0.0424395810668942
0.042437766594554636
0.04243595465224716
0.04243414523484566
0.04243233833718752
0.042430533954073625
0.04242873208026985
0.04242693271050757
0.04242513583948489
0.04242334146186721
0.042421549572288185
0.04241976016535061
0.042417973235627085
0.04241618877766114
0.04241440678596775
0.04241262725503416
0.042410850179320905
0.04240907555326226
0.04240730337126731
0.04240553362772055
0.042403766316982575
0.04240200143339093
0.04240023897126071
0.04239847892488547
0.04239672128853765
0.042394966056469564
0.042393213222913874
0.04239146278208434
0.042389714728176334
0.04238796905536784
0.042386225757819786
0.0423844848296766
0.04238274626506725
0.04238101005810545
0.042379276202890385
0.04237754469350747
0.042375815524028665
0.04237408868851316
0.04237236418100809
0.04237064199554884
0.04236892212615975
0.042367204566854486
0.0423654893116369
0.04236377635450111
0.04236206568943241
0.042360357310407465
0.04235865121139502
0.042356947386356196
0.04235524582924515
0.04235354653400937
0.042351849494590345
0.04235015470492378
0.04234846215894013
0.04234677185056512
0.0423450837737201
0.042343397922322314
0.04234171429028568
0.042340032871520814
0.04233835365993559
0.04233667664943561
0.04233500183392436
0.04233332920730388
0.04233165876347478
0.04232999049633693
0.04232832439978962
0.042326660467731904
0.042324998694062976
0.04232333907268257
0.042321681597491174
0.042320026262390516
0.04231837306128347
0.04231672198807491
0.04231507303667169
0.04231342620098285
0.04231178147492027
0.042310138852398496
0.04230849832733531
0.04230685989365198
0.04230522354527344
0.042303589276128546
0.042301957080150394
0.04230032695127652
0.04229869888344911
0.04229707287061525
0.04229544890672737
0.04229382698574299
0.04229220710162536
0.0422905892483436
0.042288973419872804
0.04228735961019422
0.04228574781329555
0.042284138023171186
0.042282530233822266
0.04228092443925688
0.042279320633490304
0.04227771881054523
0.042276118964451825
0.04227452108924788
0.04227292517897921
0.04227133122769939
0.042269739229470374
0.042268149178362434
0.042266561068454105
0.042264974893832706
0.04226339064859424
0.04226180832684361
0.04226022792269474
0.04225864943027068
0.04225707284370384
0.042255498157135814
0.042253925364717865
0.04225235446061098
0.042250785438985645
0.042249218294022256
0.04224765301991131
0.04224608961085329
0.042244528061058675
0.042242968364748494
0.04224141051615371
0.042239854509516075
0.042238300339087764
0.04223674799913151
0.042235197483920794
0.04223364878773972
0.04223210190488344
0.04223055682965792
0.042229013556380084
0.042227472079377985
0.04222593239299081
0.04222439449156886
0.042222858369473704
0.042221324021078366
0.04221979144076709
0.042218260622935565
0.042216731561990975
0.04221520425235204
0.04221367868844918
0.042212154864724225
0.042210632775630856
0.042209112415634416
0.04220759377921196
0.0422060768608524
0.04220456165505649
0.04220304815633682
0.04220153635921798
0.042200026258236364
0.04219851784794042
0.04219701112289065
0.04219550607765947
0.042194002706831504
0.04219250100500326
0.04219100096678348
0.04218950258679314
0.04218800585966511
0.04218651078004463
0.042185017342589094
0.04218352554196802
0.042182035372863226
0.04218054682996867
0.0421790599079908
0.04217757460164797
0.04217609090567109
0.04217460881480316
0.04217312832379957
0.04217164942742807
0.04217017212046858
0.04216869639771335
0.04216722225396703
0.042165749684046426
0.04216427868278088
0.042162809245011874
0.04216134136559331
0.0421598750393913
0.04215841026128443
0.04215694702616345
0.04215548532893148
0.042154025164504096
0.042152566527808855
0.042151109413785956
0.04214965381738772
0.04214819973357871
0.042146747157335934
0.04214529608364855
0.042143846507517874
0.04214239842395784
0.04214095182799428
0.04213950671466537
0.04213806307902159
0.04213662091612554
0.04213518022105205
0.042133740988888224
0.04213230321473305
0.04213086689369806
0.042129432020906715
0.0421279985914946
0.04212656660060955
0.04212513604341136
0.04212370691507204
0.04212227921077555
0.042120852925718044
0.04211942805510744
0.04211800459416408
0.042116582538119986
0.042115161882219206
0.04211374262171789
0.042112324751884096
0.04211090826799767
0.04210949316535057
0.04210807943924646
0.04210666708500094
0.042105256097941475
0.042103846473407404
0.042102438206749755
0.04210103129333139
0.042099625728526935
0.04209822150772283
0.042096818626317076
0.04209541707971952
0.04209401686335157
0.04209261797264642
0.0420912204030487
0.0420898241500149
0.04208842920901286
0.04208703557552211
0.042085643245033645
0.0420842522130501
0.042082862475085435
0.042081474026665226
0.04208008686332634
0.04207870098061726
0.04207731637409765
0.042075933039338674
0.042074550971922905
0.04207317016744404
0.04207179062150721
0.04207041232972882
0.042069035287736506
0.042067659491169085
0.04206628493567664
0.0420649116169204
0.042063539530572805
0.04206216867231723
0.04206079903784839
0.04205943062287194
0.04205806342310462
0.042056697434274155
0.04205533265211933
0.04205396907238983
0.04205260669084648
0.04205124550326076
0.042049885505415226
0.042048526693103244
0.042047169062129054
0.04204581260830777
0.04204445732746523
0.042043103215438
0.04204175026807353
0.042040398481229896
0.0420390478507759
0.04203769837259102
0.04203635004256548
0.04203500285659988
0.04203365681060561
0.042032311900504674
0.04203096812222949
0.04202962547172301
0.04202828394493873
0.04202694353784074
0.04202560424640329
0.04202426606661128
0.04202292899445994
0.042021593025954894
0.04202025815711208
0.04201892438395783
0.04201759170252866
0.04201626010887145
0.04201492959904331
0.042013600169111646
0.04201227181515384
0.04201094453325768
0.042009618319521075
0.04200829317005202
0.0420069690809685
0.04200564604839883
0.04200432406848118
0.042003003137363756
0.042001683251205034
0.04200036440617312
0.04199904659844625
0.04199772982421264
0.041996414079670294
0.0419950993610272
0.04199378566450122
0.04199247298632
0.04199116132272102
0.041989850669951624
0.041988541024268765
0.0419872323819393
0.041985924739239816
0.04198461809245654
0.04198331243788539
0.04198200777183188
0.041980704090611214
0.04197940139054835
0.041978099667977636
0.04197679891924304
0.041975499140697994
0.041974200328705746
0.041972902479638655
0.0419716055898789
0.04197030965581787
0.04196901467385645
0.04196772064040512
0.041966427551883394
0.041965135404720515
0.04196384419535486
0.04196255392023411
0.041961264575815414
0.041959976158565095
0.041958688664958714
0.04195740209148115
0.041956116434626406
0.04195483169089774
0.04195354785680757
0.041952264928877624
0.04195098290363837
0.04194970177762975
0.04194842154740068
0.0419471422095091
0.04194586376052216
0.04194458619701585
0.04194330951557517
0.04194203371279429
0.041940758785276186
0.041939484729632936
0.04193821154248532
0.04193693922046324
0.04193566776020539
0.04193439715835933
0.04193312741158149
0.041931858516537135
0.04193059046990043
0.041929323268354024
0.04192805690858965
0.04192679138730773
0.04192552670121744
0.04192426284703647
0.041922999821491405
0.04192173762131743
0.04192047624325838
0.041919215684066806
0.041917955940503814
0.04191669700933908
0.04191543888735098
0.041914181571326266
0.04191292505806049
0.04191166934435746
0.0419104144270297
0.04190916030289809
0.041907906968792125
0.041906654421549616
0.04190540265801682
0.04190415167504857
0.041902901469507946
0.04190165203826642
0.04190040337820394
0.041899155486208685
0.04189790835917722
0.041896661994014456
0.04189541638763349
0.04189417153695593
0.04189292743891138
0.04189168409043778
0.04189044148848142
0.041889199629996675
0.04188795851194612
0.04188671813130054
0.041885478485038936
0.04188423957014843
0.04188300138362421
0.04188176392246964
0.04188052718369608
0.041879291164323186
0.04187805586137845
0.04187682127189763
0.04187558739292432
0.04187435422151021
0.04187312175471503
0.04187188998960654
0.041870658923260376
0.041869428552760005
0.04186819887519721
0.04186696988767141
0.0418657415872899
0.04186451397116809
0.041863287036429206
0.04186206078020423
0.041860835199631984
0.041859610291859355
0.04185838605404079
0.041857162483338727
0.04185593957692333
0.0418547173319725
0.04185349574567195
0.041852274815215126
0.04185105453780329
0.04184983491064524
0.04184861593095769
0.04184739759596499
0.041846179902899065
0.041844962848999544
0.041843746431513944
0.04184253064769694
0.04184131549481141
0.04184010097012728
0.04183888707092254
0.04183767379448252
0.04183646113810017
0.041835249099076044
0.04183403767471815
0.04183282686234214
0.04183161665927107
0.041830407062835626
0.04182919807037395
0.04182798967923162
0.041826781886761775
0.041825574690324885
0.041824368087288975
0.04182316207502944
0.04182195665092915
0.04182075181237839
0.0418195475567747
0.041818343881523244
0.04181714078403635
0.04181593826173384
0.04181473631204282
0.0418135349323978
0.0418123341202405
0.04181113387302009
0.04180993418819297
0.04180873506322283
0.04180753649558069
0.04180633848274481
0.04180514102220072
0.04180394411144118
0.04180274774796622
0.04180155192928307
0.04180035665290619
0.04179916191635728
0.04179796771716527
0.041796774052866005
0.0417955809210029
0.041794388319126276
0.0417931962447937
0.041792004695569915
0.04179081366902665
0.04178962316274302
0.041788433174304904
0.041787243701305606
0.041786054741345426
0.04178486629203166
0.041783678350978785
0.04178249091580835
0.04178130398414891
0.04178011755363606
0.04177893162191245
0.041777746186627836
0.04177656124543888
0.04177537679600942
0.04177419283601003
0.04177300936311859
0.041771826375019784
0.04177064386940528
0.04176946184397379
0.04176828029643091
0.041767099224489346
0.04176591862586854
0.04176473849829495
0.0417635588395021
0.04176237964723022
0.04176120091922668
0.041760022653245445
0.04175884484704777
0.04175766749840144
0.04175649060508139
0.04175531416486925
0.04175413817555368
0.041752962634930155
0.04175178754080076
0.041750612890974856
0.04174943868326831
0.041748264915503985
0.04174709158551156
0.04174591869112744
0.04174474623019496
0.04174357420056415
0.041742402600091995
0.04174123142664204
0.041740060678084945
0.04173889035229781
0.041737720447164735
0.04173655096057651
0.04173538189043073
0.041734213234631695
0.04173304499109046
0.04173187715772488
0.04173070973245959
0.041729542713225744
0.04172837609796152
0.04172720988461159
0.04172604407112743
0.04172487865546729
0.04172371363559601
0.04172254900948522
0.04172138477511322
0.04172022093046508
0.04171905747353241
0.04171789440231356
0.041716731714813694
0.04171556940904443
0.04171440748302421
0.04171324593477812
0.041712084762337856
0.041710923963741854
0.041709763537035184
0.041708603480269384
0.04170744379150298
0.04170628446880081
0.041705125510234614
0.0417039669138826
0.04170280867782959
0.041701650800167155
0.04170049327899348
0.0416993361124132
0.04169817929853786
0.04169702283548532
0.04169586672138024
0.04169471095435384
0.04169355553254384
0.04169240045409476
0.041691245717157585
0.041690091319889926
0.04168893726045595
0.04168778353702648
0.04168663014777895
0.04168547709089728
0.04168432436457201
0.041683171967000276
0.0416820198963859
0.041680868150939014
0.04167971672887655
0.04167856562842193
0.04167741484780522
0.04167626438526297
0.041675114239038295
0.04167396440738093
0.04167281488854712
0.04167166568079972
0.04167051678240814
0.041669368191648314
0.04166821990680271
0.041667071926160544
0.04166592424801732
0.041664776870675164
0.04166362979244295
0.04166248301163585
0.041661336526575735
0.04166019033559104
0.041659044437016644
0.04165789882919401
0.04165675351047117
0.04165560847920275
0.041654463733749855
0.04165331927248013
0.04165217509376782
0.041651031195993636
0.04164988757754496
0.041648744236815596
0.041647601172205874
0.04164645838212291
0.04164531586498003
0.041644173619197325
0.041643031643201295
0.04164188993542525
0.041640748494308696
0.041639607318297876
0.041638466405845544
0.04163732575541098
0.04163618536546005
0.04163504523446522
0.041633905360905346
0.04163276574326598
0.041631626380039165
0.0416304872697234
0.041629348410823955
0.041628209801852424
0.04162707144132711
0.041625933327772785
0.04162479545972082
0.0416236578357092
0.04162252045428228
0.04162138331399106
0.04162024641339326
0.041619109751052964
0.04161797332554079
0.041616837135434126
0.04161570117931682
0.041614565455779184
0.041613429963418255
0.04161229470083751
0.041611159666647114
0.04161002485946375
0.04160889027791069
0.04160775592061767
0.041606621786221216
0.04160548787336423
0.04160435418069633
0.04160322070687365
0.04160208745055899
0.04160095441042163
0.04159982158513745
0.04159868897338903
0.0415975565738655
0.04159642438526252
0.04159529240628229
0.04159416063563389
0.04159302907203269
0.04159189771420093
0.041590766560867194
0.04158963561076691
0.04158850486264192
0.041587374315240865
0.041586243967318894
0.04158511381763783
0.04158398386496601
0.04158285410807854
0.04158172454575707
0.04158059517678994
0.041579465999972004
0.04157833701410493
0.04157720821799688
0.04157607961046271
0.041574951190323894
0.04157382295640861
0.041572694907551666
0.04157156704259445
0.04157043936038515
0.04156931185977848
0.04156818453963583
0.04156705739882539
0.041565930436221844
0.04156480365070668
0.04156367704116792
0.04156255060650041
0.041561424345605655
0.0415602982573917
0.04155917234077346
0.0415580465946724
0.04155692101801681
0.04155579560974156
0.04155467036878829
0.04155354529410527
0.04155242038464754
0.04155129563937688
0.04155017105726167
0.04154904663727714
0.04154792237840518
0.04154679827963424
0.041545674339959815
0.0415445505583839
0.041543426933915266
0.04154230346556949
0.04154118015236878
0.04154005699334217
0.041538933987525485
0.04153781113396111
0.04153668843169834
0.04153556587979327
0.04153444347730857
0.04153332122331379
0.04153219911688532
0.041531077157106154
0.04152995534306611
0.04152883367386185
0.04152771214859679
0.04152659076638107
0.04152546952633157
0.041524348427572376
0.041523227469233724
0.041522106650453076
0.04152098597037456
0.041519865428149186
0.041518745022934636
0.04151762475389552
0.04151650462020321
0.04151538462103597
0.04151426475557873
0.04151314502302343
0.04151202542256871
0.04151090595342004
0.041509786614789775
0.041508667405897086
0.041507548325968036
0.041506429374235446
0.04150531054993906
0.041504191852325394
0.04150307328064789
0.04150195483416676
0.04150083651214922
0.041499718313869276
0.041498600238607686
0.04149748228565221
0.04149636445429752
0.041495246743845075
0.04149412915360318
0.04149301168288708
0.041491894331019005
0.041490777097327874
0.04148965998114967
0.0414885429818271
0.04148742609870997
0.041486309331154804
0.04148519267852511
0.041484076140191416
0.041482959715530975
0.041481843403928007
0.04148072720477372
0.04147961111746617
0.04147849514141032
0.04147737927601817
0.04147626352070851
0.04147514787490712
0.04147403233804684
0.041472916909567184
0.04147180158891478
0.04147068637554322
0.04146957126891288
0.04146845626849136
0.041467341373752895
0.04146622658417879
0.04146511189925749
0.041463997318484165
0.04146288284136099
0.041461768467397166
0.041460654196108886
0.041459540027019154
0.041458425959658145
0.041457311993562916
0.04145619812827735
0.04145508436335263
0.04145397069834666
0.04145285713282447
0.041451743666357926
0.04145063029852603
0.04144951702891479
0.04144840385711709
0.041447290782732765
0.0414461778053689
0.041445064924639244
0.0414439521401649
0.041442839451573676
0.04144172685850064
0.041440614360587595
0.04143950195748354
0.04143838964884449
0.04143727743433344
0.04143616531362027
0.041435053286382105
0.041433941352303036
0.04143282951107399
0.04143171776239313
0.04143060610596553
0.04142949454150346
0.0414283830687259
0.04142727168735918
0.04142616039713651
0.041425049197798144
0.041423938089091394
0.04142282707077064
0.041421716142597244
0.041420605304339636
0.04141949455577335
0.04141838389668081
0.04141727332685166
0.04141616284608249
0.04141505245417696
0.04141394215094583
0.041412831936206755
0.04141172180978471
0.041410611771511535
0.04140950182122603
0.04140839195877441
0.041407282184009554
0.04140617249679173
0.04140506289698805
0.04140395338447275
0.041402843959127106
0.04140173462083956
0.041400625369505624
0.04139951620502767
0.0413984071273154
0.041397298136285385
0.04139618923186137
0.04139508041397426
0.0413939716825618
0.04139286303756903
0.04139175447894798
0.04139064600665775
0.0413895376206645
0.041388429320941535
0.04138732110746928
0.04138621298023504
0.04138510493923341
0.04138399698446596
0.04138288911594137
0.0413817813336755
0.04138067363769116
0.041379566028018254
0.041378458504693905
0.041377351067762205
0.04137624371727438
0.04137513645328874
0.04137402927587071
0.04137292218509275
0.04137181518103448
0.041370708263782606
0.041369601433430866
0.04136849469008019
0.04136738803383855
0.04136628146482102
0.04136517498314975
0.04136406858895403
0.041362962282370304
0.04136185606354191
0.04136074993261956
0.04135964388976089
0.041358537935130696
0.041357432068900864
0.0413563262912504
0.041355220602365385
0.04135411500243901
0.04135300949167166
0.04135190407027072
0.04135079873845075
0.041349693496433464
0.041348588344447414
0.04134748328272863
0.041346378311520035
0.041345273431071715
0.041344168641640894
0.041343063943491895
0.04134195933689607
0.04134085482213213
0.04133975039948558
0.04133864606924926
0.041337541831723015
0.04133643768721398
0.04133533363603616
0.04133422967851088
0.04133312581496651
0.041332022045738534
0.04133091837116961
0.0413298147916094
0.04132871130741479
0.04132760791894986
0.04132650462658559
0.04132540143070031
0.04132429833167937
0.04132319532991523
0.04132209242580752
0.04132098961976298
0.041319886912195576
0.04131878430352623
0.04131768179418307
0.04131657938460152
0.041315477075223796
0.04131437486649959
0.041313272758885466
0.041312170752845344
0.041311068848850115
0.041309967047377924
0.0413088653489139
0.041307763753950524
0.04130666226298717
0.04130556087653065
0.04130445959509471
0.04130335841920021
0.04130225734937527
0.0413011563861552
0.04130005553008226
0.04129895478170607
0.041297854141583164
0.041296753610277515
0.041295653188360086
0.04129455287640891
0.04129345267500931
0.04129235258475373
0.041291252606241724
0.04129015274008001
0.04128905298688258
0.04128795334727047
0.04128685382187186
0.04128575441132217
0.04128465511626394
0.04128355593734674
0.04128245687522766
0.04128135793057057
0.041280259104046764
0.04127916039633464
0.04127806180811958
0.04127696334009445
0.041275864992959016
0.04127476676742048
0.04127366866419292
0.04127257068399782
0.041271472827563736
0.0412703750956264
0.041269277488928745
0.04126818000822095
0.04126708265426028
0.041265985427811146
0.0412648883296453
0.04126379136054153
0.04126269452128592
0.04126159781267156
0.041260501235499084
0.041259404790575854
0.04125830847871679
0.04125721230074377
0.041256116257486077
0.04125502034977998
0.04125392457846914
0.041252828944404234
0.041251733448443156
0.04125063809145113
0.04124954287430055
0.04124844779787085
0.04124735286304879
0.041246258070728424
0.041245163421810824
0.04124406891720437
0.04124297455782457
0.041241880344594216
0.041240786278443305
0.041239692360308985
0.04123859859113566
0.0412375049718749
0.04123641150348546
0.04123531818693343
0.041234225023192024
0.04123313201324161
0.041232039158069875
0.04123094645867165
0.04122985391604894
0.04122876153121115
0.041227669305174665
0.04122657723896317
0.041225485333607655
0.04122439359014621
0.0412233020096241
0.04122221059309392
0.04122111934161549
0.04122002825625565
0.04121893733808873
0.04121784658819597
0.04121675600766601
0.041215665597594695
0.041214575359085036
0.041213485293247205
0.041212395401198684
0.041211305684064156
0.041210216142975396
0.04120912677907149
0.041208037593498566
0.041206948587410294
0.04120585976196713
0.041204771118337
0.041203682657695036
0.04120259438122331
0.04120150629011143
0.041200418385555854
0.041199330668760525
0.04119824314093639
0.04119715580330156
0.041196068657081586
0.041194981703508854
0.041193894943823084
0.04119280837927119
0.041191722011107344
0.0411906358405926
0.041189549868995416
0.041188464097591346
0.041187378527663084
0.04118629316050046
0.04118520799740042
0.04118412303966718
0.04118303828861202
0.041181953745553286
0.04118086941181653
0.04117978528873436
0.04117870137764667
0.04117761767990023
0.04117653419684898
0.041175450929854245
0.04117436788028393
0.04117328504951342
0.04117220243892503
0.04117112004990819
0.0411700378838594
0.04116895594218216
0.041167874226287086
0.0411667927375918
0.041165711477521016
0.041164630447506366
0.04116354964898657
0.04116246908340738
0.04116138875222151
0.041160308656888626
0.041159228798875486
0.04115814917965571
0.04115706980070988
0.04115599066352567
0.041154911769597534
0.041153833120426905
0.04115275471752212
0.0411516765623985
0.04115059865657818
0.04114952100159017
0.04114844359897035
0.04114736645026148
0.041146289557013216
0.04114521292078193
0.04114413654313086
0.04114306042563004
0.04114198456985628
0.041140908977393184
0.04113983364983114
0.041138758588767164
0.04113768379580511
0.04113660927255545
0.041135535020635376
0.04113446104166877
0.04113338733728621
0.04113231390912481
0.041131240758828305
0.041130167888047124
0.041129095298438265
0.04112802299166515
0.041126950969397905
0.04112587923331305
0.04112480778509373
0.041123736626429465
0.041122665759016276
0.041121595184556534
0.041120524904759176
0.04111945492133951
0.041118385236018996
0.04111731585052571
0.04111624676659388
0.04111517798596398
0.041114109510382954
0.04111304134160385
0.041111973481385955
0.04111090593149473
0.04110983869370181
0.041108771769784974
0.04110770516152813
0.04110663887072122
0.041105572899160225
0.04110450724864724
0.04110344192099023
0.041102376918003225
0.04110131224150605
0.04110024789332459
0.04109918387529046
0.0410981201892413
0.04109705683702018
0.04109599382047642
0.04109493114146466
0.041093868801845526
0.041092806803485094
0.04109174514825519
0.04109068383803329
0.0410896228747022
0.04108856226015047
0.041087501996272084
0.041086442084966306
0.04108538252813807
0.04108432332769742
0.041083264485559955
0.0410822060036464
0.0410811478838827
0.04108009012820021
0.04107903273853522
0.04107797571682924
0.0410769190650288
0.04107586278508567
0.04107480687895629
0.041073751348602236
0.04107269619598999
0.04107164142309076
0.041070587031880726
0.04106953302434069
0.04106847940245628
0.04106742616821761
0.04106637332361964
0.0410653208706617
0.04106426881134773
0.04106321714768619
0.04106216588168971
0.04106111501537567
0.04106006455076542
0.041059014489884714
0.04105796483476353
0.041056915587435926
0.04105586674994009
0.041054818324318246
0.04105377031261665
0.04105272271688544
0.0410516755391786
0.04105062878155403
0.04104958244607328
0.04104853653480165
0.041047491049808205
0.041046445993165336
0.04104540136694904
0.04104435717323892
0.04104331341411799
0.041042270091672335
0.04104122720799161
0.04104018476516848
0.041039142765298804
0.04103810121048172
0.04103706010281908
0.041036019444416004
0.0410349792373802
0.0410339394838225
0.04103290018585623
0.04103186134559762
0.041030822965165435
0.041029785046680936
0.04102874759226802
0.04102771060405296
0.041026674084164244
0.04102563803473275
0.0410246024578916
0.04102356735577609
0.041022532730523455
0.04102149858427292
0.04102046491916575
0.04101943173734503
0.04101839904095555
0.04101736683214386
0.04101633511305819
0.041015303885848155
0.04101427315266499
0.0410132429156613
0.041012213176991
0.04101118393880933
0.04101015520327249
0.04100912697253808
0.04100809924876442
0.04100707203411102
0.04100604533073802
0.041005019140806495
0.04100399346647818
0.04100296830991539
0.04100194367328094
0.041000919558738275
0.040999895968451106
0.04099887290458338
0.040997850369299316
0.04099682836476334
0.04099580689313975
0.040994785956593005
0.04099376555728719
0.04099274569738646
0.04099172637905453
0.04099070760445477
0.04098968937575013
0.04098867169510297
0.040987654564675
0.04098663798662722
0.04098562196311995
0.04098460649631242
0.04098359158836318
0.04098257724142941
0.04098156345766733
0.04098055023923181
0.04097953758827654
0.04097852550695364
0.04097751399741388
0.04097650306180638
0.04097549270227862
0.040974482920976246
0.04097347372004303
0.04097246510162096
0.04097145706784997
0.040970449620867655
0.04096944276280959
0.04096843649580914
0.04096743082199709
0.040966425743501796
0.040965421262449155
0.040964417380962244
0.04096341410116156
0.04096241142516461
0.040961409355086166
0.040960407893037745
0.04095940704112794
0.040958406801462045
0.04095740717614224
0.04095640816726705
0.04095540977693166
0.04095441200722783
0.04095341486024349
0.04095241833806291
0.04095142244276651
0.04095042717643074
0.04094943254112819
0.04094843853892718
0.04094744517189188
0.040946452442082226
0.0409454603515538
0.04094446890235773
0.040943478096540364
0.04094248793614377
0.04094149842320501
0.04094050955975644
0.04093952134782552
0.040938533789434635
0.04093754688660114
0.04093656064133715
0.04093557505564961
0.04093459013153997
0.040933605871004454
0.040932622276033497
0.040931639348612096
0.04093065709071958
0.040929675504329285
0.04092869459140879
0.04092771435391972
0.040926734793817594
0.040925755913051705
0.04092477771356541
0.04092380019729549
0.0409228233661724
0.04092184722212011
0.040920871767055916
0.04091989700289071
0.040918922931528524
0.04091794955486654
0.04091697687479495
0.040916004893197126
0.04091503361194931
0.04091406303292049
0.04091309315797275
0.040912123988960374
0.04091115552773058
0.04091018777612306
0.04090922073596993
0.04090825440909549
0.040907288797316727
0.04090632390244244
0.04090535972627378
0.040904396270603785
0.04090343353721774
0.04090247152789241
0.040901510244396797
0.040900549688491335
0.040899589861928355
0.04089863076645163
0.04089767240379647
0.040896714775689756
0.04089575788384952
0.040894801729985324
0.040893846315797754
0.04089289164297875
0.04089193771321116
0.040890984528168965
0.040890032089517074
0.040889080398911246
0.040888129457998024
0.04088717926841475
0.04088622983178935
0.04088528114974065
0.04088433322387754
0.040883386055799775
0.04088243964709727
0.04088149399935053
0.040880549114130145
0.04087960499299707
0.04087866163750233
0.040877719049187106
0.0408767772295825
0.04087583618020978
0.04087489590257998
0.04087395639819417
0.0408730176685429
0.04087207971510699
0.04087114253935643
0.040870206142751074
0.040869270526740505
0.04086833569276353
0.040867401642248655
0.0408664683766137
0.040865535897265985
0.04086460420560199
0.04086367330300757
0.040862743190857836
0.04086181387051691
0.040860885343338205
0.04085995761066415
0.04085903067382626
0.04085810453414493
0.04085717919292957
0.04085625465147848
0.04085533091107884
0.04085440797300663
0.04085348583852657
0.0408525645088922
0.040851643985345645
0.04085072426911771
0.04084980536142794
0.04084888726348426
0.040847969976483364
0.040847053501610206
0.040846137840038425
0.04084522299292995
0.0408443089614352
0.04084339574669301
0.040842483349830414
0.04084157177196285
0.040840661014194035
0.04083975107761602
0.040838841963308906
0.040837933672340995
0.04083702620576902
0.040836119564637556
0.04083521374997955
0.04083430876281575
0.0408334046041553
0.04083250127499524
0.040831598776320546
0.04083069710910438
0.040829796274307835
0.04082889627287987
0.040827997105757574
0.040827098773865846
0.040826201278117626
0.04082530461941351
0.040824408798642346
0.040823513816680486
0.04082261967439246
0.04082172637263045
0.04082083391223455
0.040819942294032636
0.0408190515188405
0.04081816158746163
0.0408172725006874
0.040816384259296956
0.04081549686405721
0.040814610315722824
0.040813724615036344
0.040812839762727975
0.0408119557595158
0.04081107260610559
0.040810190303190934
0.04080930885145316
0.040808428251561314
0.04080754850417232
0.040806669609930735
0.04080579156946904
0.040804914383407415
0.04080403805235374
0.040803162576903786
0.04080228795764107
0.04080141419513697
0.04080054128995055
0.04079966924262871
0.04079879805370626
0.040797927723705746
0.040797058253137584
0.04079618964249994
0.040795321892279045
0.04079445500294888
0.04079358897497128
0.04079272380879595
0.04079185950486064
0.040790996063590976
0.04079013348540048
0.040789271770690666
0.040788410919851005
0.040787550933259
0.040786691811280126
0.040785833554267896
0.04078497616256388
0.04078411963649783
0.04078326397638737
0.040782409182538476
0.0407815552552451
0.040780702194789374
0.04077985000144168
0.0407789986754606
0.04077814821709296
0.040777298626573685
0.040776449904126336
0.04077560204996239
0.04077475506428201
0.04077390894727345
0.040773063699113585
0.04077221931996761
0.04077137580998921
0.04077053316932049
0.040769691398092216
0.040768850496423606
0.04076801046442253
0.04076717130218533
0.04076633300979719
0.04076549558733192
0.04076465903485202
0.04076382335240878
0.0407629885400422
0.04076215459778125
0.04076132152564362
0.04076048932363604
0.04075965799175412
0.040758827529982306
0.04075799793829449
0.040757169216653046
0.040756341365009816
0.04075551438330572
0.04075468827147081
0.04075386302942445
0.04075303865707508
0.04075221515432058
0.04075139252104822
0.04075057075713457
0.04074974986244553
0.040748929836836714
0.04074811068015306
0.04074729239222912
0.040746474972889225
0.04074565842194706
0.04074484273920615
0.04074402792445984
0.04074321397749119
0.04074240089807308
0.04074158868596825
0.040740777340929554
0.04073996686269957
0.04073915725101101
0.04073834850558691
0.04073754062613992
0.04073673361237331
0.04073592746398041
0.0407351221806447
0.04073431776204024
0.040733514207831285
0.04073271151767262
0.04073190969120941
0.04073110872807738
0.04073030862790287
Eitim Tamamland
3 numaral adaki hata: %5,086
