1.0
0.11232245031850469
0.10961265776197332
0.10882746390112134
0.10775541205121271
0.10617317452675407
0.10386197770579715
0.10072020054558695
0.09693322529916175
0.09299860486120892
0.08946047401128156
0.08660649302754403
0.08443393644690168
0.08279918303407915
0.08154431594234267
0.08054612317890114
0.07972043834748278
0.07901283401635725
0.07838868512232078
0.07782583890967155
0.07730983986728061
0.07683097880324502
0.07638250854507728
0.07595957032093886
0.07555854346948893
0.07517664524805423
0.07481167862830843
0.07446186853665437
0.07412575192628536
0.0738021014929734
0.07348987114095769
0.07318815606276473
0.072896163028082
0.07261318805373837
0.07233859955010988
0.07207182559516409
0.07181234433814514
0.07155967677111073
0.07131338127730952
0.071073049496523
0.07083830315200645
0.07060879156804287
0.07038418967487615
0.07016419635125648
0.06994853299608342
0.06973694225173223
0.06952918682464693
0.06932504836563108
0.06912432638463904
0.06892683718413767
0.06873241280225348
0.06854089996260003
0.06835215903225324
0.06816606299297794
0.067982496433531
0.06780135457265825
0.06762254232324588
0.0674459734079966
0.0672715695360583
0.0670992596483702
0.06692897923730338
0.06676066974367507
0.06659427803164158
0.06642975593954172
0.06626705990264282
0.06610615064207102
0.06594699291303964
0.0657895553048383
0.0656338100848541
0.06547973307906584
0.06532730358187899
0.06517650428870857
0.065027321245263
0.06487974380793067
0.06473376460995511
0.0645893795281671
0.06444658764492797
0.0643053911996527
0.06416579552388615
0.06402780895348519
0.06389144271109967
0.06375671075196017
0.06362362956605984
0.06349221793026848
0.06336249660480683
0.06323448796989888
0.06310821560033221
0.06298370377807505
0.06286097694597415
0.06274005910878937
0.0626209731912762
0.06250374036653181
0.062388379371179276
0.062274905826963815
0.06216333159075352
0.062053664156578335
0.06194590613399589
0.06184005482659946
0.06173610193273757
0.061634033387431925
0.06153382936003251
0.06143546441639551
0.06133890784747213
0.06124412415842069
0.06115107370411497
0.061059713448747575
0.06096999781975658
0.0608818796202213
0.06079531095982209
0.06071024416296155
0.060626632613996805
0.060544431503734224
0.06046359844808828
0.06038409395849224
0.060305881753464415
0.06022892891074628
0.06015320586874879
0.0600786862939048
0.060005346836389084
0.05993316680027322
0.05986212775551617
0.0597922131184846
0.05972340772533484
0.05965569741903727
0.05958906866659188
0.05952350821850308
0.059459002818248834
0.059395538965554516
0.05933310273395724
0.059271679640497205
0.05921125456342078
0.05915181170247545
0.05909333457564251
0.05903580604589332
0.05897920837166139
0.058923523275100566
0.05886873202275512
0.0588148155139296
0.0587617543727525
0.05870952904063025
0.0586581198664602
0.05860750719258118
0.05855767143498705
0.05850859315679778
0.05846025313437586
0.05841263241580308
0.05836571237168595
0.05831947473846203
0.0582739016545238
0.058228975689584024
0.05818467986777537
0.058140997685016335
0.058097913121192724
0.05805541064770385
0.05801347523090666
0.057972092331968594
0.05793124790360888
0.05789092838417288
0.05785112068944929
0.057811812202600225
0.057772990762539445
0.05773464465105769
0.05769676257895944
0.05765933367144664
0.05762234745295181
0.057585793831600444
0.05754966308345476
0.057513945836671986
0.05747863305568878
0.05744371602552687
0.05740918633629947
0.05737503586798454
0.05734125677551844
0.0573078414742532
0.057274782625812586
0.05724207312437226
0.05720970608338406
0.057177674822757166
0.05714597285650524
0.05711459388086281
0.057083531762871335
0.05705278052943135
0.05702233435681543
0.05699218756063334
0.05696233458623986
0.05693276999957282
0.056903488478409266
0.05687448480402536
0.05684575385324422
0.05681729059085906
0.056789090062411514
0.056761147387313
0.056733457752289024
0.05670601640513271
0.05667881864874915
0.056651859835474605
0.05662513536165435
0.05659864066246279
0.05657237120695002
0.0565463224932996
0.05652049004428179
0.05649486940288836
0.0564694561281336
0.056444245791009165
0.05641923397057761
0.05639441625019402
0.05636978821384123
0.05634534544256898
0.056321083511024786
0.056296997984066184
0.05627308441344513
0.05624933833455478
0.05622575526323041
0.056202330692596704
0.05617906008995437
0.056155938893699305
0.05613296251026941
0.05611012631111368
0.05608742562967978
0.056064855758416805
0.05604241194579161
0.05602008939331637
0.055997883252587956
0.05597578862233893
0.055953800545502835
0.05593191400629597
0.05591012392731959
0.05588842516668847
0.05586681251519148
0.05584528069349313
0.05582382434938425
0.05580243805509416
0.055781116304674735
0.05575985351147241
0.055738644005703046
0.05571748203214654
0.055696361747982016
0.055675277220783005
0.055654222426698007
0.0556331912488394
0.05561217747590871
0.05559117480108823
0.055570176821228064
0.05554917703636355
0.05552816884959618
0.05550714556737633
0.05548610040022402
0.05546502646392908
0.05544391678127077
0.05542276428429819
0.05540156181721519
0.05538030213991039
0.05535897793217722
0.05533758179866297
0.055316106274589535
0.05529454383228158
0.055272886888540075
0.05525112781289214
0.05522925893674376
0.05520727256345909
0.055185160979381684
0.05516291646580548
0.055140531311895176
0.05511799782854778
0.05509530836317267
0.05507245531535948
0.05504943115338712
0.0550262284315164
0.05500283980799107
0.0549792580636592
0.05495547612110949
0.0549314870642007
0.054907284157848534
0.05488286086791542
0.054858210881034875
0.05483332812418906
0.05480820678384299
0.054782841324430724
0.05475722650597776
0.054731357400641174
0.054705229407944075
0.054678838268483715
0.05465218007589843
0.05462525128688579
0.05459804872908313
0.05457056960663572
0.054542811503305366
0.05451477238299983
0.054486450587635085
0.05445784483228141
0.054428954197584416
0.05439977811949356
0.05437031637637991
0.05434056907366788
0.05431053662615408
0.054280219738232306
0.05424961938228581
0.054218736775549926
0.054187573355781116
0.054156130756101845
0.05412441077941143
0.054092415372771284
0.05406014660218052
0.05402760662815851
0.053994797682542305
0.05396172204689095
0.053928382032863105
0.053894779964901586
0.05386091816552047
0.05382679894344341
0.05379242458479216
0.053757797347471055
0.05372291945883307
0.05368779311666095
0.05365242049343277
0.05361680374378936
0.05358094501506435
0.05354484646068822
0.05350851025623066
0.053471938617804526
0.05343513382252035
0.05339809823064976
0.053360834309133916
0.05332334465605825
0.05328563202570282
0.05324769935377723
0.053209549782449524
0.05317118668478955
0.05313261368826004
0.053093834696908496
0.053054853911936435
0.053015675850349754
0.0529763053614252
0.05293674764075926
0.05289700824170463
0.05285709308403247
0.05281700845969884
0.05277676103563121
0.05273635785348918
0.052695806326390086
0.0526551142326278
0.052614289706446875
0.05257334122596733
0.05253227759838562
0.05249110794260605
0.05244984166947999
0.05240848845985497
0.05236705824065106
0.05232556115919952
0.05228400755608905
0.05224240793677342
0.05220077294219865
0.05215911331870967
0.05211743988749382
0.052075763513813676
0.05203409507627401
0.05199244543635778
0.05195082540845115
0.05190924573056642
0.051867717035952096
0.051826249825763476
0.051784854442948995
0.05174354104748584
0.05170231959308203
0.051661199805439914
0.05162019116215792
0.05157930287432805
0.05153854386986779
0.051497922778609616
0.05145744791915195
0.051417127287463366
0.05137696854721546
0.051336979021809254
0.051297165688047076
0.05125753517139353
0.051218093742760123
0.05117884731674156
0.05113980145122518
0.051100961348292465
0.051062331856325825
0.051023917473234974
0.05098572235071256
0.05094775029943225
0.05091000479510049
0.05087248898527581
0.05083520569687206
0.05079815744426302
0.05076134643791124
0.050724774593445265
0.05068844354111473
0.05065235463555535
0.05061650896580261
0.05058090736549272
0.05054555042319941
0.050510438492853256
0.05047557170419999
0.05044094997325434
0.050406573012711724
0.05037244034228361
0.05033855129892596
0.05030490504693355
0.050271500587876404
0.0502383367703572
0.05020541229957218
0.05017272574665977
0.050140275557823986
0.05010806006322291
0.05007607748561164
0.05004432594873528
0.05001280348546522
0.049981508045675443
0.049950437503856956
0.04991958966646875
0.04988896227902539
0.049858553032922
0.04982835957199806
0.04979837949884222
0.049768610380841086
0.04973904975597495
0.049709695138363784
0.04968054402356811
0.04965159389364744
0.04962284222198272
0.04959428647786424
0.04956592413085194
0.04953775265491098
0.04950976953232821
0.0494819722574121
0.049454358339983046
0.049426925308655834
0.04939967071392026
0.04937259213102305
0.049345687162655756
0.04931895344145192
0.04929238863229868
0.04926599043446492
0.04923975658355152
0.04921368485326626
0.049187773057027664
0.04916201904940157
0.04913642072737414
0.049110976031464276
0.04908568294668113
0.04906053950332833
0.04903554377766071
0.04901069389239639
0.04898598801708924
0.048961424368365106
0.04893700121002694
0.04891271685303338
0.04888856965535438
0.04886455802171092
0.04884068040320115
0.048816935296820345
0.048793321244879236
0.048769836834325855
0.0487464806959773
0.04872325150366689
0.04870014797331237
0.0486771688619124
0.048654312966475995
0.048631579122892614
0.048608966204748
0.04858647312209369
0.048564098820174914
0.04854184227812484
0.048519702507630394
0.048497678551577265
0.04847576948267839
0.048453974402094396
0.04843229243804997
0.04841072274445379
0.04838926449952516
0.04836791690443556
0.048346679181968215
0.048325550575201104
0.048304530346218226
0.048283617774852926
0.048262812157467215
0.04824211280577113
0.04822151904568414
0.04820103021624301
0.048180645668556725
0.04816036476481234
0.04814018687733155
0.048120111387680915
0.04810013768583594
0.04808026516939899
0.04806049324287223
0.048040821316985526
0.04802124880807727
0.04800177513752947
0.04798239973125504
0.04796312201923535
0.04794394143510817
0.047924857415802796
0.04790586940122114
0.047886976833962445
0.0478681791590898
0.04784947582393512
0.04783086627794141
0.04781234997253896
0.04779392636105288
0.04777559489863984
0.047757355042251454
0.047739206250620315
0.047721147984268984
0.04770317970553561
0.047685300878617734
0.04766751096962863
0.04764980944666565
0.04763219577988806
0.04761466944160181
0.047597229906349986
0.04757987665100672
0.0475626091548724
0.04754542689976959
0.047528329370137394
0.04751131605312312
0.0474943864386703
0.047477540019601666
0.047460776291696295
0.04744409475376011
0.04742749490768897
0.04741097625852398
0.04739453831449793
0.04737818058707367
0.04736190259097233
0.04734570384419357
0.04732958386802522
0.04731354218704457
0.047297578329109594
0.047281691825341185
0.04726588221009691
0.04725014902093497
0.047234491798570366
0.0472189100868229
0.04720340343255676
0.04718797138561308
0.047172613498735666
0.047157329327489284
0.04714211843017265
0.04712698036772529
0.04711191470362887
0.04709692100380413
0.04708199883650347
0.04706714777219908
0.04705236738346836
0.04703765724487571
0.047023016932852116
0.04700844602557232
0.046993944102830365
0.04697951074591386
0.04696514553747699
0.046950848061412996
0.0469366179027264
0.04692245464740501
0.046908357882292674
0.04689432719496197
0.04688036217358852
0.046866462406825654
0.046852627483680666
0.04683885699339305
0.046825150525313615
0.04681150766878602
0.046797928013030385
0.04678441114702888
0.04677095665941341
0.04675756413835648
0.046744233171463506
0.046730963345668834
0.046717754247133536
0.04670460546114638
0.04669151657202752
0.046678487163035
0.046665516816273726
0.04665260511260819
0.0466397516315767
0.04662695595131016
0.046614217648452166
0.04660153629808277
0.04658891147364515
0.046576342746874354
0.046563829687730054
0.04655137186433067
0.04653896884289135
0.04652662018766384
0.046514325460879656
0.046502084222695556
0.046489896031141044
0.04647776044206964
0.04646567700911149
0.04645364528362887
0.04644166481467412
0.04642973514894977
0.04641785583077092
0.0464060264020301
0.04639424640216409
0.04638251536812308
0.046370832834341555
0.046359198332712105
0.0463476113925602
0.04633607154062165
0.0463245783010221
0.04631313119525776
0.04630172974217882
0.04629037345797429
0.04627906185615858
0.046267794447560545
0.04625657074031305
0.046245390239846
0.046234252448879146
0.046223156867418555
0.0462121029927532
0.0462010903194539
0.04619011833937399
0.04617918654165147
0.046168294412712335
0.04615744143627654
0.046146627093364236
0.04613585086230439
0.04612511221874498
0.046114410635664245
0.04610374558338351
0.04609311652958162
0.04608252293931105
0.046071964275014685
0.04606143999654479
0.04605094956118282
0.04604049242366065
0.04603006803618344
0.04601967584845291
0.04600931530769272
0.045998985858674686
0.04598868694374561
0.04597841800285599
0.045968178473588965
0.04595796779119071
0.04594778538860135
0.04593763069648688
0.0459275031432716
0.045917402155171344
0.04590732715622691
0.04589727756833849
0.04588725281129986
0.04587725230283318
0.04586727545862374
0.0458573216923548
0.04584739041574216
0.04583748103856878
0.045827592968718876
0.04581772561221146
0.04580787837323346
0.045798050654171696
0.045788241855644514
0.04577845137653168
0.04576867861400361
0.045758922963549054
0.045749183819000894
0.045739460572561064
0.04572975261482249
0.04572005933479029
0.04571038011989947
0.04570071435603127
0.045691061427526734
0.04568142071719706
0.04567179160633211
0.04566217347470462
0.045652565700572335
0.045642967660676215
0.04563337873023536
0.04562379828293794
0.04561422569092865
0.045604660324792025
0.04559510155353175
0.045585548744545144
0.04557600126359446
0.04556645847477204
0.04555691974046202
0.045547384421297
0.045537851876109266
0.04552832146187756
0.04551879253366888
0.0455092644445742
0.04549973654564012
0.04549020818579422
0.04548067871176555
0.045471147467999476
0.045461613796566894
0.04545207703706869
0.04544253652653338
0.045432991599310656
0.0454234415869585
0.04541388581812499
0.04540432361842507
0.04539475431031157
0.0453851772129411
0.04537559164203468
0.04536599690973351
0.04535639232444956
0.045346777190711465
0.04533715080900575
0.04532751247561398
0.04531786148244501
0.04530819711686417
0.0452985186615179
0.04528882539415576
0.04527911658744875
0.04526939150880556
0.04525964942018569
0.04524988957791167
0.04524011123247869
0.04523031362836449
0.04522049600383794
0.04521065759076787
0.04520079761443308
0.04519091529333345
0.04518100983900308
0.045171080455826566
0.04516112634085867
0.0451511466836486
0.04514114066606999
0.045131107462156636
0.045121046237946244
0.04511095615133257
0.045100836351926944
0.045090685980930974
0.04508050417102157
0.045070290046249066
0.04506004272195081
0.04504976130468143
0.04503944489216026
0.04502909257324014
0.045018703427896684
0.04500827652724123
0.044997810933559756
0.044987305700378614
0.04497675987256017
0.0449661724864303
0.04495554256994001
0.04494486914286296
0.044934151217032994
0.044923387796622416
0.04491257787846426
0.04490172045242255
0.0448908145018109
0.04487985900386423
0.0448688529302662
0.044857795247734256
0.04484668491866674
0.044835520901853824
0.044824302153256335
0.04481302762685462
0.04480169627557132
0.04479030705227015
0.04477885891083462
0.04476735080732863
0.04475578170124234
0.04474415055682578
0.0447324563445128
0.04472069804243721
0.04470887463804428
0.044696985129798535
0.044685028528989604
0.04467300386163819
0.04466091017050244
0.04464874651718536
0.04463651198434388
0.044624205677999115
0.04461182672994695
0.04459937430026788
0.044586847579933885
0.04457424579351057
0.04456156820195063
0.04454881410547525
0.04453598284653875
0.044523073812871024
0.04451008644059202
0.04449702021739024
0.04448387468575892
0.04447064944627898
0.04445734416094131
0.04444395855649519
0.044430492427813044
0.044416945641257526
0.044403318138037655
0.044389609937538675
0.04437582114060987
0.044361951932793554
0.04434800258747632
0.044333973468944125
0.04431986503532095
0.04430567784136913
0.044291412541130476
0.04427706989038381
0.044262650748896536
0.044248156082444694
0.044233586964577236
0.044218944578099384
0.044204230216248634
0.04418944528353931
0.04417459129624973
0.044159669882527404
0.04414468278209001
0.044129631845498146
0.04411451903298114
0.044099346412796045
0.0440841161591056
0.0440688305493609
0.04405349196118092
0.04403810286872246
0.0440226658385409
0.04400718352494374
0.04399165866484832
0.04397609407215604
0.043960492631664544
0.04394485729254211
0.04392919106139783
0.043913496994982454
0.04389777819256408
0.04388203778802519
0.04386627894173412
0.043850504832245826
0.04383471864789304
0.04381892357832721
0.04380312280607636
0.04378731949817921
0.04377151679796416
0.04375571781703141
0.04373992562750139
0.043724143254584055
0.04370837366952369
0.04369261978296502
0.04367688443878443
0.043661170408421414
0.04364548038573989
0.043629816982441554
0.043614182724047344
0.043598580046455386
0.04358301129307664
0.04356747871254373
0.043551984456981774
0.043536530580825086
0.043521119040156334
0.043505751692543504
0.04349043029734398
0.04347515651644172
0.0434599319153837
0.043444757964876644
0.043429636042606884
0.04341456743534519
0.04339955334129634
0.04338459487265839
0.04336969305835352
0.0433548488468961
0.04334006310936616
0.04332533664245609
0.04331067017156387
0.043296064353906524
0.04328151978163074
0.043267036984900364
0.04325261643494313
0.043238258547041185
0.04322396368345203
0.043209732156250596
0.04319556423008253
0.0431814601248233
0.04316742001813759
0.04315344404793704
0.0431395323147336
0.04312568488388888
0.04311190178775964
0.04309818302774174
0.04308452857621407
0.04307093837838595
0.0430574123540518
0.04304395039925563
0.04303055238787064
0.0430172181730974
0.04300394758888466
0.042990740451277765
0.042977596559697635
0.042964515698155674
0.04295149763640679
0.042938542131045865
0.04292564892654969
0.0429128177562682
0.04290004834336831
0.04288734040173218
0.04287469363681304
0.042862107746451016
0.04284958242165013
0.042837117347319514
0.042824712202979114
0.04281236666343313
0.042800080399410724
0.04278785307817638
0.04277568436411066
0.04276357391926198
0.04275152140387087
0.04273952647686678
0.042727588796339144
0.042715708019982125
0.042703883805514514
0.04269211581107511
0.04268040369559438
0.042668747119142036
0.042657145743252536
0.04264559923122754
0.042634107248416715
0.0426226694624775
0.042611285543613306
0.04259995516479255
0.042588678001946746
0.04257745373415054
0.042566282043782315
0.04255516261666766
0.04254409514220457
0.04253307931347271
0.04252211482732602
0.04251120138447001
0.042500338689524304
0.042489526451071055
0.04247876438168918
0.04246805219797683
0.042457389620560546
0.04244677637409346
0.04243621218724245
0.0424256967926648
0.042415229926975474
0.042404811330705346
0.042394440748250745
0.04238411792781542
0.04237384262134556
0.04236361458445751
0.042353433576360164
0.04234329935977133
0.04233321170082927
0.04232317036899995
0.04231317513698001
0.042303225780596636
0.04229332207870381
0.04228346381307685
0.04227365076830373
0.04226388273167549
0.04225415949307499
0.04224448084486444
0.04223484658177267
0.042225256500781454
0.04221571040101264
0.042206208083614874
0.04219674935165098
0.04218733400998623
0.04217796186517793
0.04216863272536568
0.04215934640016337
0.04215010270055309
0.04214090143878036
0.04213174242825195
0.04212262548343506
0.042113550419759734
0.04210451705352287
0.04209552520179516
0.04208657468233063
0.042077665313478466
0.042068796914098365
0.042059969303478204
0.04205118230125437
0.042042435727336014
0.04203372940183103
0.04202506314497631
0.0420164367770698
0.04200785011840683
0.04199930298921851
0.04199079520961394
0.04198232659952491
0.041973896978654036
0.04196550616642588
0.04195715398194079
0.041948840243932264
0.041940564770726774
0.04193232738020692
0.041924127889777035
0.04191596611633221
0.04190784187622971
0.041899754985263014
0.04189170525863931
0.04188369251095868
0.04187571655619669
0.04186777720768898
0.041859874278118804
0.041852007579506384
0.04184417692320139
0.041836382119877044
0.04182862297952678
0.041820899311463204
0.04181321092431872
0.04180555762604858
0.04179793922393571
0.041790355524597575
0.04178280633399467
0.04177529145744084
0.04176781069961555
0.04176036386457729
0.041752950755778874
0.041745571176084156
0.041738224927786186
0.04173091181262651
0.041723631631815986
0.04171638418605683
0.04170916927556542
0.04170198670009667
0.0416948362589691
0.04168771775109106
0.04168063097498753
0.04167357572882815
0.041666551810455754
0.04165955901741555
0.04165259714698519
0.04164566599620503
0.041638765361909656
0.04163189504075894
0.04162505482927024
0.04161824452385051
0.041611463920829185
0.0416047128164907
0.04159799100710796
0.0415912982889754
0.04158463445844244
0.04157799931194693
0.0415713926460486
0.041564814257462716
0.04155826394309326
0.04155174150006656
0.041545246725764554
0.041538779417857524
0.04153233937433715
0.04152592639354938
0.041519540274226406
0.04151318081551918
0.041506847817028916
0.04150054107883851
0.04149426040154376
0.041488005586283926
0.04148177643477189
0.041475572749324126
0.04146939433288981
0.04146324098907971
0.04145711252219457
0.041451008737253034
0.04144492944001842
0.04143887443702608
0.04143284353560899
0.04142683654392367
0.04142085327097487
0.04141489352664014
0.04140895712169354
0.04140304386782876
0.04139715357768145
0.04139128606485152
0.04138544114392384
0.04137961863048917
0.04137381834116413
0.04136804009361023
0.041362283706552636
0.04135654899979832
0.04135083579425308
0.041345143911938595
0.041339473176007925
0.04133382341076154
0.041328194441661394
0.041322586095345545
0.04131699819964137
0.041311430583578244
0.041305883077399845
0.04130035551257594
0.04129484772181283
0.04128935953906394
0.04128389079953957
0.0412784413397159
0.041273010997343665
0.04126759961145558
0.04126220702237445
0.041256833071719234
0.04125147760241169
0.041246140458682135
0.041240821486073956
0.04123552053144895
0.041230237442990925
0.041224972070209365
0.04121972426394266
0.04121449387636033
0.04120928076096548
0.041204084772596065
0.04119890576742636
0.04119374360296733
0.0411885981380673
0.04118346923291131
0.04117835674902092
0.041173260549252945
0.04116818049779819
0.041163116460179804
0.041158068303250556
0.041153035895191294
0.04114801910550703
0.04114301780502441
0.041138031865887874
0.04113306116155589
0.04112810556679668
0.04112316495768374
0.04111823921159113
0.041113328207188354
0.04110843182443511
0.04110354994457553
0.041098682450132304
0.04109382922490099
0.04108899015394315
0.04108416512358014
0.0410793540213862
0.04107455673618165
0.0410697731580254
0.04106500317820792
0.04106024668924349
0.041055503584862756
0.04105077376000435
0.041046057110807485
0.04104135353460332
0.0410366629299069
0.041031985196408584
0.04102732023496554
0.041022667947592864
0.04101802823745509
0.041013401008857205
0.041008786167235516
0.041004183619148635
0.040999593272268244
0.04099501503537011
0.04099044881832453
0.04098589453208677
0.040981352088688236
0.04097682140122626
0.04097230238385511
0.0409677949517761
0.040963299021228174
0.04095881450947794
0.0409543413348103
0.040949879416518675
0.040945428674895104
0.04094098903122081
0.04093656040775609
0.040932142727730866
0.040927735915334815
0.04092333989570758
0.040918954594928954
0.040914579940009556
0.04091021585888043
0.040905862280383974
0.040901519134263806
0.04089718635115533
0.04089286386257607
0.04088855160091597
0.04088424949942798
0.040879957492218254
0.04087567551423677
0.04087140350126797
0.04086714138992128
0.0408628891176215
0.04085864662259969
0.040854413843883865
0.0408501907212897
0.04084597719541125
0.040841773207612
0.040837578700015566
0.04083339361549671
0.040829217897672763
0.04082505149089395
0.04082089434023518
0.040816746391487
0.04081260759114677
0.04080847788641036
0.04080435722516314
0.04080024555597147
0.040796142828074734
0.04079204899137622
0.04078796399643541
0.04078388779445921
0.04077982033729422
0.04077576157741813
0.04077171146793219
0.04076766996255276
0.040763637015603614
0.04075961258200803
0.04075559661728143
0.04075158907752283
0.04074758991940806
0.040743599100181764
0.04073961657765004
0.04073564231017312
0.040731676256657835
0.04072771837655068
0.040723768629830265
0.04071982697700066
0.04071589337908381
0.040711967797613095
0.04070805019462615
0.0407041405326581
0.04070023877473502
0.040696344884366895
0.04069245882554148
0.04068858056271743
0.04068471006081804
0.04068084728522472
0.04067699220177104
0.04067314477673597
0.04066930497683825
0.04066547276922992
0.04066164812149058
0.0406578310016213
0.04065402137803868
0.040650219219569406
0.04064642449544391
0.04064263717529129
0.040638857229133435
0.040635084627379484
0.04063131934082041
0.040627561340623744
0.040623810598328015
0.040620067085837694
0.04061633077541781
0.04061260163968894
0.040608879651622215
0.04060516478453417
0.04060145701208176
0.04059775630825776
0.04059406264738556
0.04059037600411476
0.0405866963534162
0.04058302367057764
0.04057935793119873
0.040575699111187025
0.04057204718675313
0.04056840213440652
0.040564763930951035
0.040561132553480775
0.04055750797937568
0.040553890186297514
0.04055027915218582
0.04054667485525344
0.040543077273983125
0.04053948638712306
0.04053590217368315
0.04053232461293132
0.04052875368438959
0.040525189367830054
0.040521631643271716
0.04051808049097647
0.04051453589144583
0.040510997825416714
0.04050746627385877
0.040503941217970456
0.04050042263917569
0.0404969105191206
0.04049340483967
0.04048990558290442
0.04048641273111662
0.04048292626680863
0.04047944617268845
0.040475972431666826
0.04047250502685488
0.04046904394156012
0.040465589159284235
0.040462140663719746
0.040458698438747366
0.040455262468433145
0.040451832737025524
0.04044840922895257
0.04044499192881932
0.04044158082140526
0.04043817589166141
0.040434777124707555
0.04043138450583031
0.04042799802047989
0.04042461765426807
0.0404212433929653
0.04041787522249882
0.04041451312894968
0.04041115709855061
0.04040780711768387
0.04040446317287873
0.04040112525080902
0.04039779333829134
0.04039446742228254
0.04039114748987761
0.040387833528307465
0.040384525524937015
0.040381223467262875
0.04037792734291133
0.04037463713963645
0.04037135284531794
0.04036807444795916
0.04036480193568533
0.04036153529674155
0.04035827451949064
0.040355019592411674
0.04035177050409793
0.04034852724325503
0.04034528979869916
0.04034205815935555
0.04033883231425635
0.04033561225253924
0.04033239796344545
0.04032918943631841
0.040325986660601706
0.04032278962583765
0.04031959832166608
0.04031641273782198
0.04031323286413438
0.0403100586905249
0.04030689020700602
0.04030372740367987
0.04030057027073612
0.04029741879845127
0.040294272977186775
0.040291132797387795
0.04028799824958165
0.04028486932437665
0.04028174601246062
0.04027862830459939
0.04027551619163579
0.04027240966448819
0.04026930871414915
0.040266213331684245
0.04026312350823078
0.04026003923499658
0.0402569605032586
0.0402538873043621
0.04025081962971903
0.04024775747080709
0.04024470081916863
0.040241649666409335
0.040238604004197126
0.04023556382426123
0.040232529118390835
0.04022949987843409
0.04022647609629739
0.04022345776394364
0.04022044487339177
0.04021743741671549
0.04021443538604235
0.04021143877355258
0.04020844757147849
0.04020546177210296
0.04020248136775897
0.040199506350828286
0.04019653671374084
0.040193572448973564
0.040190613549049604
0.04018766000653742
0.04018471181404968
0.04018176896424285
0.04017883144981593
0.040175899263509694
0.04017297239810596
0.04017005084642655
0.04016713460133284
0.04016422365572445
0.040161318002539026
0.04015841763475078
0.040155522545370366
0.04015263272744362
0.04014974817405118
0.04014686887830751
0.04014399483336004
0.04014112603238886
0.04013826246860562
0.040135404135253
0.040132551025603966
0.04012970313296104
0.04012686045065567
0.040124022972047584
0.04012119069052393
0.040118363599499114
0.04011554169241338
0.04011272496273295
0.040109913403948816
0.040107107009576495
0.04010430577315511
0.04010150968824713
0.04009871874843749
0.04009593294733303
0.04009315227856202
0.04009037673577361
0.04008760631263702
0.04008484100284128
0.04008208080009447
0.040079325698123267
0.040076575690672446
0.04007383077150413
0.040071090934397605
0.04006835617314839
0.040065626481568126
0.04006290185348383
0.04006018228273744
0.0400574677631854
0.040054758288698034
0.04005205385315927
0.040049354450465834
0.04004666007452717
0.04004397071926469
0.040041286378611506
0.040038607046512034
0.040035932716921005
0.040033263383803884
0.04003059904113579
0.04002793968290123
0.0400252853030939
0.04002263589571596
0.04001999145477785
0.040017351974297725
0.04001471744830115
0.040012087870820674
0.04000946323589571
0.0400068435375714
0.040004228769899154
0.04000161892693572
0.03999901400274293
0.039996413991387515
0.03999381888694041
0.03999122868347677
0.03998864337507527
0.039986062955818136
0.03998348741979041
0.03998091676107996
0.039978350973777055
0.03997579005197393
0.03997323398976441
0.03997068278124392
0.039968136420508935
0.039965594901656576
0.039963058218784785
0.0399605263659912
0.03995799933737381
0.039955477127030035
0.039952959729056554
0.039950447137549215
0.03994793934660256
0.03994543635030964
0.039942938142761786
0.03994044471804827
0.03993795607025606
0.0399354721934697
0.039932993081770646
0.03993051872923765
0.03992804912994585
0.03992558427796722
0.03992312416736971
0.039920668792217374
0.039918218146569824
0.03991577222448256
0.03991333102000624
0.03991089452718668
0.03990846274006443
0.03990603565267493
0.039903613259047954
0.039901195553207695
0.0398987825291722
0.03989637418095348
0.039893970502557385
0.03989157148798295
0.0398891771312228
0.03988678742626244
0.03988440236708043
0.03988202194764812
0.0398796461619293
0.03987727500388023
0.03987490846744952
0.03987254654657763
0.03987018923519711
0.039867836527232206
0.03986548841659867
0.03986314489720376
0.03986080596294604
0.039858471607715246
0.039856141825392044
0.039853816609847804
0.039851495954944936
0.03984917985453611
0.039846868302464575
0.03984456129256387
0.0398422588186577
0.039839960874559883
0.03983766745407402
0.03983537855099363
0.039833094159101835
0.039830814272171416
0.03982853888396456
0.039826267988232786
0.039824001578716836
0.039821739649146565
0.03981948219324088
0.03981722920470773
0.03981498067724376
0.039812736604534084
0.039810496980253005
0.03980826179806293
0.03980603105161488
0.03980380473454819
0.03980158284049049
0.039799365363057455
0.03979715229585324
0.03979494363246961
0.03979273936648657
0.039790539491471766
0.039788344000980906
0.039786152888557136
0.03978396614773153
0.03978178377202258
0.03977960575493644
0.03977743208996668
0.03977526277059418
0.039773097790287246
0.039770937142501586
0.03976878082067989
0.03976662881825231
0.039764481128635794
0.03976233774523471
0.03976019866144015
0.03975806387063049
0.03975593336617072
0.039753807141413036
0.039751685189696274
0.03974956750434602
0.039747454078675026
0.0397453449059822
0.03974323997955368
0.03974113929266192
0.0397390428385662
0.03973695061051233
0.0397348626017327
0.03973277880544621
0.03973069921485843
0.03972862382316121
0.03972655262353306
0.039724485609138854
0.039722422773129845
0.039720364108643755
0.03971830960880482
0.03971625926672345
0.039714213075496566
0.03971217102820729
0.03971013311792539
0.03970809933770642
0.03970606968059277
0.03970404413961291
0.039702022707781656
0.039700005378100034
0.039697992143555474
0.03969598299712155
0.03969397793175834
0.03969197694041194
0.0396899800160149
0.03968798715148595
0.039685998339730084
0.039684013573638786
0.039682032846089565
0.03968005614994637
0.039678083478059324
0.03967611482326493
0.03967415017838611
0.03967218953623182
0.03967023288959756
0.039668280231265125
0.03966633155400261
0.039664386850564524
0.039662446113691574
0.03966050933611111
0.039658576510536774
0.039656647629668515
0.03965472268619274
0.0396528016727825
0.039650884582097035
0.03964897140678216
0.03964706213947029
0.03964515677278025
0.03964325529931741
0.039641357711673667
0.03963946400242758
0.03963757416414416
0.03963568818937525
0.03963380607065921
0.039631927800521084
0.03963005337147257
0.039628182776012114
0.03962631600662494
0.03962445305578303
0.039622593915945074
0.03962073857955667
0.03961888703905029
0.03961703928684513
0.03961519531534749
0.039613355116950494
0.03961151868403429
0.03960968600896581
0.039607857084099335
0.03960603190177598
0.039604210454323927
0.03960239273405854
0.03960057873328242
0.03959876844428522
0.039596961859343784
0.03959515897072232
0.03959335977067218
0.039591564251432065
0.039589772405228076
0.03958798422427368
0.03958619970076964
0.03958441882690425
0.03958264159485323
0.03958086799677994
0.039579098024835085
0.03957733167115708
0.03957556892787196
0.03957380978709337
0.03957205424092262
0.039570302281448796
0.03956855390074863
0.03956680909088681
0.039565067843915724
0.03956333015187572
0.03956159600679486
0.039559865400689447
0.03955813832556343
0.03955641477340897
0.03955469473620628
0.039552978205923454
0.03955126517451695
0.03954955563393119
0.03954784957609893
0.03954614699294098
0.039544447876366635
0.039542752218273296
0.03954106001054675
0.03953937124506114
0.039537685913679226
0.039536004008251815
0.03953432552061855
0.03953265044260739
0.03953097876603488
0.03952931048270624
0.0395276455844152
0.03952598406294416
0.039524325910064266
0.03952267111753553
0.03952101967710633
0.039519371580514225
0.03951772681948535
0.039516085385735006
0.03951444727096706
0.039512812466874526
0.039511180965139385
0.03950955275743249
0.03950792783541388
0.03950630619073259
0.039504687815026814
0.03950307269992374
0.03950146083703994
0.03949985221798108
0.03949824683434203
0.03949664467770712
0.03949504573964973
0.03949345001173276
0.03949185748550828
0.03949026815251806
0.03948868200429294
0.03948709903235364
0.03948551922820993
0.03948394258336144
0.03948236908929718
0.03948079873749573
0.03947923151942545
0.039477667426544114
0.039476106450299295
0.0394745485821283
0.03947299381345803
0.0394714421357053
0.03946989354027649
0.03946834801856801
0.03946680556196598
0.039465266161846445
0.0394637298095753
0.03946219649650823
0.039460666213991115
0.03945913895335962
0.03945761470593938
0.03945609346304617
0.03945457521598568
0.039453059956053714
0.03945154767453613
0.03945003836270897
0.03944853201183845
0.03944702861318054
0.03944552815798188
0.03944403063747902
0.039442536042898824
0.0394410443654583
0.039439555596364806
0.03943806972681594
0.039436586747999505
0.03943510665109368
0.039433629427267095
0.039432155067678505
0.0394306835634771
0.03942921490580256
0.039427749085784766
0.039426286094544294
0.03942482592319183
0.03942336856282866
0.03942191400454642
0.03942046223942748
0.039419013258544466
0.03941756705296046
0.039416123613729134
0.039414682931894846
0.039413244998492164
0.03941180980454649
0.039410377341073576
0.039408947599079855
0.039407520569562336
0.03940609624350851
0.039404674611896555
0.03940325566569531
0.039401839395864
0.03940042579335267
0.03939901484910195
0.03939760655404309
0.03939620089909796
0.03939479787517907
0.039393397473189526
0.039391999684023245
0.039390604498564595
0.03938921190768879
0.03938782190226159
0.039386434473139456
0.03938504961116952
0.03938366730718958
0.03938228755202805
0.03938091033650406
0.039379535651427405
0.03937816348759861
0.039376793835808686
0.039375426686839486
0.03937406203146342
0.03937269986044373
0.03937134016453407
0.039369982934478805
0.03936862816101314
0.039367275834862596
0.03936592594674372
0.03936457848736339
0.03936323344741914
0.039361890817599283
0.03936055058858252
0.039359212751038396
0.039357877295626904
0.03935654421299861
0.0393552134937947
0.03935388512864691
0.03935255910817744
0.0393512354229991
0.03934991406371535
0.03934859502092002
0.039347278285197365
0.03934596384712235
0.039344651697260306
0.03934334182616685
0.03934203422438833
0.03934072888246145
0.03933942579091314
0.03933812494026087
0.03933682632101245
0.039335529923666096
0.03933423573871032
0.039332943756623946
0.03933165396787602
0.039330366362926084
0.039329080932223676
0.0393277976662087
0.0393265165553113
0.039325237589951725
0.03932396076054043
0.03932268605747805
0.03932141347115516
0.03932014299195271
0.0393188746102414
0.039317608316382195
0.039316344100725986
0.03931508195361364
0.039313821865376006
0.03931256382633376
0.03931130782679758
0.039310053857067984
0.039308801907435256
0.03930755196817966
0.03930630402957092
0.0393050580818688
0.039303814115322556
0.03930257212017118
0.0393013320866434
0.03930009400495735
0.039298857865320835
0.03929762365793118
0.03929639137297517
0.039295161000629124
0.03929393253105851
0.03929270595441854
0.03929148126085349
0.039290258440497
0.03928903748347199
0.0392878183798904
0.039286601119853624
0.039285385693452086
0.03928417209076511
0.03928296030186127
0.03928175031679785
0.03928054212562147
0.03927933571836736
0.03927813108505958
0.03927692821571113
0.03927572710032373
0.03927452772888765
0.03927333009138195
0.03927213417777432
0.03927093997802092
0.03926974748206632
0.03926855667984369
0.039267367561274455
0.039266180116268465
0.03926499433472382
0.0392638102065268
0.03926262772155192
0.0392614468696616
0.0392602676407066
0.03925909002452548
0.03925791401094477
0.03925673958977887
0.03925556675082994
0.039254395483887906
0.039253225778730416
0.039252057625122724
0.039250891012817514
0.03924972593155513
0.03924856237106316
0.03924740032105671
0.03924623977123809
0.039245080711296745
0.03924392313090941
0.03924276701973987
0.03924161236743871
0.03924045916364368
0.03923930739797931
0.03923815706005699
0.03923700813947462
0.03923586062581683
0.03923471450865492
0.03923356977754648
0.039232426422035664
0.03923128443165284
0.039230143795914614
0.03922900450432375
0.03922786654636927
0.039226729911525975
0.039225594589254585
0.03922446056900174
0.03922332784019977
0.03922219639226673
0.03922106621460611
0.03921993729660689
0.03921880962764354
0.03921768319707585
0.03921655799424859
0.03921543400849193
0.03921431122912075
0.03921318964543514
0.039212069246719765
0.03921095002224426
0.03920983196126274
0.03920871505301381
0.039207599286720615
0.03920648465159063
0.03920537113681541
0.03920425873157081
0.03920314742501662
0.039202037206296635
0.039200928064538225
0.03919981998885269
0.03919871296833494
0.039197606992063046
0.039196502049098816
0.03919539812848703
0.03919429521925586
0.03919319331041622
0.039192092390962344
0.039190992449870794
0.039189893476101
0.039188795458595015
0.03918769838627722
0.03918660224805432
0.03918550703281535
0.03918441272943107
0.03918331932675456
0.03918222681362038
0.039181135178844986
0.03918004441122619
0.03917895449954342
0.03917786543255717
0.03917677719900927
0.039175689787622335
0.039174603187100025
0.039173517386126656
0.03917243237336725
0.03917134813746698
0.039170264667051584
0.03916918195072695
0.03916809997707883
0.03916701873467288
0.03916593821205455
0.03916485839774877
0.03916377928025983
0.03916270084807143
0.039161623089646165
0.039160545993425756
0.03915946954783063
0.03915839374125969
0.03915731856209053
0.03915624399867885
0.03915517003935854
0.03915409667244151
0.039153023886217254
0.03915195166895311
0.03915088000889369
0.039149808894261014
0.03914873831325389
0.03914766825404849
0.0391465987047974
0.03914552965362972
0.03914446108865116
0.03914339299794331
0.03914232536956396
0.039141258191546624
0.03914019145190031
0.03913912513860958
0.03913805923963422
0.03913699374290885
0.03913592863634313
0.039134863907821144
0.039133799545201464
0.039132735536316805
0.039131671868974045
0.039130608530953584
0.03912954551000959
0.0391284827938694
0.03912742037023355
0.03912635822677556
0.039125296351141696
0.03912423473095033
0.03912317335379246
0.039122112207230976
0.03912105127880048
0.039119990556007046
0.03911893002632819
0.039117869677212466
0.03911680949607921
0.03911574947031832
0.03911468958729002
0.0391136298343248
0.03911257019872262
0.03911151066775332
0.03911045122865593
0.039109391868638495
0.03910833257487791
0.0391072733345197
0.039106214134677436
0.039105154962432824
0.03910409580483517
0.039103036648901364
0.03910197748161528
0.039100918289927795
0.039099859060756366
0.039098799780984635
0.039097740437462364
0.03909668101700494
0.03909562150639318
0.03909456189237314
0.03909350216165553
0.039092442300915534
0.039091382296792695
0.03909032213589026
0.03908926180477506
0.03908820128997733
0.03908714057798998
0.03908607965526866
0.03908501850823121
0.03908395712325731
0.039082895486688383
0.03908183358482689
0.03908077140393652
0.03907970893024117
0.039078646149924866
0.03907758304913189
0.03907651961396555
0.03907545583048865
0.0390743916847223
0.039073327162646436
0.03907226225019852
0.03907119693327397
0.0390701311977253
0.039069065029362
0.03906799841394974
0.039066931337210446
0.03906586378482148
0.03906479574241582
0.03906372719558093
0.03906265812985876
0.039061588530745414
0.039060518383690415
0.039059447674096436
0.03905837638731895
0.039057304508665645
0.0390562320233961
0.03905515891672133
0.0390540851738032
0.039053010779753906
0.03905193571963594
0.03905085997846132
0.03904978354119103
0.03904870639273467
0.0390476285179501
0.03904654990164269
0.039045470528564934
0.03904439038341618
0.03904330945084158
0.03904222771543236
0.039041145161724536
0.03904006177419884
0.03903897753728017
0.03903789243533681
0.03903680645268026
0.03903571957356429
0.03903463178218471
0.039033543062678595
0.03903245339912403
0.039031362775539195
0.03903027117588189
0.03902917858404916
0.03902808498387644
0.03902699035913702
0.03902589469354171
0.03902479797073784
0.039023700174308854
0.03902260128777375
0.039021501294586376
0.03902040017813468
0.03901929792174032
0.039018194508657705
0.03901708992207368
0.03901598414510674
0.03901487716080613
0.039013768952151404
0.039012659502051884
0.039011548793345424
0.039010436808798565
0.03900932353110485
0.039008208942884766
0.03900709302668494
0.03900597576497718
0.03900485714015782
0.03900373713454719
0.03900261573038841
0.039001492909847175
0.039000368655010574
0.03899924294788634
0.03899811577040233
0.03899698710440535
0.03899585693166061
0.03899472523385087
0.03899359199257559
0.03899245718934991
0.03899132080560406
0.038990182822682434
0.03898904322184257
0.038987901984254475
0.038986759090999586
0.0389856145230702
0.03898446826136767
0.038983320286702816
0.03898217057979377
0.0389810191212658
0.03897986589165007
0.038978710871382674
0.038977554040803636
0.038976395380156084
0.038975234869585235
0.03897407248913699
0.03897290821875748
0.03897174203829164
0.03897057392748246
0.03896940386596944
0.038968231833288194
0.038967057808868735
0.038965881772034826
0.03896470370200246
0.03896352357787916
0.03896234137866251
0.03896115708323943
0.03895997067038423
0.03895878211875833
0.0389575914069084
0.03895639851326551
0.03895520341614368
0.038954006093739085
0.038952806524128
0.03895160468526635
0.03895040055498793
0.038949194111003387
0.038947985330898584
0.03894677419213362
0.03894556067204124
0.03894434474782554
0.038943126396560585
0.03894190559518914
0.03894068232052104
0.03893945654923172
0.03893822825786107
0.03893699742281182
0.038935764020347756
0.03893452802659273
0.03893328941752877
0.03893204816899475
0.03893080425668441
0.03892955765614552
0.038928308342777426
0.0389270562918303
0.03892580147840239
0.03892454387743965
0.038923283463733
0.038922020211917055
0.03892075409646858
0.0389194850917042
0.038918213171779216
0.03891693831068538
0.03891566048224922
0.03891437966013027
0.038913095817819154
0.03891180892863556
0.03891051896572653
0.03890922590206449
0.03890792971044509
0.03890663036348531
0.038905327833621745
0.038904022093108066
0.03890271311401318
0.03890140086821927
0.038900085327419426
0.038898766463115665
0.03889744424661661
0.03889611864903542
0.038894789641287474
0.03889345719408821
0.03889212127795046
0.03889078186318277
0.03888943891988634
0.0388880924179532
0.03888674232706336
0.03888538861668276
0.03888403125606041
0.038882670214226055
0.03888130545998758
0.03887993696192856
0.038878564688405316
0.038877188607544653
0.038875808687240755
0.03887442489515291
0.03887303719870247
0.03887164556506979
0.03887024996119204
0.03886885035375974
0.03886744670921415
0.03886603899374417
0.03886462717328337
0.038863211213507214
0.038861791079829414
0.03886036673739927
0.038858938151098296
0.038857505285537254
0.03885606810505257
0.03885462657370318
0.03885318065526748
0.03885173031323915
0.03885027551082468
0.038848816210939184
0.03884735237620325
0.03884588396893917
0.03884441095116736
0.038842933284602824
0.038841450930651084
0.03883996385040475
0.03883847200463947
0.03883697535381025
0.0388354738580473
0.03883396747715219
0.03883245617059366
0.03883093989750365
0.038829418616673064
0.03882789228654761
0.03882636086522339
0.03882482431044287
0.03882328257958999
0.03882173562968628
0.03882018341738575
0.03881862589897089
0.03881706303034753
0.03881549476704056
0.03881392106418869
0.038812341876540084
0.03881075715844709
0.03880916686386155
0.03880757094632932
0.03880596935898582
0.03880436205455025
0.03880274898532062
0.038801130103168345
0.038799505359533054
0.038797874705416534
0.038796238091378006
0.03879459546752796
0.03879294678352227
0.03879129198855725
0.0387896310313628
0.03878796386019723
0.03878629042284069
0.038784610666589656
0.03878292453825018
0.03878123198413204
0.038779532950042134
0.038777827381278274
0.038776115222622365
0.03877439641833419
0.0387726709121444
0.03877093864724796
0.03876919956629721
0.03876745361139476
0.038765700724086735
0.03876394084535552
0.038762173915612354
0.03876039987469048
0.03875861866183711
0.03875683021570647
0.03875503447435195
0.03875323137521859
0.03875142085513503
0.03874960285030586
0.03874777729630369
0.03874594412806085
0.03874410327986147
0.03874225468533317
0.03874039827743863
0.03873853398846729
0.03873666175002669
0.038734781493033985
0.038732893147707
0.038730996643555594
0.03872909190937298
0.03872717887322607
0.038725257462447
0.038723327603623896
0.038721389222591183
0.038719442244420664
0.03871748659341191
0.03871552219308272
0.03871354896615964
0.03871156683456806
0.038709575719422705
0.03870757554101776
0.038705566218816545
0.03870354767144241
0.038701519816667786
0.038699482571404493
0.03869743585169363
0.03869537957269535
0.03869331364867833
0.038691237993009796
0.038689152518144934
0.038687057135616675
0.03868495175602512
0.03868283628902719
0.03868071064332644
0.03867857472666205
0.038676428445798876
0.03867427170651679
0.03867210441360031
0.03866992647082833
0.03866773778096342
0.03866553824574205
0.03866332776586411
0.03866110624098253
0.038658873569693844
0.038656629649527666
0.038654374376937056
0.0386521076472892
0.038649829354855336
0.038647539392801675
0.03864523765318038
0.0386429240269205
0.03864059840381932
0.038638260672533925
0.03863591072057328
0.03863354843428987
0.038631173698873235
0.038628786398341795
0.03862638641553711
0.03862397363211694
0.038621547928550076
0.03861910918411087
0.038616657276874654
0.03861419208371361
0.03861171348029348
0.03860922134107091
0.038606715539291396
0.03860419594698816
0.03860166243498203
0.03859911487288192
0.03859655312908677
0.03859397707078766
0.03859138656397216
0.03858878147342918
0.03858616166275535
0.03858352699436231
0.038580877329486445
0.03857821252819883
0.0385755324494183
0.03857283695092479
0.03857012588937573
0.038567399120323566
0.038564656498236045
0.03856189787651815
0.038559123107536834
0.038556332042647766
0.03855352453222535
0.038550700425694986
0.038547859571568456
0.03854500181748264
0.03854212701024144
0.03853923499586095
0.038536325619618714
0.03853339872610671
0.038530454159288643
0.03852749176256103
0.03852451137881989
0.038521512850531146
0.03851849601980753
0.03851546072848913
0.0385124068182313
0.03850933413059765
0.038506242507159366
0.038503131789601706
0.03850000181983685
0.038496852440124324
0.03849368349319947
0.0384904948224094
0.038487286271857886
0.038484057686558985
0.038480808912600174
0.03847753979731503
0.03847425018946628
0.03847093993943974
0.03846760889944902
0.03846425692375257
0.03846088386888257
0.03845748959388658
0.03845407396058234
0.03845063683382752
0.03844717808180221
0.03844369757630777
0.03844019519308053
0.038436670812122105
0.03843312431804614
0.03842955560044284
0.03842596455426044
0.038422351080206675
0.03841871508516784
0.03841505648264839
0.03841137519323022
0.03840767114505312
0.03840394427431547
0.0384001945257974
0.038396421853405346
0.03839262622073923
0.03838880760168178
0.03838496598101104
0.03838110135503588
0.03837721373225368
0.03837330313403204
0.03836936959531221
0.03836541316533556
0.03836143390839191
0.038357431904588846
0.038353407250642485
0.03834936006068677
0.0383452904671024
0.038341198621362364
0.03833708469489279
0.03833294887994796
0.03832879139049654
0.03832461246311712
0.03832041235790018
0.0383161913593528
0.03831194977730453
0.03830768794780819
0.038303406234033985
0.0382991050271501
0.03829478474718743
0.038290445843881034
0.03828608879748371
0.038281714119545965
0.03827732235365544
0.03827291407612922
0.03826848989665204
0.03826405045885342
0.038259596440815155
0.0382551285555022
0.03825064755110834
0.03824615421130889
0.03824164935541122
0.03823713383839656
0.03823260855084262
0.0382280744187211
0.03822353240306131
0.0382189834994723
0.038214428737517764
0.03820986917993594
0.03820530592170044
0.03820074008891626
0.038196172837547795
0.038191605351976105
0.03818703884338403
0.0381824745479686
0.038177913724983005
0.03817335765461069
0.038168807635674776
0.03816426498319081
0.03815973102576919
0.038155207102877474
0.03815069456197343
0.03814619475552142
0.03814170903790698
0.0381372387622654
0.038132785277241225
0.03812834992369769
0.03812393403139543
0.03811953891566102
0.038115165874066624
0.03811081618314193
0.038106491095140325
0.03810219183488127
0.03809791959668946
0.03809367554145192
0.03808946079381241
0.03808527643952227
0.03808112352296416
0.038077003044864804
0.038072915960210785
0.03806886317637844
0.038064845551488306
0.038060863892991445
0.03805691895649316
0.03805301144481683
0.03804914200730903
0.038045311239384344
0.03804151968230652
0.038037767823199835
0.03803405609528408
0.038030384878323734
0.038026754499279385
0.038023165233152044
0.0380196173040041
0.03801611088614492
0.03801264610546542
0.038009223040906606
0.03800584172604586
0.03800250215078648
0.037999204263133184
0.03799594797103965
0.03799273314431267
0.03798955961655815
0.037986427187155836
0.03798333562324927
0.0379802846617392
0.03797727401126893
0.03797430335419159
0.037971372348509544
0.037968480629778326
0.037965627812966425
0.03796281349426619
0.03796003725284851
0.037957298652558105
0.03795459724354493
0.03795193256382808
0.0379493041407919
0.03794671149261051
0.037944154129600643
0.03794163155550341
0.037939143268693624
0.03793668876331794
0.03793426753036289
0.03793187905865433
0.03792952283578888
0.0379271983490009
0.03792490508596573
0.037922642535542006
0.037920410188455364
0.037918207537926026
0.03791603408024314
0.037913889315287205
0.03791177274700547
0.03790968388384007
0.03790762223911397
0.037905587331375556
0.03790357868470557
0.03790159582898735
0.03789963830014425
0.03789770564034551
0.037895797398182884
0.037893913128820456
0.037892052394118914
0.037890214762737705
0.03788839981021441
0.03788660711902518
0.037884836278627355
0.037883086885484946
0.03788135854307931
0.03787965086190554
0.03787796345945738
0.03787629596019946
0.03787464799553033
0.03787301920373556
0.0378714092299327
0.03786981772600948
0.037868244350554206
0.03786668876878164
0.037865150652452474
0.03786362967978982
0.03786212553539012
0.03786063791013237
0.037859166501083334
0.037857711011401146
0.037856271150236376
0.03785484663263234
0.03785343717942338
0.037852042517132936
0.037850662377870575
0.037849296499229176
0.03784794462418184
0.03784660650097872
0.037845281883044535
0.03784397052887665
0.03784267220194355
0.037841386670584294
0.03784011370790881
0.037838853091699806
0.03783760460431461
0.03783636803258982
0.0378351431677459
0.03783392980529371
0.037832727744942916
0.03783153679051076
0.03783035674983356
0.03782918743467877
0.0378280286606592
0.037826880247148406
0.037825742017198107
0.037824613797456746
0.03782349541808992
0.0378223867127024
0.037821287518261706
0.037820197675022996
0.03781911702645633
0.03781804541917428
0.037816982702862274
0.037815928730209704
0.03781488335684307
0.037813846441260006
0.03781281784476538
0.03781179743140865
0.037810785067922355
0.0378097806236624
0.03780878397054987
0.03780779498301321
0.03780681353793309
0.037805839514587825
0.03780487279459982
0.037803913261883995
0.03780296080259697
0.037802015305087505
0.03780107665984822
0.03780014475946846
0.03779921949858811
0.037798300773852905
0.03779738848387018
0.03779648252916645
0.03779558281214532
0.03779468923704698
0.03779380170990811
0.037792920138523124
0.0377920444324065
0.037791174502755334
0.0377903102624137
0.03778945162583685
0.03778859850905744
0.03778775082965147
0.03778690850670572
0.037786071460785574
0.037785239613904134
0.0377844128894914
0.037783591212364756
0.037782774508699705
0.03778196270600172
0.03778115573307831
0.03778035352001237
0.03777955599813542
0.03777876310000197
0.03777797475936455
0.03777719091114879
0.037776411491429594
0.03777563643740791
0.03777486568738743
0.03777409918075256
0.037773336857946635
0.03777257866045015
0.03777182453076054
0.037771074412371236
0.03777032824975235
0.037769585988330606
0.037768847574471055
0.03776811295545798
0.03776738207947709
0.03776665489559752
0.037765931353754834
0.037765211404734024
0.037764495000152574
0.03776378209244496
0.03776307263484629
0.03776236658137714
0.037761663886828355
0.03776096450674628
0.037760268397418244
0.03775957551585854
0.0377588858197946
0.03775819926765353
0.03775751581854847
0.03775683543226639
0.03775615806925477
0.037755483690609715
0.03775481225806355
0.03775414373397299
0.03775347808130766
0.03775281526363881
0.037752155245127955
0.037751497990516344
0.037750843465113926
0.03775019163478946
0.037749542465959685
0.03774889592557997
0.03774825198113413
0.03774761060062503
0.03774697175256525
0.03774633540596761
0.037745701530336837
0.037745070095660076
0.037744441072398674
0.03774381443147951
0.03774319014428711
0.0377425681826551
0.037741948518858565
0.0377413311256062
0.03774071597603265
0.03774010304369108
0.037739492302545995
0.03773888372696578
0.037738277291716006
0.03773767297195232
0.03773707074321374
0.037736470581416194
0.0377358724628459
0.03773527636415294
0.03773468226234523
0.037734090134782204
0.03773349995916912
0.037732911713550824
0.03773232537630619
0.03773174092614256
0.03773115834208984
0.0377305776034957
0.03772999869001956
0.03772942158162763
0.037728846258587995
0.037728272701465476
0.037727700891116406
0.037727130808684006
0.03772656243559371
0.037725995753548555
0.03772543074452421
0.03772486739076486
0.03772430567477872
0.03772374557933367
0.03772318708745282
0.03772263018241085
0.03772207484772936
0.03772152106717314
0.03772096882474622
0.03772041810468797
0.03771986889146916
0.0377193211697885
0.037718774924568786
0.037718230140953324
0.03771768680430223
0.03771714490018958
0.03771660441439911
0.03771606533292161
0.03771552764195114
0.03771499132788222
0.037714456377306145
0.03771392277700837
0.03771339051396526
0.037712859575340894
0.037712329948484266
0.03771180162092669
0.037711274580378124
0.037710748814725366
0.03771022431202842
0.03770970106051844
0.03770917904859463
0.03770865826482192
0.03770813869792812
0.03770762033680165
0.037707103170488976
0.03770658718819189
0.03770607237926567
0.037705558733216175
0.037705046239697886
0.037704534888511325
0.037704024669601106
0.03770351557305356
0.03770300758909455
0.03770250070808737
0.03770199492053071
0.037701490217056634
0.037700986588428236
0.037700484025538036
0.03769998251940574
0.03769948206117655
0.037698982642119
0.037698484253623224
0.03769798688719921
0.037697490534474895
0.03769699518719421
0.037696500837215687
0.03769600747651055
0.0376955150971609
0.03769502369135835
0.037694533251402006
0.03769404376969727
0.03769355523875395
0.03769306765118477
0.037692580999703906
0.03769209527712534
0.03769161047636162
0.03769112659042204
0.0376906436124116
0.03769016153552913
0.037689680353066315
0.03768920005840607
0.03768872064502123
0.03768824210647353
0.0376877644364115
0.03768728762857015
0.03768681167676897
0.037686336574911126
0.03768586231698191
0.03768538889704777
0.03768491630925493
0.03768444454782833
0.03768397360707041
0.03768350348136014
0.037683034165151515
0.037682565652972885
0.0376820979394257
0.037681631019183225
0.037681164886989804
0.03768069953765965
0.03768023496607585
0.037679771167189506
0.03767930813601843
0.03767884586764639
0.03767838435722221
0.03767792359995858
0.037677463591131326
0.03767700432607842
0.03767654580019905
0.03767608800895279
0.037675630947858696
0.037675174612494346
0.03767471899849516
0.03767426410155343
0.0376738099174175
0.03767335644189108
0.037672903670832245
0.03767245160015284
0.03767200022581757
0.03767154954384321
0.037671099550298015
0.0376706502413007
0.0376702016130201
0.037669753661673994
0.037669306383528806
0.03766885977489852
0.037668413832144414
0.03766796855167383
0.03766752392994021
0.037667079963441624
0.03766663664872091
0.0376661939823643
0.037665751961001394
0.037665310581304214
0.03766486983998655
0.03766442973380363
0.03766399025955117
0.03766355141406511
0.03766311319422077
0.03766267559693249
0.037662238619152945
0.037661802257872475
0.037661366510118935
0.03766093137295663
0.037660496843486164
0.03766006291884398
0.03765962959620116
0.03765919687276396
0.03765876474577246
0.03765833321250042
0.03765790227025485
0.03765747191637521
0.037657042148233365
0.03765661296323263
0.03765618435880798
0.03765575633242476
0.037655328881579
0.037654902003796405
0.0376544756966323
0.03765404995767094
0.037653624784525386
0.037653200174836615
0.03765277612627377
0.03765235263653303
0.03765192970333772
0.03765150732443781
0.03765108549760945
0.03765066422065443
0.037650243491400164
0.03764982330769924
0.037649403667428596
0.037648984568489884
0.03764856600880848
0.03764814798633354
0.037647730499037385
0.037647313544915434
0.03764689712198549
0.03764648122828792
0.03764606586188476
0.03764565102085973
0.037645236703318
0.03764482290738559
0.037644409631209234
0.03764399687295595
0.03764358463081298
0.037643172902987264
0.03764276168770513
0.03764235098321234
0.03764194078777322
0.03764153109967101
0.03764112191720716
0.0376407132387012
0.037640305062490456
0.037639897386929896
0.0376394902103916
0.03763908353126474
0.03763867734795531
0.03763827165888578
0.037637866462494736
0.03763746175723707
0.03763705754158314
0.03763665381401907
0.03763625057304614
0.037635847817180865
0.03763544554495454
0.03763504375491294
0.03763464244561642
0.03763424161563955
0.037633841263570625
0.037633441388011994
0.03763304198757921
0.03763264306090156
0.037632244606621186
0.037631846623393264
0.03763144910988568
0.03763105206477879
0.03763065548676556
0.03763025937455076
0.03762986372685145
0.03762946854239623
0.03762907381992544
0.03762867955819086
0.037628285755955546
0.037627892411993366
0.037627499525089536
0.03762710709403954
0.037626715117649756
0.037626323594736874
0.03762593252412776
0.037625541904659464
0.037625151735178934
0.03762476201454272
0.037624372741617194
0.03762398391527824
0.037623595534410685
0.03762320759790893
0.03762282010467625
0.037622433053624664
0.03762204644367509
0.03762166027375695
0.03762127454280825
0.03762088924977516
0.03762050439361226
0.037620119973281865
0.037619735987754484
0.037619352436008384
0.03761896931702942
0.03761858662981112
0.03761820437335428
0.037617822546667165
0.03761744114876522
0.03761706017867083
0.03761667963541348
0.03761629951802943
0.03761591982556167
0.03761554055705982
0.037615161711580046
0.03761478328818493
0.03761440528594338
0.037614027703930276
0.037613650541226853
0.03761327379692029
0.03761289747010357
0.03761252155987553
0.03761214606534067
0.03761177098560909
0.03761139631979646
0.037611022067023867
0.037610648226417596
0.037610274797109274
0.03760990177823572
0.037609529168938574
0.037609156968364775
0.03760878517566591
0.037608413789998414
0.03760804281052351
0.037607672236407035
0.037607302066819365
0.03760693230093537
0.037606562937934206
0.03760619397699959
0.03760582541731929
0.037605457258085416
0.03760508949849398
0.03760472213774525
0.03760435517504317
0.0376039886095959
0.03760362244061515
0.037603256667316586
0.037602891288919464
0.0376025263046466
0.037602161713724554
0.03760179751538317
0.03760143370885588
0.037601070293379356
0.03760070726819371
0.03760034463254218
0.03759998238567133
0.03759962052683067
0.037599259055273
0.03759889797025391
Eitim Tamamland
17 numaral adaki hata: %5,961
