1.0
0.1144299888703093
0.11282119719765968
0.1106103010050797
0.1074052738223877
0.10328797241050992
0.09882102256866296
0.09478621989331559
0.0916497737314089
0.08940426442852839
0.08781421091264065
0.08664351028003649
0.08572803102717015
0.08496867095450313
0.08430865017099651
0.08371560278281043
0.08317058127147071
0.08266193039157234
0.08218201968577626
0.0817255268961127
0.08128852923192839
0.08086800765235605
0.08046156248317095
0.0800672395811506
0.07968341694166854
0.07930872651115621
0.07894199805706341
0.07858221786613818
0.07822849800781521
0.07788005344881949
0.0775361851624303
0.07719626788375149
0.0768597414849726
0.07652610516275495
0.07619491378486534
0.07586577585724147
0.07553835265852547
0.07521235815457944
0.07488755935593593
0.07456377682069812
0.07424088503778131
0.07391881245424921
0.07359754093954304
0.07327710451221763
0.07295758719447104
0.07263911990830917
0.0723218763850118
0.07200606812497154
0.07169193851403471
0.07137975626933041
0.07106980844521171
0.07076239327132113
0.07045781311417432
0.07015636784777528
0.0698583488875626
0.0695640340888036
0.06927368364162212
0.06898753701831023
0.06870581095313223
0.06842869836846485
0.0681563681099741
0.06788896532129553
0.06762661227632284
0.06736940949325637
0.06711743697559845
0.06687075545672588
0.06662940756147219
0.06639341883554609
0.0661627986275958
0.06593754083642966
0.06571762455568933
0.06550301465971202
0.06529366237797164
0.06508950590263096
0.0648904710660603
0.06469647211447818
0.06450741259185025
0.06432318633626961
0.06414367858032584
0.06396876713816194
0.06379832365541402
0.06363221489412704
0.06347030402293465
0.06331245188303213
0.06315851820241576
0.06300836273412425
0.06286184629841446
0.06271883171355659
0.06257918460491331
0.06244277408687468
0.06230947331682038
0.06217915992438021
0.06205171632273156
0.06192702991142393
0.06180499318222546
0.061685503740750006
0.06156846425719932
0.06145378235951922
0.0613413704817148
0.061231145679118464
0.06112302942115966
0.06101694737076525
0.06091282915801759
0.06081060815420693
0.060710221250993436
0.06061160864810663
0.06051471365187299
0.06041948248590782
0.06032586411452877
0.060233810078846005
0.060143274345039244
0.060054213164028356
0.0599665849415606
0.05988035011764978
0.05979547105429119
0.059711911930420906
0.059629638643170155
0.05954861871457342
0.05946882120300859
0.05939021661876771
0.05931277684327869
0.05923647505160402
0.05916128563794226
0.05908718414394219
0.059014147189705726
0.058942152407415155
0.05887117837755924
0.058801204567762465
0.05873221127424306
0.058664179565932444
0.058597091231292316
0.05853092872786218
0.05846567513456081
0.058401314106752596
0.058337829834077655
0.05827520700102669
0.05821343075022756
0.05815248664839399
0.058092360654871326
0.05803303909270305
0.05797450862212617
0.05791675621639508
0.05785976913982587
0.05780353492794192
0.05774804136960159
0.057693276490982125
0.05763922854129237
0.057585885980088306
0.05753323746606474
0.05748127184719966
0.057429978152131494
0.05737934558265173
0.0573293635072032
0.05728002145527724
0.057231309112610235
0.05718321631708554
0.05713573305525413
0.05708884945939217
0.057042555805021856
0.05699684250882675
0.05695170012690016
0.05690711935327034
0.05686309101865198
0.05681960608937953
0.056776655666482066
0.05673423098486562
0.05669232341257109
0.056650924450081845
0.05661002572965965
0.056569619014686906
0.05652969619900161
0.05649024930621052
0.05645127048896989
0.05641275202822522
0.05637468633240407
0.056337065936555825
0.05629988350143666
0.056263131812536823
0.0562268037790497
0.056190892432782746
0.05615539092701135
0.056120292535277394
0.05608559065013442
0.056051278781842274
0.05601735055701395
0.055983799717218834
0.055950620117544106
0.05591780572511955
0.05588535061760802
0.055853248981666735
0.05582149511138135
0.0557900834066775
0.05575900837171333
0.05572826461325539
0.0556978468390426
0.0556677498561398
0.05563796856928566
0.05560849797923608
0.05557933318110701
0.055550469362718416
0.05552190180294211
0.05549362587005567
0.05546563702010427
0.05543793079527213
0.05541050282226627
0.05538334881071263
0.05535646455156746
0.05532984591554423
0.05530348885155765
0.0552773893851863
0.05525154361715384
0.05522594772183024
0.055200597945754076
0.05517549060617552
0.05515062208962171
0.05512598885048395
0.055101587409627915
0.05507741435302664
0.055053466330416696
0.05502974005397813
0.05500623229703723
0.0549829398927936
0.05495985973307033
0.054936988767087865
0.054914324000261444
0.054891862493021984
0.05486960135965997
0.054847537767192665
0.05482566893425425
0.0548039921300084
0.054782504673083474
0.05476120393053015
0.054740087316800086
0.054719152292747354
0.05469839636465041
0.054677817083255184
0.05465741204283923
0.05463717888029547
0.054617115274236676
0.0545972189441194
0.05457748764938707
0.0545579191886319
0.054538511398775955
0.05451926215426981
0.05450016936630967
0.054481230982071686
0.05446244498396363
0.054443809388893254
0.054425322247553226
0.054406981643722305
0.0543887856935821
0.05437073254504946
0.05435282037712396
0.05433504739924994
0.05431741185069349
0.05429991199993304
0.05428254614406409
0.054265312608217216
0.054248209744989846
0.054231235933889906
0.05421438958079308
0.054197669117411654
0.054181073000775834
0.05416459971272644
0.05414824775941931
0.054132015670840895
0.054115902000334365
0.05409990532413689
0.0540840242409271
0.054068257371382544
0.054052603357747364
0.0540370608634094
0.05402162857248662
0.054006305189423454
0.05399108943859505
0.05397598006392102
0.053960975828487696
0.05394607551417848
0.05393127792131243
0.05391658186829087
0.05390198619125159
0.05388748974373083
0.05387309139633241
0.05385879003640423
0.053844584567721586
0.05383047391017771
0.05381645699948053
0.05380253278685621
0.05378870023875906
0.05377495833658764
0.05376130607640675
0.053747742468675516
0.053734266537981294
0.0537208773227788
0.0537075738751352
0.05369435526048045
0.05368122055736246
0.05366816885720801
0.05365519926408801
0.05364231089448787
0.05362950287708305
0.053616774352518146
0.053604124473191635
0.05359155240304454
0.053579057317352886
0.053566638402525464
0.0535542948559046
0.05354202588557157
0.05352983071015562
0.05351770855864702
0.053505658670213646
0.05349368029402101
0.05348177268905645
0.05346993512395611
0.053458166876835495
0.05344646723512366
0.053434835495399964
0.05342327096323473
0.053411772953032094
0.05340034078787673
0.05338897379938294
0.05337767132754651
0.05336643272059983
0.05335525733486927
0.05334414453463577
0.05333309369199699
0.05332210418673334
0.053311175406175436
0.053300306745074265
0.05328949760547399
0.05327874739658671
0.053268055534669546
0.053257421442904004
0.05324684455127738
0.053236324296466436
0.05322586012172282
0.0532154514767608
0.05320509781764665
0.053194798606690144
0.053184553312337894
0.05317436140906833
0.053164222377288704
0.053154135703233525
0.05314410087886495
0.05313411740177471
0.05312418477508757
0.05311430250736643
0.05310447011251921
0.053094687109706426
0.05308495302325142
0.05307526738255089
0.05306562972198773
0.053056039580844164
0.053046496503217314
0.05303700003793555
0.05302754973847595
0.05301814516288316
0.053008785873689526
0.05299947143783621
0.05299020142659568
0.05298097541549513
0.05297179298424089
0.05296265371664414
0.05295355720054739
0.052944503027752575
0.05293549079394891
0.05292652009864288
0.05291759054508872
0.052908701740219555
0.05289985329457968
0.05289104482225774
0.05288227594082049
0.052873546271247594
0.05286485543786682
0.05285620306829071
0.052847588793352954
0.05283901224704663
0.052830473066462054
0.052821970891726085
0.05281350536594157
0.05280507613512769
0.05279668284816087
0.05278832515671607
0.05278000271520886
0.05277171518073804
0.052763462213028356
0.05275524347437467
0.05274705862958513
0.0527389073459265
0.0527307892930684
0.05272270414302897
0.05271465157012064
0.05270663125089596
0.05269864286409437
0.052690686090588676
0.05268276061333264
0.05267486611730778
0.05266700228947167
0.05265916881870543
0.05265136539576236
0.05264359171321591
0.0526358474654089
0.05262813234840169
0.05262044605992164
0.05261278829931219
0.05260515876748179
0.05259755716685378
0.05258998320131533
0.05258243657616741
0.05257491699807405
0.0525674241750123
0.052559957816221164
0.05255251763215216
0.052545103334418114
0.052537714635742944
0.052530351249911296
0.052523012891717444
0.052515699276914955
0.05250841012216553
0.05250114514498829
0.05249390406370774
0.05248668659740335
0.052479492465857064
0.05247232138950176
0.05246517308936898
0.05245804728703646
0.052450943704575155
0.052443862064496354
0.05243680208969784
0.052429763503410054
0.05242274602914198
0.052415749390625994
0.052408773311762656
0.05240181751656536
0.05239488172910334
0.052387965673445266
0.052381069073601724
0.05237419165346703
0.052367333136760626
0.052360493246967635
0.0523536717072787
0.05234686824052934
0.05234008256913805
0.05233331441504425
0.052326563499644624
0.05231982954372941
0.05231311226741697
0.05230641139008802
0.052299726630318684
0.05229305770581251
0.052286404333331066
0.05227976622862457
0.0522731431063597
0.052266534680047994
0.05225994066197145
0.05225336076310813
0.05224679469305563
0.05224024215995348
0.052233702870404485
0.05222717652939376
0.05222066284020743
0.05221416150434862
0.052207672221452735
0.05220119468920094
0.05219472860323116
0.05218827365704889
0.05218182954193443
0.052175395946849966
0.0521689725583432
0.05216255906045038
0.05215615513459642
0.05214976045949327
0.05214337471103621
0.05213699756219797
0.05213062868292042
0.05212426774000401
0.05211791439699539
0.05211156831407141
0.052105229147922164
0.05209889655163012
0.05209257017454764
0.052086249662171145
0.0520799346560132
0.05207362479347109
0.05206731970769319
0.0520610190274422
0.052054722376955194
0.05204842937580105
0.05204213963873445
0.05203585277554697
0.052029568390914965
0.05202328608424407
0.05201700544951044
0.05201072607509883
0.052004447543637096
0.05199816943182726
0.05199189131027347
0.051985612743305785
0.051979333288800965
0.05197305249799984
0.051966769915320433
0.05196048507816815
0.05195419751674193
0.05194790675383721
0.05194161230464501
0.05193531367654757
0.05192901036891029
0.05192270187287076
0.05191638767112331
0.05191006723770122
0.051903740037754977
0.05189740552732785
0.05189106315312753
0.051884712352295914
0.05187835255217483
0.05187198317007028
0.05186560361301318
0.05185921327751841
0.0518528115493417
0.05184639780323466
0.05183997140269807
0.05183353169973422
0.0518270780345985
0.05182060973555025
0.051814126118603296
0.0518076264872773
0.051801110132349816
0.05179457633160945
0.051788024349611106
0.05178145343743374
0.05177486283244125
0.05176825175804745
0.05176161942348499
0.051754965023580506
0.051748287738535535
0.05174158673371484
0.05173486115944256
0.051728110150807846
0.051721332827480745
0.051714528293538814
0.05170769563730757
0.05170083393121341
0.0516939422316526
0.05168701957887651
0.05168006499689485
0.05167307749339859
0.05166605605970355
0.05165899967071712
0.05165190728492939
0.05164477784442963
0.05163761027495176
0.05163040348594861
0.051623156370697934
0.05161586780644223
0.05160853665456325
0.05160116176079413
0.0515937419554705
0.05158627605382267
0.05157876285631063
0.05157120114900361
0.05156358970400715
0.05155592727993673
0.05154821262244328
0.051540444464788546
0.051532621528474445
0.051524742523926394
0.051516806151231595
0.05150881110093427
0.05150075605488771
0.051492639687163694
0.05148446066502046
0.051476217649927866
0.05146790929865058
0.051459534264388165
0.051451091197971165
0.05144257874911145
0.05143399556770668
0.05142534030519375
0.05141661161595214
0.051407808158751546
0.051398928598241654
0.05138997160647926
0.05138093586448951
0.05137182006385524
0.05136262290832968
0.05135334311546687
0.05134397941826311
0.051334530566803406
0.0513249953299055
0.05131537249675432
0.051305660878519135
0.051295859309945784
0.05128596665091556
0.05127598178796229
0.051265903635740066
0.051255731138432646
0.051245463271096095
0.051235099040927504
0.05122463748845054
0.05121407768861167
0.051203418751778244
0.05119265982463375
0.05118180009096219
0.0511708387723173
0.05115977512857161
0.051148608458341
0.05113733809928232
0.05112596342826146
0.051114483861390954
0.051102898853936526
0.05109120790009424
0.05107941053263901
0.05106750632244866
0.05105549487790626
0.05104337584418695
0.05103114890243376
0.05101881376883042
0.05100637019357832
0.050993817959785616
0.05098115688227861
0.050968386806343226
0.05095550760640905
0.05094251918468378
0.0509294214697504
0.050916214415137676
0.050902897997873384
0.05088947221703286
0.05087593709229099
0.05086229266248946
0.05084853898422777
0.05083467613048714
0.050820704189295386
0.05080662326244114
0.05079243346424323
0.05077813492038158
0.050763727766795066
0.05074921214864978
0.05073458821938169
0.050719856139815785
0.050705016077362886
0.05069006820529533
0.050675012702100876
0.05065984975091349
0.0506445795390201
0.05062920225744004
0.05061371810057424
0.050598127265920466
0.050582429953850566
0.050566626367444946
0.05055071671237882
0.05053470119685608
0.05051858003158438
0.05050235342978555
0.050486021607236614
0.05046958478233557
0.0504530431761846
0.050436397012687595
0.05041964651865495
0.0504027919239106
0.05038583346139699
0.0503687713672722
0.05035160588099592
0.0503343372453991
0.050316965706734544
0.05029949151470394
0.050281914922459287
0.05026423618657531
0.05024645556699064
0.050228573326916715
0.050210589732710885
0.05019250505371486
0.05017431956205546
0.050156033532408405
0.05013764724172485
0.050119160968919295
0.05010057499452139
0.05008188960029026
0.05006310506879303
0.05004422168294845
0.05002523972553666
0.050006159478676725
0.049986981223272824
0.04996770523843174
0.04994833180085206
0.049928861184188524
0.04990929365839144
0.04988962948902517
0.04986986893656609
0.049850012255682606
0.049830059694499294
0.049810011493846874
0.049789867886500215
0.04976962909640575
0.04974929533790063
0.049728866814925526
0.04970834372023168
0.049687726234585394
0.04966701452597001
0.049646208748787835
0.04962530904306278
0.049604315533644916
0.0495832283294184
0.04956204752251362
0.04954077318752419
0.04951940538072976
0.04949794413932528
0.04947638948065757
0.04945474140146877
0.049432999877147936
0.04941116486099053
0.049389236283465636
0.04936721405149165
0.04934509804771954
0.049322888129824265
0.04930058412980306
0.049278185853281295
0.049255693078825005
0.04923310555725882
0.04921042301099021
0.049187645133337725
0.049164771587864045
0.04914180200771155
0.04911873599494042
0.04909557311986828
0.04907231292041034
0.049048954901418515
0.04902549853401939
0.049001943254949124
0.048978288465884486
0.04895453353276893
0.04893067778513264
0.04890672051540456
0.04888266097821651
0.048858498389696546
0.04883423192675201
0.048809860726339346
0.04878538388472086
0.04876080045670568
0.04873610945487533
0.04871130984879085
0.04868640056418127
0.04866138048211238
0.04863624843813292
0.04861100322139897
0.04858564357377342
0.0485601681889009
0.048534575711255024
0.0485088647351585
0.048483033803773626
0.04845708140806232
0.0484310059857146
0.04840480592004403
0.048378479538848926
0.04835202511323822
0.048325440856421126
0.04829872492245834
0.048271875404975545
0.04824489033583564
0.048217767683770896
0.048190505352973034
0.04816310118163934
0.04813555294047586
0.04810785833115438
0.04808001498472468
0.04805202045997893
0.048023872241769676
0.04799556773927857
0.04796710428423679
0.04793847912909614
0.04790968944514978
0.04788073232060296
0.04785160475859298
0.04782230367515864
0.04779282589715868
0.04776316816013922
0.047733327106150907
0.04770329928151548
0.04767308113454258
0.047642669013196914
0.04761205916271695
0.047581247723185595
0.0475502307270537
0.04751900409661752
0.04748756364145114
0.04745590505579458
0.04742402391589908
0.04739191567733009
0.04735957567222854
0.04732699910653159
0.047294181057152516
0.047261116469119
0.04722780015266978
0.047194226780307
0.04716039088380215
0.0471262868511511
0.04709190892347187
0.04705725119184
0.04702230759404846
0.04698707191128308
0.0469515377646956
0.04691569861185716
0.04687954774306869
0.04684307827750057
0.04680628315912952
0.046769155152434266
0.0467316868378052
0.04669387060661678
0.04665569865590398
0.04661716298257563
0.046578255377090434
0.04653896741651189
0.04649929045685036
0.04645921562459342
0.04641873380731582
0.046377835643256926
0.04633651150974647
0.046294751510357966
0.04625254546067009
0.046209882872520584
0.04616675293664778
0.046123144503631426
0.04607904606307151
0.04603444572097595
0.04598933117538238
0.04594368969029779
0.045897508068127466
0.04585077262086903
0.04580346914048036
0.04575558286899819
0.04570709846918715
0.04565799999675168
0.04560827087544917
0.04555789387681226
0.04550685110663945
0.045455124000949844
0.045402693334751665
0.04534953924775533
0.045295641292110195
0.04524097850839407
0.04518552953748731
0.04512927277769748
0.04507218659864553
0.04501424962610546
0.04495544111531693
0.044895741434376725
0.044835132684155135
0.044773599486553115
0.04471112997809888
0.04464771704934979
0.0445833598695022
0.04451806572559263
0.044451852180614454
0.04438474950797991
0.04431680328593321
0.04424807693563843
0.04417865387298648
0.04410863884448146
0.04403815797389226
0.0439673571041888
0.043896398207121115
0.043825453939142854
0.04375470078413092
0.043684311538533166
0.04361444806001977
0.04354525515779302
0.043476856265123515
0.04340935118149985
0.0433428158104674
0.04327730354114085
0.043212847772891284
0.04314946506174732
0.04308715843882123
0.04302592056996629
0.042965736552420725
0.042906586253024445
0.04284844617262433
0.04279129087185683
0.04273509401964014
0.04267982913436064
0.04262547008545052
0.04257199141497311
0.04251936852850462
0.04246757779419128
0.0424165965795138
0.04236640324748094
0.04231697712776034
0.04226829847350434
0.042220348411105335
0.04217310888757658
0.042126562618472536
0.04208069303804206
0.04203548425249929
0.04199092099677489
0.041946988594791824
0.04190367292312298
0.041860960377792564
0.04181883784394186
0.0417772926680735
0.04173631263260202
0.04169588593245992
0.04165600115353651
0.041616647252752194
0.04157781353959731
0.04153948965898715
0.041501665575305886
0.04146433155752722
0.04142747816531627
0.04139109623603012
0.041355176872542115
0.041319711431827395
0.041284691514253055
0.04125010895352163
0.04121595580722485
0.041182224347966506
0.041148907055019654
0.04111599660648461
0.04108348587191882
0.041051367905411584
0.04101963593907923
0.04098828337695586
0.040957303789260685
0.04092669090701968
0.0408964386170229
0.040866540957098775
0.04083699211168751
0.04080778640769588
0.04077891831061661
0.04075038242089473
0.040722173470524946
0.04069428631986273
0.04066671595463343
0.0406394574831219
0.04061250613352749
0.04058585725146785
0.04055950629761567
0.04053344884545301
0.04050768057912796
0.04048219729139865
0.04045699488165093
0.0404320693539752
0.040407416815290184
0.04038303347350042
0.04035891563567686
0.040335059706248996
0.040311462185199154
0.0402881196662496
0.04026502883503505
0.04024218646725275
0.040219589426784344
0.040197234663784796
0.04017511921273347
0.04015324019044463
0.04013159479403458
0.04011018029884464
0.04008899405631844
0.04006803349183481
0.04004729610249581
0.04002677945487286
0.040006481182712474
0.03998639898460419
0.03996653062161526
0.03994687391489406
0.039927426743248465
0.03990818704070211
0.03988915279403442
0.03987032204030905
0.039851692864396215
0.03983326339649445
0.03981503180965671
0.03979699631732745
0.03977915517089514
0.03976150665726632
0.03974404909646696
0.039726780839275395
0.03970970026489314
0.03969280577865822
0.03967609580980555
0.03965956880927971
0.039643223247603644
0.03962705761280828
0.03961107040842634
0.03959526015155454
0.03957962537098675
0.03956416460542202
0.039548876401749686
0.03953375931341395
0.03951881189886036
0.039504032720066085
0.039489420341154886
0.03947497332709896
0.039460690242507174
0.039446569650502215
0.03943261011168484
0.039418810183187006
0.0394051684178126
0.039391683363265345
0.03937835356146358
0.039365177547940174
0.039352153851326885
0.039339280992921236
0.03932655748633407
0.03931398183721639
0.039301552543062626
0.03928926809308819
0.039277126968179484
0.03926512764091249
0.03925326857563819
0.03924154822863147
0.03922996504830031
0.03921851747545279
0.03920720394361798
0.03919602287941795
0.03918497270298761
0.039174051828438694
0.03916325866436515
0.03915259161438596
0.03914204907772273
0.039131629449808185
0.039121331122922716
0.03911115248685544
0.03910109192958721
0.03909114783799148
0.039081318598551455
0.03907160259808898
0.03906199822450395
0.039052503867519975
0.03904311791943518
0.03903383877587465
0.03902466483654205
0.039015594505969135
0.039006626194259965
0.03899775831782814
0.03898898930012568
0.03898031757236058
0.038971741574202905
0.03896325975447644
0.03895487057183546
0.038946572495424873
0.03893836400552277
0.038930243594164145
0.03892220976574492
0.038914261037605556
0.038906395940593204
0.038898613019602
0.03889091083409098
0.03888328795857888
0.03887574298311593
0.038868274513731885
0.0388608811728602
0.03885356159973851
0.03884631445078523
0.038839138399951866
0.03883203213905158
0.03882499437806432
0.03881802384541776
0.038811119288245335
0.03880427947262127
0.03879750318377206
0.03879078922626665
0.03878413642418348
0.038777543621256606
0.03877100968100036
0.038764533486813135
0.03875811394206115
0.038751749970142246
0.038745440514530584
0.038739184538802554
0.03873298102664448
0.03872682898184295
0.038720727428257745
0.03871467540977852
0.03870867199026566
0.038702716253475565
0.038696807302971314
0.03869094426201936
0.03868512627347219
0.038679352499638574
0.03867362212214077
0.038667934341760385
0.038662288378272756
0.038656683470270535
0.03865111887497719
0.03864559386805097
0.038640107743379636
0.038634659812867
0.038629249406210875
0.03862387587067428
0.038618538570849084
0.03861323688841343
0.03860797022188327
0.03860273798635834
0.03859753961326289
0.03859237455008226
0.038587242260095175
0.03858214222210212
0.03857707393015093
0.038572036893259214
0.03856703063513445
0.03856205469389229
0.03855710862177257
0.038552191984854725
0.03854730436277202
0.03854244534842506
0.038537614547695054
0.03853281157915736
0.03852803607379507
0.03852328767471356
0.03851856603685557
0.038513870826717915
0.038509201722069224
0.038504558411669644
0.03849994059499212
0.03849534798194641
0.03849078029260456
0.03848623725692964
0.03848171861450676
0.03847722411427699
0.03847275351427439
0.03846830658136636
0.038463883090996825
0.03845948282693306
0.03845510558101635
0.0384507511529158
0.03844641934988603
0.038442109986529006
0.03843782288455912
0.03843355787257292
0.03842931478582229
0.03842509346599195
0.03842089376098115
0.038416715524689234
0.03841255861680565
0.03840842290260387
0.03840430825273979
0.038400214543054145
0.038396141654379164
0.03839208947234963
0.03838805788721781
0.03838404679367294
0.03838005609066455
0.03837608568123021
0.0383721354723273
0.038368205374668764
0.0383642953025633
0.03836040517375898
0.03835653490929158
0.03835268443333621
0.03834885367306347
0.03834504255849875
0.03834125102238612
0.03833747900005542
0.03833372642929337
0.03832999325021814
0.038326279405157614
0.038322584838531494
0.0383189094967363
0.03831525332803434
0.038311616282445754
0.03830799831164419
0.038304399368855394
0.038300819408759165
0.038297258387394686
0.038293716262068365
0.03829019299126545
0.03828668853456394
0.03828320285255182
0.038279735906746964
0.038276287659519945
0.03827285807401948
0.03826944711410047
0.03826605474425497
0.0382626809295453
0.038259325635539985
0.03825598882825189
0.03825267047407898
0.03824937053974714
0.03824608899225557
0.03824282579882398
0.03823958092684244
0.03823635434382306
0.038233146017353475
0.03822995591505305
0.038226784004530195
0.038223630253342404
0.03822049462895715
0.03821737709871588
0.038214277629798364
0.038211196189189826
0.03820813274364923
0.03820508725967918
0.03820205970349763
0.03819905004101099
0.038196058237788405
0.038193084259038106
0.03819012806958446
0.03818718963384709
0.038184268915820545
0.038181365879055816
0.03817848048664291
0.03817561270119442
0.03817276248483054
0.03816992979916507
0.038167114605292596
0.038164316863776145
0.038161536534637115
0.038158773577344714
0.03815602795080737
0.03815329961336464
0.038150588522780006
0.03814789463623474
0.038145217910322174
0.03814255830104321
0.03813991576380236
0.03813729025340456
0.03813468172405258
0.03813209012934535
0.03812951542227667
0.0381269575552348
0.038124416480002365
0.038121892147757214
0.038119384509073255
0.03811689351392262
0.038114419111677574
0.038111961251113304
0.03810951988041114
0.03810709494716212
0.038104686398370925
0.038102294180460725
0.03809991823927738
0.03809755852009519
0.03809521496762205
0.03809288752600541
0.0380905761388387
0.038088280749167314
0.03808600129949584
0.0380837377317947
0.03808148998750759
0.03807925800755891
0.03807704173236151
0.03807484110182453
0.038072656055361635
0.03807048653189899
0.0380683324698842
0.03806619380729436
0.0380640704816452
0.03806196242999977
0.03805986958897745
0.038057791894763014
0.03805572928311603
0.03805368168937971
0.038051649048490774
0.03804963129498855
0.038047628363024485
0.038045640186371854
0.03804366669843521
0.03804170783226
0.0380397635205422
0.038037833695638186
0.03803591828957404
0.0380340172340556
0.03803213046047791
0.038030257899935
0.038028399483229475
0.0380265551408822
0.03802472480314207
0.03802290839999536
0.03802110586117527
0.038019317116171875
0.03801754209424091
0.03801578072441388
0.038014032935506925
0.038012298656130504
0.038010577814698396
0.03800887033943692
0.03800717615839431
0.0380054951994495
0.038003827390321154
0.038002172658576784
0.03800053093164121
0.037998902136805776
0.037997286201236526
0.037995683051983156
0.03799409261598738
0.03799251482009117
0.037990949591045424
0.03798939685551782
0.037987856540101166
0.037986328571321434
0.03798481287564537
0.03798330937948886
0.03798181800922415
0.03798033869118774
0.037978871351687975
0.03797741591701223
0.03797597231343448
0.0379745404672223
0.037973120304644156
0.03797171175197635
0.03797031473550989
0.03796892918155735
0.037967555016459556
0.03796619216659222
0.03796484055837228
0.037963500118264555
0.0379621707727876
0.03796085244852043
0.037959545072108095
0.037958248570267895
0.03795696286979528
0.03795568789756947
0.03795442358055913
0.03795316984582801
0.03795192662054037
0.037950693831966344
0.037949471407487056
0.03794825927459999
0.037947057360923866
0.03794586559420368
0.03794468390231558
0.03794351221327148
0.03794235045522406
0.03794119855647079
0.03794005644545896
0.03793892405078974
0.037937801301222554
0.03793668812567922
0.037935584453248225
0.037934490213188524
0.03793340533493356
0.037932329748095184
0.037931263382467266
0.037930206168029425
0.037929158034950665
0.037928118913592726
0.037927088734513656
0.03792606742847108
0.0379250549264254
0.03792405115954303
0.03792305605919948
0.03792206955698244
0.037921091584694394
0.03792012207435598
0.03791916095820847
0.037918208168716494
0.0379172636385707
0.037916327300690424
0.037915399088226075
0.037914478934561575
0.037913566773316885
0.03791266253835004
0.037911766163759485
0.03791087758388634
0.037909996733316326
0.037909123546882
0.03790825795966451
0.03790739990699562
0.03790654932445956
0.03790570614789477
0.037904870313395685
0.03790404175731447
0.0379032204162624
0.03790240622711156
0.037901599126996526
0.03790079905331554
0.03790000594373198
0.037899219736175896
0.03789844036884504
0.037897667780206215
0.03789690190899648
0.03789614269422441
0.037895390075170975
0.03789464399139072
0.03789390438271277
0.03789317118924173
0.03789244435135863
0.03789172380972189
0.03789100950526797
0.037890301379212225
0.037889599373049795
0.03788890342855606
0.03788821348778745
0.03788752949308215
0.03788685138706044
0.037886179112625366
0.037885512612963454
0.03788485183154476
0.037884196712123674
0.03788354719873923
0.037882903235715255
0.03788226476766109
0.03788163173947149
0.03788100409632727
0.03788038178369517
0.037879764747328286
0.0378791529332663
0.03787854628783544
0.03787794475764863
0.03787734828960564
0.03787675683089327
0.03787617032898502
0.03787558873164131
0.03787501198690954
0.03787444004312394
0.03787387284890538
0.03787331035316141
0.037872752505086114
0.03787219925415997
0.03787165055014948
0.03787110634310731
0.03787056658337175
0.037870031221566555
0.03786950020860092
0.03786897349566873
0.03786845103424866
0.03786793277610357
0.03786741867328051
0.03786690867810973
0.03786640274320492
0.037865900821462455
0.03786540286606102
0.03786490883046128
0.0378644186684052
0.03786393233391567
0.03786344978129619
0.037862970965129944
0.03786249584027963
0.03786202436188673
0.03786155648537098
0.037861092166429855
0.03786063136103776
0.03786017402544569
0.03785972011618044
0.037859269590043966
0.037858822404112896
0.037858378515737486
0.03785793788254138
0.037857500462420694
0.037857066213543206
0.03785663509434787
0.03785620706354388
0.03785578208011023
0.03785536010329448
0.03785494109261239
0.03785452500784695
0.037854111809047804
0.03785370145653
0.03785329391087382
0.037852889132923326
0.03785248708378609
0.03785208772483183
0.037851691017691924
0.03785129692425854
0.037850905406683524
0.03785051642737782
0.03785012994901035
0.037849745934507274
0.03784936434705102
0.03784898515007944
0.03784860830728475
0.037848233782612865
0.037847861540262165
0.03784749154468286
0.03784712376057573
0.03784675815289162
0.037846394686829946
0.03784603332783805
0.037845674041610426
0.03784531679408725
0.03784496155145376
0.037844608280139184
0.03784425694681576
0.03784390751839773
0.03784355996204027
0.03784321424513874
0.0378428703353273
0.03784252820047818
0.03784218780870063
0.03784184912833981
0.03784151212797578
0.03784117677642254
0.037840843042727
0.0378405108961679
0.0378401803062548
0.03783985124272694
0.03783952367555233
0.037839197574926695
0.03783887291127237
0.0378385496552373
0.037838227777693904
0.037837907249738116
0.037837588042688275
0.03783727012808403
0.037836953477685425
0.03783663806347164
0.03783632385764006
0.037836010832605294
0.0378356989609977
0.03783538821566292
0.03783507856966031
0.03783476999626209
0.037834462468952224
0.03783415596142544
0.03783385044758603
0.03783354590154679
0.03783324229762797
0.03783293961035635
0.03783263781446386
0.03783233688488672
0.03783203679676444
0.03783173752543847
0.03783143904645132
0.03783114133554551
0.03783084436866239
0.03783054812194105
0.03783025257171739
0.03782995769452303
0.03782966346708393
0.037829369866319816
0.03782907686934272
0.03782878445345612
0.03782849259615383
0.03782820127511865
0.03782791046822203
0.037827620153522035
0.03782733030926311
0.0378270409138746
0.03782675194596975
0.03782646338434465
0.03782617520797733
0.037825887396026464
0.03782559992783051
0.037825312782906545
0.03782502594094927
0.03782473938182994
0.03782445308559538
0.037824167032466834
0.03782388120283896
0.03782359557727898
0.03782331013652534
0.03782302486148679
0.03782273973324147
0.03782245473303578
0.03782216984228338
0.03782188504256413
0.03782160031562306
0.037821315643369456
0.03782103100787573
0.03782074639137652
0.03782046177626758
0.0378201771451048
0.03781989248060322
0.03781960776563603
0.03781932298323364
0.03781903811658254
0.037818753149024414
0.03781846806405506
0.03781818284532355
0.0378178974766312
0.03781761194193044
0.0378173262253241
0.03781704031106424
0.03781675418355124
0.03781646782733283
0.03781618122710321
0.03781589436770193
0.03781560723411318
0.03781531981146455
0.03781503208502631
0.03781474404021043
0.037814455662569385
0.03781416693779576
0.03781387785172071
0.03781358839031352
0.03781329853968032
0.03781300828606354
0.037812717615840485
0.03781242651552302
0.037812134971756214
0.03781184297131758
0.03781155050111617
0.03781125754819181
0.037810964099713996
0.037810670142981076
0.03781037566541949
0.03781008065458271
0.03780978509815049
0.037809488983927934
0.03780919229984465
0.03780889503395396
0.03780859717443175
0.037808298709576124
0.03780799962780609
0.0378076999176609
0.037807399567799174
0.037807098566998244
0.0378067969041529
0.03780649456827511
0.037806191548492595
0.037805887834048625
0.037805583414300646
0.037805278278719864
0.03780497241689025
0.0378046658185078
0.03780435847337972
0.037804050371423585
0.03780374150266656
0.03780343185724474
0.03780312142540217
0.03780281019749025
0.03780249816396689
0.03780218531539561
0.03780187164244506
0.03780155713588794
0.03780124178660046
0.037800925585561605
0.03780060852385217
0.037800290592654245
0.03779997178325046
0.037799652087022906
0.037799331495452976
0.037799010000120224
0.03779868759270176
0.037798364264971525
0.037798040008799536
0.03779771481615142
0.037797388679087246
0.03779706158976134
0.03779673354042111
0.03779640452340688
0.03779607453115066
0.0377957435561758
0.03779541159109624
0.037795078628615864
0.037794744661527706
0.03779440968271343
0.03779407368514255
0.03779373666187189
0.037793398606044845
0.03779305951089067
0.03779271936972414
0.037792378175944455
0.03779203592303498
0.03779169260456244
0.037791348214176304
0.03779100274560817
0.03779065619267123
0.037790308549259494
0.03778995980934742
0.037789609966988914
0.03778925901631716
0.03778890695154374
0.03778855376695823
0.03778819945692733
0.03778784401589458
0.037787487438379584
0.03778712971897764
0.03778677085235882
0.03778641083326775
0.037786049656522824
0.03778568731701572
0.0377853238097109
0.03778495912964489
0.03778459327192588
0.03778422623173309
0.037783858004316315
0.037783488584995376
0.037783117969159376
0.03778274615226639
0.037782373129843005
0.037781998897483626
0.03778162345084987
0.037781246785670373
0.03778086889773983
0.03778048978291899
0.03778010943713383
0.03777972785637514
0.037779345036697914
0.037778960974221086
0.03777857566512671
0.03777818910566004
0.03777780129212825
0.037777412220900725
0.037777021888408036
0.03777663029114173
0.03777623742565393
0.037775843288556474
0.03777544787652108
0.03777505118627831
0.0377746532146173
0.03777425395838553
0.037773853414488134
0.03777345157988745
0.0377730484516027
0.037772644026709525
0.03777223830233955
0.03777183127567978
0.037771422943972545
0.03777101330451475
0.03777060235465755
0.037770190091805975
0.03776977651341849
0.037769361617006544
0.03776894540013433
0.03776852786041803
0.03776810899552585
0.03776768880317733
0.037767267281143005
0.03776684442724404
0.0377664202393519
0.03776599471538792
0.03776556785332279
0.03776513965117642
0.037764710107017326
0.037764279218962575
0.037763846985176965
0.03776341340387305
0.037762978473310636
0.0377625421917964
0.037762104557683494
0.03776166556937139
0.0377612252253052
0.03776078352397563
0.03776034046391858
0.037759896043714616
0.037759450261988736
0.03775900311741014
0.037758554608691854
0.037758104734590195
0.03775765349390466
0.037757200885477606
0.037756746908193764
0.03775629156098007
0.03775583484280534
0.03775537675267965
0.037754917289654626
0.0377544564528226
0.037753994241316445
0.037753530654309385
0.0377530656910147
0.037752599350685125
0.03775213163261297
0.03775166253612962
0.03775119206060509
0.037750720205448084
0.03775024697010543
0.03774977235406185
0.03774929635683979
0.03774881897799913
0.03774834021713662
0.03774786007388606
0.037747378547917695
0.037746895638937954
0.03774641134668944
0.037745925670950385
0.03774543861153451
0.0377449501682907
0.037744460341103056
0.03774396912989003
0.03774347653460466
0.0377429825552343
0.03774248719180006
0.037741990444356784
0.037741492312992904
0.03774099279782985
0.03774049189902214
0.037739989616756967
0.03773948595125407
0.03773898090276536
0.03773847447157485
0.03773796665799829
0.0377374574623829
0.03773694688510737
0.03773643492658147
0.03773592158724576
0.03773540686757148
0.037734890768060386
0.037734373289244456
0.037733854431685525
0.03773333419597536
0.03773281258273525
0.037732289592615924
0.03773176522629716
0.03773123948448773
0.03773071236792509
0.03773018387737543
0.03772965401363318
0.03772912277752079
0.03772859016988884
0.0377280561916155
0.037727520843606636
0.03772698412679544
0.03772644604214215
0.03772590659063414
0.0377253657732855
0.037724823591137005
0.03772428004525567
0.03772373513673496
0.03772318886669423
0.03772264123627881
0.03772209224665971
0.037721541899033414
0.03772099019462177
0.03772043713467187
0.037719882720455705
0.03771932695327013
0.0377187698344366
0.037718211365301166
0.0377176515472341
0.03771709038162991
0.037716527869907014
0.03771596401350773
0.03771539881389797
0.037714832272567195
0.03771426439102821
0.037713695170817005
0.037713124613492605
0.03771255272063692
0.03771197949385455
0.03771140493477267
0.03771082904504095
0.03771025182633121
0.037709673280337454
0.03770909340877573
0.0377085122133837
0.03770792969592095
0.037707345858168484
0.03770676070192869
0.03770617422902526
0.03770558644130288
0.037704997340627364
0.03770440692888525
0.03770381520798388
0.03770322217985095
0.03770262784643482
0.037702032209703945
0.03770143527164707
0.037700837034272856
0.03770023749960991
0.03769963666970657
0.03769903454663087
0.03769843113247032
0.037697826429331685
0.03769722043934114
0.03769661316464392
0.037696004607404195
0.037695394769805095
0.03769478365404844
0.03769417126235478
0.03769355759696297
0.0376929426601305
0.03769232645413293
0.037691708981263984
0.03769109024383557
0.03769047024417738
0.03768984898463688
0.03768922646757923
0.0376886026953873
0.037687977670461156
0.03768735139521836
0.0376867238720937
0.03768609510353904
0.03768546509202332
0.03768483384003214
0.03768420135006819
0.037683567624650575
0.037682932666315186
0.03768229647761418
0.037681659061116125
0.037681020419405874
0.037680380555084346
0.03767973947076857
0.03767909716909143
0.03767845365270164
0.03767780892426367
0.037677162986457645
0.03767651584197903
0.03767586749353891
0.037675217943863554
0.03767456719569442
0.03767391525178824
0.03767326211491651
0.037672607787865894
0.037671952273437746
0.037671295574448066
0.0376706376937276
0.03766997863412153
0.037669318398489464
0.03766865698970547
0.03766799441065765
0.03766733066424842
0.0376666657533941
0.03766599968102505
0.037665332450085395
0.0376646640635332
0.037663994524339994
0.03766332383549108
0.03766265199998503
0.03766197902083391
0.03766130490106321
0.03766062964371143
0.03765995325183034
0.03765927572848465
0.037658597076752086
0.037657917299723107
0.03765723640050107
0.03765655438220196
0.03765587124795427
0.03765518700089915
0.03765450164419003
0.03765381518099263
0.037653127614485145
0.03765243894785757
0.03765174918431219
0.03765105832706333
0.03765036637933696
0.03764967334437103
0.03764897922541517
0.037648284025730665
0.03764758774859025
0.037646890397278254
0.03764619197509034
0.037645492485333464
0.03764479193132577
0.03764409031639647
0.037643387643886014
0.037642683917145564
0.03764197913953743
0.03764127331443448
0.03764056644522044
0.037639858535289596
0.03763914958804682
0.03763843960690745
0.03763772859529718
0.037637016556652
0.037636303494418176
0.037635589412052056
0.037634874313020074
0.03763415820079858
0.03763344107887401
0.037632722950742374
0.03763200381990958
0.03763128368989111
0.03763056256421201
0.03762984044640698
0.0376291173400199
0.0376283932486041
0.03762766817572225
0.037626942124945995
0.037626215099856315
0.03762548710404294
0.03762475814110476
0.03762402821464949
0.03762329732829343
0.037622565485661834
0.037621832690388435
0.03762109894611556
0.03762036425649389
0.0376196286251827
0.03761889205584937
0.03761815455216957
0.03761741611782727
0.03761667675651419
0.03761593647193036
0.03761519526778352
0.03761445314778938
0.037613710115671356
0.03761296617516046
0.037612221329995456
0.0376114755839225
0.03761072894069532
0.03760998140407497
0.03760923297782969
0.037608483665735035
0.03760773347157373
0.03760698239913551
0.037606230452216984
0.03760547763462191
0.03760472395016067
0.037603969402650456
0.037603213995915125
0.03760245773378515
0.037601700620097545
0.03760094265869566
0.03760018385342932
0.03759942420815461
0.03759866372673373
0.03759790241303516
0.03759714027093333
0.03759637730430865
0.03759561351704745
0.03759484891304191
0.03759408349619
0.03759331727039514
0.037592550239566654
0.037591782407619075
0.03759101377847265
0.03759024435605275
0.037589474144290175
0.03758870314712093
0.03758793136848609
0.037587158812331746
0.037586385482609085
0.03758561138327416
0.03758483651828773
0.03758406089161541
0.03758328450722754
0.03758250736909889
0.03758172948120886
0.037580950847541233
0.03758017147208426
0.037579391358830296
0.03757861051177598
0.03757782893492224
0.037577046632273764
0.03757626360783956
0.03757547986563215
0.03757469540966827
0.03757391024396806
0.037573124372555555
0.03757233779945825
0.037571550528707365
0.037570762564337286
0.03756997391038601
0.03756918457089454
0.03756839454990731
0.03756760385147191
0.037566812479638896
0.03756602043846175
0.03756522773199693
0.037564434364303775
0.03756364033944427
0.03756284566148312
0.03756205033448759
0.03756125436252758
0.0375604577496753
0.037559660500005365
0.037558862617594724
0.03755806410652256
0.0375572649708701
0.03755646521472062
0.03755566484215957
0.03755486385727411
0.03755406226415327
0.03755326006688796
0.03755245726957059
0.037551653876295284
0.03755084989115765
0.037550045318254885
0.03754924016168531
0.03754843442554873
0.037547628113946095
0.03754682123097958
0.03754601378075225
0.037545205767368445
0.037544397194933146
0.03754358806755242
0.03754277838933283
0.0375419681643818
0.03754115739680745
0.03754034609071824
0.03753953425022314
0.03753872187943168
0.03753790898245346
0.037537095563398466
0.03753628162637676
0.03753546717549853
0.03753465221487403
0.03753383674861332
0.03753302078082642
0.03753220431562312
0.037531387357112804
0.03753056990940462
0.03752975197660732
0.03752893356282887
0.037528114672177
0.03752729530875845
0.03752647547667937
0.03752565518004513
0.03752483442296012
0.03752401320952779
0.037523191543850566
0.0375223694300297
0.03752154687216527
0.03752072387435622
0.03751990044069995
0.03751907657529258
0.037518252282228645
0.0375174275656012
0.03751660242950161
0.0375157768780196
0.03751495091524302
0.03751412454525787
0.03751329777214835
0.037512470599996434
0.037511643032882194
0.03751081507488349
0.03750998673007589
0.03750915800253273
0.03750832889632505
0.03750749941552136
0.037506669564187536
0.03750583934638709
0.03750500876618071
0.03750417782762642
0.03750334653477936
0.037502514891691915
0.03750168290241336
0.03750085057099008
0.03750001790146534
0.03749918489787916
0.03749835156426833
0.03749751790466646
0.03749668392310354
0.03749584962360633
0.037495015010197946
0.037494180086897956
0.03749334485772216
0.03749250932668282
0.037491673497788175
0.037490837375042635
0.03749000096244677
0.03748916426399704
0.037488327283685806
0.03748749002550125
0.037486652493427385
0.03748581469144388
0.037484976623526116
0.0374841382936449
0.03748329970576661
0.03748246086385302
0.03748162177186129
0.03748078243374376
0.03747994285344816
0.03747910303491724
0.037478262982088874
0.03747742269889589
0.03747658218926609
0.037475741457122215
0.037474900506381685
0.03747405934095679
0.03747321796475444
0.037472376381676095
0.037471534595617764
0.03747069261047009
0.037469850430117836
0.03746900805844036
0.037468165499311125
0.037467322756597976
0.03746647983416272
0.03746563673586122
0.037464793465543544
0.037463950027053584
0.037463106424229016
0.037462262660901524
0.037461418740896424
0.03746057466803274
0.03745973044612306
0.03745888607897362
0.03745804157038411
0.037457196924147666
0.03745635214405063
0.03745550723387295
0.03745466219738755
0.03745381703836065
0.037452971760551505
0.0374521263677125
0.03745128086358891
0.037450435251919066
0.037449589536434076
0.03744874372085781
0.03744789780890693
0.03744705180429083
0.03744620571071139
0.037445359531863155
0.03744451327143314
0.03744366693310074
0.03744282052053781
0.0374419740374084
0.03744112748736894
0.037440280874068047
0.037439434201146336
0.03743858747223666
0.03743774069096383
0.03743689386094449
0.037436046985787404
0.03743520006909307
0.037434353114453714
0.03743350612545334
0.037432659105667745
0.03743181205866413
0.03743096498800137
0.037430117897229664
0.03742927078989103
0.03742842366951848
0.03742757653963656
0.03742672940376097
0.03742588226539875
0.03742503512804804
0.03742418799519816
0.037423340870329225
0.037422493756912714
0.03742164665841078
0.03742079957827644
0.037419952519953836
0.03741910548687763
0.037418258482473286
0.037417411510156914
0.037416564573335344
0.037415717675405816
0.03741487081975619
0.037414024009764735
0.03741317724880028
0.037412330540221805
0.0374114838873787
0.037410637293610535
0.037409790762247215
0.037408944296608716
0.037408097900005106
0.03740725157573657
0.0374064053270932
0.03740555915735524
0.037404713069792477
0.03740386706766496
0.03740302115422222
0.037402175332703846
0.03740132960633879
0.037400483978345916
0.03739963845193367
0.03739879303029998
0.03739794771663236
0.03739710251410765
0.03739625742589245
0.0373954124551423
0.0373945676050025
0.03739372287860723
0.03739287827908017
0.037392033809534174
0.037391189473071094
0.037390345272782094
0.03738950121174717
0.03738865729303555
0.03738781351970528
0.03738696989480332
0.03738612642136566
0.03738528310241693
0.037384439940970786
0.037383596940029455
0.0373827541025839
0.03738191143161384
0.03738106893008746
0.03738022660096163
0.037379384447181876
0.03737854247168198
0.037377700677384336
0.037376859067199814
0.03737601764402737
0.037375176410754676
0.0373743353702574
0.037373494525399696
0.037372653879033796
0.03737181343400006
0.03737097319312718
0.037370133159231766
0.03736929333511865
0.037368453723580546
0.03736761432739818
0.03736677514934029
0.037365936192163454
0.03736509745861229
0.03736425895141904
0.03736342067330384
0.0373625826269746
0.03736174481512695
0.037360907240444205
0.0373600699055974
0.03735923281324506
0.03735839596603349
0.03735755936659635
0.03735672301755497
0.03735588692151806
0.03735505108108186
0.037354215498829994
0.03735338017733349
0.03735254511915073
0.03735171032682737
0.03735087580289643
0.03735004154987815
0.037349207570280006
0.0373483738665966
0.037347540441309765
0.03734670729688848
0.03734587443578872
0.03734504186045373
0.03734420957331365
0.03734337757678555
0.037342545873273625
0.03734171446516897
0.03734088335484974
0.037340052544680744
0.03733922203701372
0.03733839183418737
0.03733756193852708
0.0373367323523452
0.037335903077940526
0.037335074117598836
0.037334245473592584
0.03733341714818075
0.03733258914360907
0.0373317614621099
0.03733093410590221
0.037330107077191546
0.037329280378169946
0.037328454011015914
0.03732762797789458
0.03732680228095756
0.03732597692234275
0.03732515190417464
0.03732432722856406
0.03732350289760821
0.0373226789133907
0.03732185527798126
0.037321031993436324
0.03732020906179825
0.03731938648509583
0.03731856426534415
0.037317742404544406
0.03731692090468396
0.03731609976773655
0.03731527899566195
0.03731445859040602
0.03731363855390089
0.03731281888806471
0.03731199959480171
0.03731118067600224
0.037310362133542586
0.037309543969285194
0.03730872618507848
0.037307908782756825
0.03730709176414061
0.03730627513103616
0.037305458885235704
0.03730464302851759
0.037303827562645726
0.03730301248937022
0.037302197810427
0.03730138352753766
0.037300569642409964
0.03729975615673719
0.03729894307219863
0.037298130390459365
0.03729731811317017
0.03729650624196769
0.03729569477847419
0.03729488372429793
0.03729407308103266
0.03729326285025794
0.03729245303353916
0.037291643632427186
0.037290834648458775
0.03729002608315619
0.03728921793802746
0.03728841021456628
0.03728760291425194
0.0372867960385493
0.037285989588908997
0.03728518356676722
0.037284377973545675
0.03728357281065175
0.03728276807947833
0.03728196378140399
0.03728115991779291
0.03728035648999464
0.0372795534993443
0.03727875094716276
0.037277948834756255
0.03727714716341669
0.03727634593442124
0.037275545149032856
0.037274744808499835
0.03727394491405608
0.03727314546692104
0.03727234646829941
0.03727154791938163
0.037270749821343624
0.03726995217534648
0.037269154982537155
0.037268358244047846
0.03726756196099635
0.03726676613448577
0.03726597076560495
0.03726517585542775
0.037264381405013924
0.03726358741540846
0.03726279388764184
0.03726200082273001
0.03726120822167437
0.037260416085461774
0.037259624415064495
0.03725883321144029
0.037258042475532285
0.03725725220826923
0.03725646241056514
0.037255673083319576
0.03725488422741754
0.03725409584372955
0.03725330793311134
0.03725252049640443
0.03725173353443565
0.03725094704801717
0.037250161037946754
0.03724937550500775
0.03724859044996872
0.03724780587358389
0.037247021776592885
0.03724623815972085
0.03724545502367845
0.03724467236916168
0.037243890196852224
0.037243108507417244
0.037242327301509316
0.03724154657976657
0.0372407663428127
0.03723998659125686
0.03723920732569382
0.03723842854670387
0.037237650254852823
0.037236872450691974
0.03723609513475847
0.03723531830757461
0.03723454196964867
0.03723376612147428
0.03723299076353079
0.03723221589628308
0.0372314415201816
0.03723066763566272
0.037229894243148154
0.03722912134304534
0.03722834893574739
0.037227577021633214
0.03722680560106729
0.037226034674399715
0.03722526424196643
0.03722449430408914
0.037223724861075086
0.03722295591321753
0.03722218746079514
0.03722141950407273
0.037220652043300724
0.03721988507871538
0.03721911861053866
0.0372183526389786
0.03721758716422889
0.037216822186469094
0.03721605770586477
0.03721529372256735
0.037214530236714054
0.037213767248428196
0.0372130047578189
0.03721224276498127
0.03721148126999659
0.037210720272931784
0.037209959773840194
0.037209199772760854
0.037208440269719
0.037207681264726
0.037206922757779204
0.03720616474886217
0.03720540723794446
0.037204650224981865
0.03720389370991647
0.037203137692676254
0.03720238217317572
0.03720162715131539
0.03720087262698212
0.03720011860004912
0.03719936507037574
0.03719861203780782
0.03719785950217729
0.03719710746330283
0.03719635592098917
0.03719560487502771
0.03719485432519598
0.037194104271258265
0.037193354712965275
0.0371926056500541
0.03719185708224853
0.03719110900925875
0.03719036143078169
0.0371896143465008
0.03718886775608628
0.037188121659194856
0.03718737605546993
0.0371866309445418
0.03718588632602742
0.03718514219953051
0.037184398564641494
0.037183655420937885
0.037182912767983786
0.03718217060533029
0.03718142893251555
0.037180687749064446
0.037179947054488884
0.03717920684828794
0.03717846712994749
0.0371777278989407
0.0371769891547276
0.037176250896755594
0.037175513124459006
0.037174775837259616
0.03717403903456616
0.037173302715774834
0.03717256688026896
0.03717183152741941
0.03717109665658405
0.03717036226710852
0.03716962835832566
0.03716889492955576
0.03716816198010666
0.03716742950927381
0.03716669751634002
0.037165966000575805
0.03716523496123937
0.03716450439757642
0.037163774308820514
0.037163044694192786
0.03716231555290233
0.037161586884145906
0.03716085868710821
0.037160130960961706
0.03715940370486694
0.0371586769179722
0.03715795059941409
0.037157224748316835
0.03715649936379301
0.037155774444943314
0.037155049990856476
0.0371543260006094
0.03715360247326738
0.03715287940788374
0.03715215680350031
0.03715143465914724
0.037150712973842974
0.03714999174659449
0.037149270976397114
0.0371485506622349
0.03714783080308024
0.037147111397894124
0.0371463924456263
0.03714567394521522
0.037144955895587965
0.037144238295660416
0.03714352114433721
0.037142804440511906
0.03714208818306699
0.03714137237087378
0.03714065700279268
0.037139942077673044
0.037139227594353355
0.03713851355166123
0.03713779994841342
0.03713708678341587
0.03713637405546376
0.03713566176334163
0.03713494990582341
0.03713423848167233
0.037133527489641015
0.03713281692847177
0.03713210679689637
0.037131397093635984
0.03713068781740169
0.037129978966893934
0.037129270540803276
0.03712856253780979
0.03712785495658335
0.03712714779578382
0.03712644105406103
0.03712573473005465
0.037125028822394386
0.03712432332970007
0.03712361825058165
0.0371229135836393
0.037122209327463254
0.037121505480634226
0.03712080204172307
0.037120099009291134
0.03711939638189013
0.037118694158062356
0.037117992336340444
0.03711729091524775
0.03711658989329828
0.037115889268996775
0.037115189040838416
0.03711448920730958
0.037113789766887235
0.03711309071803936
0.03711239205922479
0.03711169378889349
0.037110995905486395
0.037110298407435634
0.03710960129316445
0.03710890456108727
0.037108208209609986
0.03710751223712954
0.03710681664203456
0.03710612142270493
0.03710542657751213
0.037104732104819176
0.03710403800298066
0.0371033442703429
0.037102650905243874
0.03710195790601344
0.037101265270973335
0.03710057299843697
0.03709988108670998
0.03709918953408976
0.037098498338866095
0.037097807499320554
0.037097117013727164
0.03709642688035208
0.03709573709745369
0.03709504766328303
0.03709435857608317
0.03709366983408994
0.03709298143553169
0.03709229337862916
0.037091605661596166
0.037090918282638684
0.037090231239956
0.037089544531739904
0.03708885815617525
0.03708817211143978
0.03708748639570426
0.03708680100713267
0.0370861159438819
0.03708543120410219
0.0370847467859371
0.037084062687523386
0.037083378906991295
0.03708269544246456
0.03708201229206023
0.03708132945388915
0.03708064692605558
0.037079964706657774
0.03707928279378755
0.037078601185530545
0.037077919879966406
0.03707723887516859
0.03707655816920469
0.03707587776013635
0.03707519764601927
0.03707451782490344
0.037073838294833086
0.03707315905384693
0.03707248009997775
0.0370718014312531
0.03707112304569493
0.03707044494131977
0.03706976711613883
0.037069089568158096
0.03706841229537822
0.03706773529579479
0.03706705856739828
0.037066382108174124
0.03706570591610288
0.037065029989160225
0.0370643543253168
0.03706367892253873
0.03706300377878733
0.03706232889201931
0.03706165426018689
0.03706097988123763
0.037060305753114864
0.037059631873757444
0.03705895824109982
0.037058284853072485
0.03705761170760161
0.03705693880260918
0.037056266136013385
0.03705559370572814
0.03705492150966391
0.037054249545726815
0.0370535778118196
0.03705290630584112
0.03705223502568665
0.03705156396924799
0.0370508931344134
0.03705022251906757
0.03704955212109206
0.03704888193836498
0.03704821196876124
0.037047542210152704
0.03704687266040804
0.03704620331739296
0.03704553417897016
0.03704486524299955
0.03704419650733809
0.03704352796984009
0.03704285962835721
0.0370421914807384
0.037041523524830186
0.03704085575847654
0.037040188179519
0.03703952078579687
0.037038853575147065
0.03703818654540442
0.03703751969440163
0.037036853019969104
0.03703618651993566
0.037035520192127844
0.037034854034370485
0.03703418804448659
0.037033522220297585
0.03703285655962298
0.037032191060280994
0.03703152572008807
0.03703086053685942
0.037030195508408734
0.03702953063254847
0.03702886590708981
0.03702820132984285
0.037027536898616466
0.03702687261121859
0.037026208465456206
0.03702554445913532
0.03702488059006114
0.03702421685603824
0.03702355325487027
0.03702288978436054
0.037022226442311644
0.03702156322652559
0.037020900134804226
0.03702023716494899
0.03701957431476092
0.037018911582040945
0.037018248964589814
0.03701758646020837
0.0370169240666972
0.03701626178185709
0.03701559960348897
0.03701493752939404
0.03701427555737366
0.037013613685229575
0.03701295191076398
0.03701229023177944
0.03701162864607926
0.03701096715146718
0.03701030574574773
0.03700964442672618
0.03700898319220852
0.037008322040001845
0.03700766096791401
0.037006999973753923
0.03700633905533174
0.03700567821045863
0.037005017436947035
0.03700435673261065
0.03700369609526465
0.03700303552272553
0.03700237501281132
0.03700171456334171
0.037001054172137865
0.03700039383702273
0.03699973355582104
0.03699907332635935
0.036998413146466125
0.036997753013971825
0.03699709292670881
0.03699643288251171
0.036995772879217265
0.036995112914664494
0.0369944529866946
0.03699379309315126
0.03699313323188055
0.03699247340073108
0.03699181359755397
0.036991153820203
0.036990494066534756
0.03698983433440833
0.03698917462168592
0.03698851492623246
0.0369878552459159
0.0369871955786071
0.03698653592218029
0.03698587627451256
0.03698521663348437
0.0369845569969794
0.036983897362884696
0.03698323772909076
0.036982578093491564
0.03698191845398456
0.03698125880847082
0.03698059915485513
0.03697993949104597
0.0369792798149556
0.036978620124500226
0.03697796041759981
0.036977300692178465
0.03697664094616426
0.036975981177489466
0.03697532138409028
0.03697466156390744
0.036974001714885824
0.03697334183497457
0.03697268192212748
0.036972021974302605
0.03697136198946269
0.03697070196557501
0.03697004190061139
0.0369693817925487
0.03696872163936824
0.036968061439056364
0.03696740118960425
0.036966740889008046
0.03696608053526892
0.03696542012639317
0.03696475966039215
0.03696409913528244
0.036963438549086035
0.03696277789982988
0.03696211718554661
0.03696145640427425
0.03696079555405627
0.036960134632941566
0.03695947363898491
0.03695881257024646
0.03695815142479231
0.0369574902006941
0.036956828896029595
0.0369561675088822
0.03695550603734128
0.036954844479502424
0.03695418283346693
0.03695352109734269
0.036952859269243174
0.03695219734728852
0.036951535329604976
0.03695087321432505
0.036950210999587785
0.036949548683538606
0.036948886264329274
0.03694822374011841
0.03694756110907094
0.0369468983693585
0.03694623551915954
0.036945572556659194
0.036944909480049304
0.03694424628752871
0.03694358297730315
0.036942919547585155
0.03694225599659448
0.036941592322557816
0.03694092852370897
0.03694026459828885
0.03693960054454583
0.03693893636073514
0.036938272045119624
0.03693760759596934
0.03693694301156187
0.036936278290182
0.036935613430122374
0.03693494842968274
0.03693428328717092
0.036933618000901884
0.036932952569198756
0.03693228699039204
0.03693162126282009
0.03693095538482922
0.03693028935477352
0.036929623171014926
0.03692895683192346
0.03692829033587713
0.03692762368126172
0.03692695686647144
0.03692628988990853
0.036925622749983414
0.036924955445114545
0.03692428797372886
0.03692362033426154
0.03692295252515601
0.03692228454486421
0.03692161639184637
0.0369209480645713
0.03692027956151623
0.03691961088116701
0.0369189420220179
0.03691827298257205
0.036917603761340984
0.036916934356845156
0.03691626476761365
0.036915594992184254
0.03691492502910365
0.03691425487692739
0.03691358453421991
0.03691291399955446
0.036912243271513365
0.036911572348687804
0.036910901229678085
0.036910229913093645
0.036909558397552764
0.036908886681683156
0.03690821476412142
0.036907542643513556
0.036906870318514674
0.03690619778778912
0.03690552505001075
0.036904852103862344
0.03690417894803643
0.03690350558123472
0.03690283200216836
0.03690215820955795
0.036901484202133586
0.036900809978634805
0.03690013553781084
0.036899460878420214
0.036898785999231264
0.0368981108990219
0.036897435576579624
0.03689676003070159
0.0368960842601947
0.03689540826387558
0.03689473204057049
0.03689405558911579
0.03689337890835718
0.036892701997150466
0.036892024854361355
0.03689134747886519
0.03689066986954742
0.03688999202530325
0.036889313945037895
0.03688863562766659
0.03688795707211443
0.03688727827731671
0.036886599242218425
0.03688591996577494
0.03688524044695152
0.036884560684723455
0.036883880678076325
0.03688320042600571
0.03688251992751737
0.036881839181627206
0.03688115818736127
0.036880476943755854
0.03687979544985734
0.03687911370472255
0.03687843170741837
0.03687774945702206
0.036877066952621
0.036876384193313023
0.03687570117820612
0.03687501790641873
0.036874334377079494
0.03687365058932745
0.03687296654231206
0.03687228223519299
0.0368715976671404
0.03687091283733477
0.03687022774496717
0.03686954238923868
0.03686885676936118
0.036868170884556864
0.036867484734058265
0.03686679831710837
0.03686611163296083
0.036865424680879465
0.036864737460138804
0.03686404997002368
0.036863362209829574
0.03686267417886225
0.03686198587643811
0.036861297301884005
0.0368606084545374
0.03685991933374602
0.03685922993886835
0.03685854026927327
0.03685785032434019
0.036857160103459054
0.03685646960603033
0.03685577883146506
0.03685508777918462
0.036854396448621186
0.03685370483921728
0.03685301295042605
0.036852320781711065
0.03685162833254652
0.03685093560241706
0.03685024259081794
0.03684954929725485
0.03684885572124414
0.03684816186231244
0.03684746771999712
0.036846773293846
0.036846078583417284
0.036845383588279906
0.03684468830801311
0.036843992742206656
0.03684329689046094
0.03684260075238666
0.036841904327605084
0.036841207615747884
0.03684051061645727
0.03683981332938586
0.03683911575419675
0.0368384178905634
0.03683771973816982
0.036837021296710314
0.03683632256588964
0.03683562354542297
0.03683492423503596
0.036834224634464396
0.03683352474345463
0.0368328245617633
0.0368321240891575
0.03683142332541442
0.036830722270321796
0.0368300209236775
0.036829319285289853
0.036828617354977375
0.03682791513256883
0.03682721261790312
0.03682650981082967
0.0368258067112079
0.036825103318907496
0.036824399633808284
0.03682369565580036
0.0368229913847839
0.036822286820669146
0.03682158196337658
0.03682087681283677
0.03682017136899025
0.03681946563178773
0.03681875960118997
0.036818053277167626
0.0368173466597015
0.03681663974878227
0.03681593254441066
0.03681522504659724
0.03681451725536255
0.0368138091707371
0.03681310079276103
0.0368123921214847
0.03681168315696806
0.03681097389928077
0.0368102643485025
0.03680955450472264
0.03680884436804017
0.036808133938563976
0.03680742321641241
0.0368067122017137
0.03680600089460558
0.03680528929523538
0.03680457740376011
0.036803865220346205
0.03680315274516983
0.036802439978416465
0.036801726920281094
0.036801013570968204
0.03680029993069167
0.036799585999674846
0.03679887177815029
0.03679815726635994
0.03679744246455513
0.036796727372996385
0.0367960119919535
0.03679529632170552
0.03679458036254055
0.03679386411475601
0.03679314757865824
0.036792430754562934
0.0367917136427946
0.03679099624368693
0.03679027855758256
0.036789560584832966
0.03678884232579881
0.03678812378084943
0.03678740495036309
0.03678668583472692
0.036785966434336854
0.03678524674959747
0.03678452678092221
0.0367838065287331
0.03678308599346092
0.03678236517554502
0.0367816440754333
0.03678092269358227
0.0367802010304569
0.03677947908653073
0.03677875686228568
0.03677803435821197
0.03677731157480842
0.03677658851258195
0.03677586517204794
0.036775141553729976
0.03677441765815982
0.03677369348587739
0.036772969037430936
0.03677224431337647
0.03677151931427838
0.036770794040708994
0.0367700684932486
0.03676934267248539
0.03676861657901551
0.03676789021344297
0.03676716357637959
0.03676643666844508
0.036765709490266724
0.03676498204247962
0.03676425432572654
0.036763526340657784
0.03676279808793139
0.0367620695682128
0.03676134078217506
0.0367606117304986
0.0367598824138712
0.03675915283298827
0.0367584229885523
0.036757692881273146
0.03675696251186797
0.03675623188106117
0.03675550098958409
0.03675476983817546
0.03675403842758095
0.03675330675855327
0.03675257483185215
0.03675184264824421
0.036751110208503086
0.03675037751340917
0.03674964456374976
0.03674891136031877
0.03674817790391711
0.03674744419535205
0.03674671023543781
0.036745976024994936
0.0367452415648507
0.036744506855838875
0.03674377189879962
0.03674303669457945
0.036742301244031474
0.03674156554801496
0.036740829607395484
0.036740093423044844
0.03673935699584109
0.03673862032666835
0.036737883416416886
0.03673714626598305
0.03673640887626908
0.03673567124818337
0.03673493338264009
0.03673419528055921
0.03673345694286673
0.03673271837049433
0.036731979564379354
0.03673124052546497
0.03673050125469988
0.036729761753038374
0.03672902202144041
0.036728282060871295
0.0367275418723019
0.03672680145670846
0.03672606081507258
0.036725319948381165
0.03672457885762649
0.036723837543805836
0.036723096007921896
0.03672235425098237
0.03672161227399998
0.03672087007799266
0.036720127663983186
0.03671938503299934
0.03671864218607381
0.036717899124244065
0.03671715584855241
0.036716412360045976
0.03671566865977652
0.0367149247488004
0.03671418062817879
0.03671343629897727
0.03671269176226592
0.036711947019119506
0.03671120207061699
0.0367104569178417
0.03670971156188162
0.03670896600382864
0.036708220244779106
0.03670747428583351
0.0367067281280965
0.03670598177267677
0.036705235220687187
0.03670448847324445
0.03670374153146949
0.0367029943964868
0.036702247069425056
0.03670149955141661
0.036700751843597626
0.036700003947107936
0.03669925586309114
0.03669850759269448
0.03669775913706868
0.036697010497368135
0.03669626167475073
0.03669551267037767
0.03669476348541372
0.036694014121026984
0.03669326457838887
0.036692514858673954
0.03669176496306016
0.036691014892728586
0.03669026464886337
0.03668951423265195
0.03668876364528456
0.0366880128879546
0.036687261961858335
0.03668651086819498
0.03668575960816661
0.03668500818297816
0.03668425659383728
0.03668350484195441
0.03668275292854257
0.03668200085481755
0.03668124862199769
0.036680496231303907
0.03667974368395951
0.03667899098119048
0.036678238124225035
0.03667748511429381
0.03667673195263001
0.03667597864046874
0.03667522517904757
0.03667447156960632
0.03667371781338694
0.03667296391163335
0.03667220986559175
0.03667145567651033
0.03667070134563917
0.036669946874230364
0.03666919226353793
0.036668437514817784
0.03666768262932749
0.036666927608326676
0.036666172453076434
0.03666541716483974
0.036664661744881144
0.03666390619446682
0.0366631505148645
0.036662394707343504
0.03666163877317461
0.03666088271363004
0.03666012652998346
0.03665937022350988
0.0366586137954856
0.0366578572471883
0.0366571005798969
0.036656343794891424
0.03665558689345317
0.03665482987686452
0.03665407274640893
0.03665331550337103
0.036652558149036375
0.036651800684691434
0.03665104311162371
0.03665028543112154
0.03664952764447416
0.03664876975297162
0.036648011757904775
0.03664725366056517
0.03664649546224513
0.03664573716423758
0.03664497876783612
0.036644220274334914
0.036643461685028765
0.036642703001212876
0.036641944224182994
0.03664118535523544
0.03664042639566668
0.036639667346773847
0.03663890820985414
0.036638148986205286
0.036637389677125244
0.03663663028391204
0.03663587080786406
0.036635111250279906
0.03663435161245811
0.036633591895697495
0.03663283210129688
0.03663207223055497
0.036631312284770706
0.036630552265242845
0.03662979217327005
0.03662903201015097
0.03662827177718406
0.03662751147566754
0.036626751106899676
0.0366259906721781
0.03662523017280051
0.03662446961006416
0.03662370898526594
0.03662294829970245
0.03662218755466986
0.03662142675146389
0.03662066589137982
0.03661990497571246
0.036619144005756034
0.03661838298280425
0.036617621908150266
0.03661686078308655
0.03661609960890496
0.03661533838689666
0.03661457711835219
0.03661381580456134
0.036613054446812954
0.03661229304639531
0.03661153160459579
0.036610770122700885
0.03661000860199624
0.036609247043766655
0.03660848544929579
0.03660772381986665
0.03660696215676103
0.03660620046125967
0.03660543873464249
0.036604676978188165
0.03660391519317427
0.03660315338087738
0.036602391542572776
0.03660162967953461
0.03660086779303597
0.036600105884348456
0.03659934395474254
0.03659858200548756
0.036597820037851295
0.03659705805310029
0.03659629605249986
0.03659553403731367
0.036594772008804316
0.03659400996823273
0.03659324791685837
0.03659248585593941
0.03659172378673232
0.03659096171049229
0.03659019962847267
0.036589437541925486
0.03658867545210097
0.03658791336024791
0.03658715126761344
0.036586389175442796
0.03658562708497988
0.036584864997466736
0.03658410291414365
0.03658334083624914
0.03658257876502003
0.03658181670169134
0.036581054647496294
0.03658029260366623
0.03657953057143066
0.03657876855201729
0.036578006546651866
0.03657724455655814
0.036576482582958224
0.03657572062707197
0.036574958690117405
0.03657419677331053
0.03657343487786539
0.03657267300499393
0.03657191115590616
0.0365711493318099
0.03657038753391095
0.03656962576341302
0.036568864021517766
0.0365681023094246
0.03656734062833078
0.03656657897943147
0.036565817363919735
0.03656505578298617
0.036564294237819386
0.03656353272960566
0.036562771259529094
0.03656200982877143
0.03656124843851225
0.036560487089928616
0.03655972578419555
0.03655896452248558
0.036558203305968914
0.036557442135813446
0.036556681013184614
0.03655591993924559
0.03655515891515701
0.03655439794207728
0.03655363702116212
0.036552876153565006
0.03655211534043688
0.036551354582926285
0.03655059388217912
0.036549833239338955
0.0365490726555468
0.03654831213194109
0.03654755166965774
0.03654679126983017
0.03654603093358921
0.03654527066206308
0.03654451045637751
0.0365437503176555
0.03654299024701751
0.03654223024558149
0.03654147031446254
0.03654071045477327
0.03653995066762365
0.03653919095412091
0.036538431315369574
0.03653767175247167
0.03653691226652623
0.036536152858629906
0.03653539352987644
0.03653463428135681
0.036533875114159474
0.03653311602936991
0.036532357028071026
0.03653159811134287
0.036530839280262656
0.03653008053590504
0.03652932187934165
0.036528563311641504
0.036527804833870615
0.03652704644709237
0.03652628815236724
0.03652552995075295
0.03652477184330416
0.036524013831073024
0.0365232559151086
0.03652249809645711
0.036521740376162036
0.03652098275526384
0.03652022523480012
0.03651946781580576
0.036518710499312504
0.03651795328634935
0.03651719617794232
0.036516439175114636
0.0365156822788864
0.036514925490274984
0.036514168810294685
0.03651341223995693
0.03651265578027022
0.03651189943224011
0.036511143196869135
0.036510387075156886
0.03650963106810003
0.036508875176692296
0.036508119401924354
0.03650736374478388
0.036506608206255786
0.03650585278732165
0.0365050974889603
0.03650434231214754
0.0365035872578562
0.036502832327055874
0.03650207752071349
0.036501322839792724
0.03650056828525435
0.036499813858056056
0.036499059559152516
0.036498305389495514
0.03649755135003356
0.036496797441712345
0.03649604366547444
0.03649529002225946
0.036494536513003786
0.036493783138640996
0.03649302990010143
0.03649227679831255
0.03649152383419866
0.036490771008681026
0.0364900183226779
0.036489265777104415
0.036488513372872754
0.036487761110892004
0.03648700899206811
0.03648625701730402
0.03648550518749968
0.03648475350355186
0.036484001966354374
0.036483250576797875
0.03648249933577
0.03648174824415538
0.03648099730283545
0.03648024651268863
0.0364794958745904
0.0364787453894129
0.03647799505802547
0.03647724488129425
0.036476494860082316
0.03647574499524963
0.036474995287653356
0.0364742457381472
0.03647349634758197
0.03647274711680547
0.03647199804666244
0.03647124913799446
0.036470500391639994
0.036469751808434585
0.03646900338921072
0.036468255134797616
0.03646750704602165
0.03646675912370604
0.03646601136867092
0.03646526378173345
0.036464516363707636
0.036463769115404485
0.036463022037631916
0.0364622751311948
0.036461528396894954
0.0364607818355312
0.03646003544789924
0.03645928923479171
0.036458543196998296
0.03645779733530554
0.036457051650496994
0.036456306143353184
0.03645556081465159
0.03645481566516656
0.036454070695669555
0.0364533259069289
0.03645258129970995
0.03645183687477506
0.03645109263288342
0.03645034857479133
0.036449604701252046
0.03644886101301585
0.03644811751082979
0.03644737419543826
0.036446631067582315
0.03644588812800023
0.03644514537742719
0.03644440281659531
0.036443660446233934
0.03644291826706912
0.0364421762798242
0.036441434485219325
0.03644069288397179
0.03643995147679589
0.036439210264402826
0.03643846924750108
0.036437728426795844
0.03643698780298963
0.036436247376781826
0.03643550714886894
0.03643476711994447
0.036434027290699
0.0364332876618202
0.03643254823399271
0.036431809007898296
0.03643106998421579
0.036430331163621064
0.03642959254678719
0.03642885413438406
0.03642811592707893
0.03642737792553595
0.036426640130416486
0.03642590254237893
0.036425165162078756
0.03642442799016865
0.0364236910272983
0.03642295427411458
0.036422217731261385
0.03642148139937992
0.03642074527910831
0.036420009371081905
0.036419273675933235
0.036418538194291944
0.036417802926784794
0.036417067874035675
0.03641633303666577
0.03641559841529325
0.03641486401053361
0.036414129822999367
0.03641339585330029
0.03641266210204346
0.03641192856983289
0.03641119525727001
0.036410462164953306
0.03640972929347846
0.03640899664343853
0.03640826421542367
0.036407532010021185
0.03640680002781573
0.036406068269389136
0.03640533673532044
0.03640460542618606
0.03640387434255938
0.03640314348501136
0.03640241285411006
0.03640168245042074
0.03640095227450603
0.036400222326925795
0.03639949260823718
0.036398763118994704
0.036398033859749976
0.03639730483105212
0.036396576033447404
0.03639584746747951
0.03639511913368934
0.03639439103261519
0.036393663164792645
0.03639293553075464
0.03639220813103144
0.03639148096615068
0.036390754036637225
0.0363900273430135
0.036389300885799
0.03638857466551098
0.036387848682663676
0.036387122937769016
0.03638639743133601
0.036385672163871334
0.036384947135878906
0.03638422234786016
0.03638349780031375
0.036382773493735865
0.03638204942862017
0.03638132560545774
0.03638060202473684
0.03637987868694362
0.03637915559256118
0.0363784327420705
0.036377710135949794
0.036376987774674734
0.0363762656587185
0.03637554378855185
0.03637482216464285
0.036374100787457085
0.03637337965745784
0.036372658775105614
0.036371938140858553
0.03637121775517234
0.03637049761850015
0.03636977773129263
0.03636905809399804
0.03636833870706213
0.036367619570928274
0.036366900686037276
0.03636618205282755
0.03636546367173502
0.03636474554319334
0.0363640276676336
0.03636331004548452
0.03636259267717244
0.03636187556312113
0.0363611587037522
0.03636044209948472
0.03635972575073537
0.036359009657918544
0.03635829382144622
0.036357578241727945
0.03635686291917102
0.036356147854180294
0.036355433047158374
0.03635471849850535
0.03635400420861916
0.03635329017789534
0.036352576406727094
0.0363518628955054
0.03635114964461872
0.03635043665445344
0.03634972392539361
0.03634901145782078
0.036348299252114476
0.036347587308651834
0.03634687562780777
0.03634616420995488
0.036345453055463495
0.03634474216470174
0.036344031538035525
0.03634332117582841
0.036342611078441917
0.03634190124623499
0.036341191679564816
0.03634048237878606
0.036339773344251224
0.03633906457631067
0.03633835607531257
0.03633764784160287
0.036336939875525304
0.03633623217742155
0.036335524747631034
0.03633481758649105
0.03633411069433673
0.036333404071501034
0.036332697718314745
0.036331991635106704
0.036331285822203366
0.036330580279929296
0.03632987500860672
0.036329170008556
0.03632846528009517
0.03632776082354025
0.036327056639205255
0.03632635272740205
0.036325649088440444
0.036324945722628024
0.03632424263027056
0.036323539811671565
0.03632283726713268
0.03632213499695332
0.036321433001431015
0.036320731280861086
0.03632002983553707
0.03631932866575025
0.03631862777179002
0.036317927153943774
0.03631722681249683
0.03631652674773259
0.03631582695993239
0.03631512744937569
0.03631442821633995
0.0363137292611005
0.03631303058393093
0.03631233218510271
0.03631163406488546
0.03631093622354686
0.036310238661352606
0.03630954137856639
0.03630884437545015
0.036308147652263804
0.03630745120926536
0.03630675504671093
0.03630605916485479
0.03630536356394913
0.03630466824424442
0.036303973205989326
0.03630327844943038
0.03630258397481252
0.0363018897823786
0.03630119587236979
0.03630050224502516
0.036299808900582306
0.03629911583927668
0.03629842306134202
0.03629773056701021
0.03629703835651136
0.03629634643007372
0.036295654787923806
0.03629496343028615
0.03629427235738375
0.03629358156943757
0.036292891066666964
0.03629220084928942
0.03629151091752064
0.036290821271574694
0.036290131911663734
0.036289442837998294
0.036288754050786985
0.03628806555023684
0.03628737733655313
0.03628668940993935
0.036286001770597265
0.03628531441872697
0.0362846273545268
0.036283940578193515
0.03628325408992192
0.036282567889905415
0.03628188197833548
0.03628119635540207
0.03628051102129338
0.03627982597619599
0.036279141220294776
0.036278456753772975
0.0362777725768121
0.03627708868959225
0.036276405092291526
0.03627572178508669
0.036275038768152745
0.03627435604166312
0.036273673605789584
0.03627299146070228
0.0362723096065699
0.03627162804355929
0.03627094677183591
0.03627026579156355
0.036269585102904324
0.036268904706018956
0.036268224601066455
0.03626754478820438
0.036266865267588655
0.03626618603937358
0.036265507103712104
0.03626482846075547
0.0362641501106534
0.0362634720535541
0.03626279428960434
0.03626211681894928
0.036261439641732555
0.03626076275809639
0.036260086168181306
0.03625940987212659
0.0362587338700698
0.036258058162147125
0.036257382748493286
0.036256707629241526
0.03625603280452351
0.036255358274469636
0.03625468403920861
0.03625401009886793
0.03625333645357333
0.03625266310344944
0.03625199004861924
0.0362513172892044
0.036250644825324994
0.03624997265709991
0.03624930078464634
0.03624862920808037
0.036247957927516436
0.03624728694306773
0.036246616254845945
0.03624594586296143
0.03624527576752312
0.0362446059686387
0.03624393646641429
0.03624326726095482
0.03624259835236364
0.03624192974074301
0.03624126142619366
0.03624059340881496
0.036239925688705064
0.036239258265960674
0.03623859114067733
0.0362379243129489
0.03623725778286842
0.03623659155052713
0.036235925616015324
0.036235259979421695
0.03623459464083395
0.03623392960033822
0.036233264858019545
0.03623260041396151
0.036231936268246605
0.036231272420955876
0.0362306088721692
0.036229945621965166
0.0362292826704211
0.03622862001761307
0.036227957663615924
0.03622729560850321
0.03622663385234729
0.036225972395219255
0.03622531123718899
0.036224650378325195
0.03622398981869519
0.03622332955836534
0.03622266959740056
0.036222009935864705
0.03622135057382031
0.036220691511328916
0.03622003274845062
0.036219374285244535
0.03621871612176847
0.03621805825807914
0.036217400694232134
0.036216743430281674
0.036216086466281015
0.0362154298022822
0.03621477343833605
0.036214117374492365
0.0362134616107997
0.03621280614730555
0.03621215098405624
0.03621149612109689
0.03621084155847168
0.036210187296223544
0.03620953333439429
0.036208879673024705
0.03620822631215438
0.03620757325182185
0.03620692049206462
0.03620626803291895
0.03620561587442024
0.03620496401660252
0.03620431245949898
0.036203661203141724
0.036203010247561666
0.03620235959278869
0.03620170923885167
0.036201059185778484
0.03620040943359572
0.03619975998232924
0.036199110832003625
0.03619846198264264
0.036197813434268714
0.036197165186903586
0.03619651724056771
0.03619586959528075
0.036195222251061025
0.03619457520792629
0.036193928465892956
0.03619328202497657
0.03619263588519164
0.03619199004655172
0.036191344509069315
0.03619069927275609
0.0361900543376226
0.036189409703678406
0.03618876537093227
0.03618812133939175
0.0361874776090637
0.03618683417995381
0.03618619105206696
0.03618554822540702
0.03618490569997686
0.036184263475778605
0.03618362155281315
0.03618297993108075
0.036182338610580615
0.03618169759131096
0.03618105687326922
0.03618041645645184
0.03617977634085435
0.03617913652647138
0.036178497013296736
0.03617785780132323
0.03617721889054284
0.03617658028094653
0.036175941972524696
0.03617530396526645
0.03617466625916028
0.03617402885419382
0.03617339175035371
0.03617275494762573
0.036172118445994945
0.03617148224544545
0.03617084634596041
0.036170210747522386
0.036169575450112915
0.03616894045371272
0.03616830575830162
0.03616767136385882
0.036167037270362516
0.03616640347779014
0.03616576998611822
0.03616513679532266
0.03616450390537837
0.03616387131625956
0.03616323902793956
0.03616260704039091
0.03616197535358552
0.03616134396749423
0.03616071288208731
0.03616008209733413
0.03615945161320328
0.03615882142966273
0.03615819154667951
0.03615756196421989
0.03615693268224951
0.036156303700733125
0.036155675019634716
0.03615504663891755
0.03615441855854424
0.03615379077847655
0.036153163298675524
0.03615253611910147
0.03615190923971389
0.03615128266047164
0.03615065638133296
0.036150030402255125
0.03614940472319471
0.0361487793441079
0.03614815426494975
0.0361475294856749
0.03614690500623711
0.03614628082658954
0.03614565694668462
0.03614503336647413
0.03614441008590896
0.036143787104939616
0.03614316442351575
0.03614254204158631
0.03614191995909963
0.036141298176003395
0.03614067669224453
0.03614005550776939
0.036139434622523586
0.03613881403645212
0.03613819374949938
0.036137573761608935
0.036136954072723965
0.03613633468278674
0.03613571559173906
0.03613509679952206
0.03613447830607617
0.03613386011134133
0.03613324221525666
0.03613262461776079
0.03613200731879176
0.03613139031828685
0.0361307736161828
0.036130157212415887
0.036129541106921494
0.036128925299634546
0.03612830979048945
0.03612769457941989
0.03612707966635905
0.036126465051239454
0.03612585073399298
0.03612523671455109
Eitim Tamamland
22 numaral adaki hata: %5,788
