1.0
0.11290619548576458
0.11265815610176026
0.11122560807866018
0.1094446039367724
0.10728977593843478
0.10482005648667089
0.102182638940409
0.09957375711730639
0.09716848734414159
0.09506622550729411
0.09328411544254153
0.09178580447300533
0.09051494716567295
0.08941664617940291
0.08844621093046118
0.0875704169485946
0.08676572649206206
0.08601586403486013
0.08530968514949798
0.08463956345424668
0.08400024990674064
0.08338809066850375
0.08280049627859082
0.08223558077007964
0.0816919146449369
0.0811683549031634
0.08066392846526209
0.0801777536819231
0.07970898967579916
0.07925680622368793
0.07882036864288285
0.07839883327170917
0.07799134997265403
0.07759706880748406
0.07721514869797803
0.07684476649494555
0.07648512541144446
0.07613546221353706
0.07579505289457009
0.07546321679069494
0.07513931923987949
0.0748227729628917
0.07451303837247707
0.07420962301392495
0.07391208032051391
0.07362000784097975
0.07333304506953914
0.0730508709855337
0.07277320139076511
0.07249978611803337
0.07223040617353106
0.07196487086754241
0.07170301498133849
0.0714446960123903
0.07118979153444105
0.0709381967032361
0.07068982193267488
0.0704445907598775
0.0702024379113113
0.06996330757592928
0.06972715188547812
0.06949392959695483
0.06926360496779546
0.069036146810879
0.06881152771386166
0.06858972340569705
0.06837071225238413
0.06815447486389958
0.06794099379478895
0.06773025332187045
0.06752223928380632
0.06731693896879735
0.06711434103823835
0.06691443547575895
0.06671721355258119
0.06652266780152291
0.06633079199322527
0.06614158110927926
0.06595503130787311
0.06577113987839323
0.06558990518211327
0.06541132657671918
0.0652354043229779
0.0650621394723861
0.06489153373516308
0.06472358932849005
0.06455830880546416
0.06439569486583199
0.06423575015018775
0.0640784770199533
0.06392387732608201
0.06377195217001815
0.0636227016609644
0.06347612467393937
0.06333221861339765
0.06319097918733266
0.06305240019674023
0.06291647334510615
0.06278318807216737
0.06265253141561623
0.06252448790367873
0.06239903948064202
0.06227616546646923
0.06215584255067121
0.0620380448196472
0.061922743815815334
0.061809908626058715
0.06169950599635928
0.06159150046899561
0.061485854538359266
0.06138252882129378
0.06128148223788276
0.06118267219877178
0.06108605479540054
0.06099158498989656
0.06089921680182457
0.060808903489454766
0.060720597723692336
0.060634251753261995
0.060549817560166634
0.06046724700480456
0.06038649196044802
0.06030750443704083
0.06023023669447181
0.060154641345631615
0.06008067144965928
0.06000828059585386
0.05993742297875631
0.05986805346492275
0.059800127651900785
0.059733601919909805
0.05966843347669937
0.059604580396039865
0.0595420016502709
0.05948065713731249
0.05942050770252011
0.059361515155747835
0.05930364228396556
0.0592468528597633
0.059191111646063534
0.059136384397348474
0.05908263785770315
0.059029839755959664
0.058977958798223803
0.05892696465804765
0.058876827964507696
0.058827520288430586
0.058779014126999485
0.058731282886959765
0.058684300866629076
0.058638043236903734
0.05859248602143735
0.058547606076156014
0.05850338106825547
0.058459789454818396
0.058416810461168533
0.058374424059070805
0.058332610944871494
0.05829135251766133
0.058250630857532994
0.05821042870399377
0.05817072943458702
0.058131517043764874
0.05809277612204867
0.058054491835507885
0.058016649905580524
0.05797923658925642
0.05794223865963696
0.05790564338688584
0.05786943851957999
0.05783361226646947
0.05779815327865336
0.057763050632178535
0.057728293811066846
0.05769387269077703
0.05765977752210767
0.05762599891554693
0.0575925278260774
0.057559355538441506
0.0575264736528763
0.05749387407132538
0.057461548984135
0.05742949085724332
0.05739769241986956
0.05736614665270955
0.05733484677664501
0.057303786241970134
0.05727295871813978
0.057242358084041524
0.05721197841879094
0.05718181399304953
0.05715185926086045
0.05712210885199636
0.057092557564811144
0.057063200359584065
0.05703403235234429
0.05700504880915897
0.0569762451408684
0.05694761689824795
0.056919159767574834
0.056890869566577545
0.05686274224074139
0.05683477385994543
0.05680696061540301
0.05677929881687865
0.05675178489015227
0.05672441537470322
0.056697186921585804
0.05667009629146811
0.056643140352807715
0.05661631608013746
0.05658962055243749
0.056563050951568446
0.056536604560745156
0.056510278763030004
0.05648407103982695
0.056457978969361014
0.056432000225127045
0.05640613257429668
0.05638037387607194
0.056354722079977486
0.056329175224085815
0.05630373143316919
0.056278388916777805
0.056253145967241194
0.056228000957595545
0.056202952339438644
0.05617799864071506
0.05615313846343844
0.056128370481355605
0.056103693437560276
0.0560791061420632
0.056054607469328145
0.05603019635578235
0.05600587179730984
0.0559816328467385
0.05595747861132796
0.05593340825027098
0.055909420972213894
0.055885516032807635
0.05586169273229619
0.05583795041315148
0.05581428845776124
0.05579070628617766
0.0557672033539317
0.055743779149920264
0.05572043319436942
0.05569716503687847
0.055673974254548654
0.055650860450198396
0.055627823250667036
0.05560486230520945
0.05558197728398048
0.05555916787661068
0.05553643379087144
0.055513774751430246
0.05549119049869183
0.05546868078772596
0.05544624538727698
0.05542388407885408
0.05540159665589769
0.05537938292301997
0.05535724269531469
0.05533517579773279
0.05531318206452103
0.05529126133871729
0.05526941347170112
0.05524763832279337
0.055225935758901924
0.05520430565420939
0.05518274788989845
0.05516126235391094
0.055139848940738034
0.05511850755123606
0.05509723809246619
0.05507604047755374
0.055054914625564236
0.05503386046139332
0.05501287791566776
0.05499196692465423
0.05497112743017533
0.054950359379528045
0.05492966272540465
0.05490903742581356
0.05488848344399808
0.054868000748351645
0.05484758931232906
0.054827249114351106
0.05480698013770271
0.05478678237042332
0.054766655805188365
0.05474660043918169
0.05472661627395884
0.05470670331529935
0.054686861573049445
0.054667091060953424
0.05464739179647522
0.05462776380060887
0.05460820709767812
0.05458872171512656
0.054569307683295994
0.05454996503519597
0.05453069380626337
0.054511494034112276
0.05449236575827503
0.054473309019934836
0.0544543238616503
0.054435410327071845
0.05441656846065189
0.054397798307347325
0.05437909991231698
0.05436047332061283
0.054341918576866426
0.05432343572497098
0.05430502480775974
0.054286685866680645
0.0542684189414686
0.0542502240698156
0.05423210128703913
0.054214050625749424
0.054196072115516664
0.054178165782537514
0.05416033164930311
0.054142569734267273
0.0541248800515168
0.05410726261044427
0.054089717415422234
0.05407224446548176
0.05405484375399412
0.054037515268355873
0.054020258989679305
0.05400307489248723
0.05398596294441342
0.05396892310590812
0.05395195532995057
0.0539350595617674
0.05391823573855818
0.053901483789227995
0.05388480363412787
0.053868195184803284
0.05385165834375025
0.053835193004180985
0.05381879904979789
0.05380247635457735
0.05378622478256209
0.05377004418766512
0.05375393441348193
0.05373789529311478
0.05372192664900694
0.05370602829278832
0.05369020002513227
0.05367444163562443
0.05365875290264296
0.0536431335932516
0.05362758346310498
0.05361210225636672
0.05359668970564066
0.05358134553191575
0.053566069444524265
0.053550861141114445
0.05353572030763683
0.053520646618345935
0.05350563973581621
0.05349069931097357
0.05347582498314261
0.053461016380108924
0.05344627311819854
0.05343159480237293
0.053416981026341716
0.05340243137269163
0.05338794541303326
0.053373522708165776
0.05335916280825935
0.053344865253055825
0.05333062957208835
0.05331645528491983
0.05330234190140042
0.05328828892194455
0.05327429583782775
0.053260362131503404
0.053246487276939244
0.05323267073997491
0.05321891197869919
0.053205210443848454
0.05319156557922538
0.053177976822138644
0.053164443603863396
0.05315096535012205
0.053137541481586274
0.05312417141439903
0.05311085456071713
0.05309759032927372
0.05308437812596057
0.0530712173544293
0.05305810741671224
0.05304504771386085
0.053032037646601776
0.05301907661601048
0.05300616402420037
0.05299329927502752
0.052980481774809074
0.05296771093305567
0.052954986163214764
0.05294230688342543
0.052929672517281444
0.052917082494603036
0.05290453625221366
0.05289203323472212
0.05287957289530642
0.0528671546964984
0.05285477811096701
0.052842442622298084
0.05283014772576788
0.05281789292910894
0.05280567775326571
0.05279350173313646
0.05278136441830043
0.05276926537372732
0.05275720418046534
0.05274518043630677
0.05273319375642799
0.05272124377400023
0.05270933014077046
0.05269745252760772
0.052685610625013694
0.05267380414359493
0.05266203281449363
0.052650296389775274
0.05263859464277062
0.05262692736837027
0.05261529438326943
0.05260369552616167
0.05259213065787929
0.05258059966147964
0.05256910244227605
0.05255763892781187
0.05254620906777738
0.052534812833869377
0.052523450219591664
0.05251212123999893
0.052500825931381716
0.052489564350894885
0.05247833657612931
0.05246714270462863
0.052455982853352075
0.0524448571580847
0.05243376577279772
0.05242270886896022
0.05241168663480521
0.0524006992745529
0.05238974700759259
0.052378830067628404
0.05236794870178995
0.05235710316971289
0.052346293742592045
0.052335520702210564
0.05232478433994974
0.05231408495578253
0.052303422857254575
0.052292798358457016
0.05228221177899481
0.05227166344295389
0.05226115367787164
0.052250682813714165
0.05224025118186337
0.052229859114118087
0.05221950694171234
0.052209194994353295
0.05219892359928307
0.05218869308036628
0.05217850375720623
0.05216835594429194
0.052158249950179134
0.05214818607670519
0.05213816461824232
0.05212818586098836
0.05211825008229719
0.05210835755005073
0.05209850852207121
0.05208870324557665
0.052078941956678476
0.052069224879921536
0.05205955222786713
0.05204992420071847
0.05204034098598769
0.05203080275820501
0.05202130967866832
0.05201186189523222
0.05200245954213689
0.051993102739873905
0.051983791595089326
0.05197452620052137
0.0519653066349727
0.05195613296331478
0.05194700523652328
0.051937923491743324
0.051928887752382066
0.0519198980282278
0.05191095431559443
0.051902056597487804
0.051893204843794824
0.0518843990114919
0.051875639044871996
0.05186692487578858
0.051858256423914756
0.05184963359701698
0.0518410562912403
0.051832524391405906
0.051824037771317534
0.05181559629407696
0.05180719981240672
0.05179884816897904
0.05179054119674959
0.051782278719295555
0.05177406055115632
0.0517658864981766
0.05175775635785022
0.05174966991966453
0.05174162696544421
0.051733627269693605
0.051725670599937455
0.051717756717058715
0.05170988537563321
0.05170205632426078
0.05169426930589187
0.05168652405814972
0.05167882031364692
0.05167115780029695
0.05166353624161954
0.051655955357040116
0.05164841486218211
0.05164091446915368
0.05163345388682662
0.05162603282110822
0.0516186509752065
0.05161130804988774
0.05160400374372587
0.051596737753345834
0.05158950977365764
0.051582319498084
0.051575166618779776
0.05156805082684415
0.051560971812524406
0.0515539292654131
0.05154692287463697
0.05153995232903871
0.05153301731735118
0.05152611752836479
0.0515192526510866
0.05151242237489357
0.05150562638967817
0.05149886438598721
0.051492136055154014
0.051485441089423954
0.051478779182073844
0.05147215002752475
0.05146555332144851
0.051458988760869184
0.05145245604425739
0.05144595487162029
0.051439484944585084
0.05143304596647797
0.05142663764239745
0.05142025967928287
0.05141391178597837
0.051407593673291646
0.05140130505404875
0.051395045643144635
0.051388815157588946
0.051382613316548406
0.05137643984138534
0.051370294455692064
0.051364176885322604
0.05135808685841995
0.05135202410544109
0.05134598835917848
0.051339979354778575
0.05133399682975782
0.05132804052401572
0.05132211017984559
0.05131620554194267
0.05131032635741039
0.051304472375763875
0.051298643348931736
0.05129283903125623
0.051287059179491
0.05128130355279753
0.05127557191273969
0.05126986402327707
0.0512641796507567
0.05125851856390334
0.0512528805338088
0.051247265333919635
0.051241672740024585
0.05123610253023996
0.051230554484994605
0.05122502838701453
0.05121952402130538
0.051214041175135755
0.05120857963801844
0.05120313920169205
0.051197719660101344
0.05119232080937792
0.05118694244781927
0.051181584375868526
0.051176246396092924
0.05117092831316307
0.05116562993383029
0.05116035106690543
0.051155091523236274
0.05114985111568533
0.05114462965910715
0.0511394269703257
0.05113424286811199
0.05112907717316069
0.05112392970806763
0.05111880029730689
0.051113688767207996
0.05110859494593287
0.05110351866345338
0.051098459751528436
0.05109341804368108
0.0510883933751765
0.051083385582999206
0.051078394505830786
0.0510734199840278
0.0510684618595997
0.05106351997618707
0.051058594179039705
0.051053684314995317
0.05104879023245795
0.05104391178137731
0.05103904881322716
0.05103420118098521
0.051029368739112145
0.05102455134353156
0.05101974885160987
0.05101496112213628
0.05101018801530347
0.05100542939268778
0.051000685117230486
0.050995955053218564
0.05099123906626619
0.05098653702329619
0.050981848792522017
0.05097717424342956
0.05097251324675956
0.05096786567449021
0.05096323139981988
0.05095861029715019
0.050954002242069044
0.05094940711133461
0.05094482478285871
0.05094025513569087
0.050935698050002705
0.05093115340707241
0.05092662108926934
0.05092210098003909
0.05091759296388863
0.05091309692637194
0.05090861275407544
0.05090414033460399
0.05089967955656709
0.05089523030956523
0.050890792484176446
0.05088636597194318
0.050881950665359256
0.05087754645785732
0.05087315324379605
0.050868770918448165
0.05086439937798817
0.05086003851948048
0.050855688240867794
0.050851348440959766
0.05084701901942159
0.05084269987676289
0.05083839091432725
0.05083409203428123
0.050829803139603974
0.05082552413407736
0.05082125492227521
0.050816995409554186
0.05081274550204359
0.05080850510663614
0.05080427413097876
0.050800052483463094
0.05079584007321706
0.05079163681009561
0.0507874426046725
0.050783257368231735
0.05077908101275939
0.05077491345093558
0.05077075459612642
0.05076660436237643
0.05076246266440105
0.050758329417578844
0.05075420453794494
0.05075008794218338
0.05074597954762017
0.050741879272217065
0.05073778703456446
0.05073370275387504
0.050729626349977464
0.05072555774331027
0.05072149685491599
0.0507174436064348
0.05071339792009928
0.05070935971872851
0.05070532892572288
0.05070130546505834
0.050697289261281774
0.0506932802395055
0.050689278325402494
0.050685283445201734
0.05068129552568319
0.050677314494173765
0.050673340278542554
0.05066937280719653
0.0506654120090766
0.05066145781365328
0.05065751015092305
0.05065356895140447
0.050649634146134125
0.05064570566666359
0.050641783445055474
0.05063786741388042
0.0506339575062135
0.050630053655631356
0.05062615579620878
0.05062226386251635
0.050618377789616746
0.05061449751306278
0.05061062296889411
0.05060675409363509
0.05060289082429209
0.05059903309835105
0.0505951808537752
0.050591334029003
0.0505874925629458
0.05058365639498559
0.05057982546497359
0.05057599971322757
0.05057217908053068
0.050568363508129203
0.05056455293773105
0.05056074731150409
0.05055694657207449
0.050553150662524984
0.050549359526394
0.05054557310767352
0.05054179135080823
0.05053801420069363
0.050534241602675445
0.05053047350254764
0.05052670984655186
0.050522950581375604
0.05051919565415156
0.05051544501245621
0.05051169860430885
0.05050795637817027
0.05050421828294193
0.050500484267964815
0.05049675428301818
0.05049302827831877
0.05048930620451938
0.05048558801270826
0.05048187365440764
0.05047816308157265
0.05047445624659053
0.05047075310227912
0.05046705360188579
0.050463357699086345
0.05045966534798377
0.05045597650310678
0.050452291119408646
0.05044860915226576
0.05044493055747632
0.050441255291258556
0.050437583310249466
0.05043391457150318
0.05043024903248898
0.05042658665108974
0.05042292738560017
0.05041927119472464
0.0504156180375752
0.050411967873669555
0.050408320662928885
0.050404676365675055
0.05040103494262889
0.050397396354907066
0.05039376056401962
0.05039012753186711
0.050386497220737875
0.05038286959330476
0.050379244612622026
0.0503756222421223
0.05037200244561255
0.05036838518727115
0.05036477043164376
0.050361158143639624
0.05035754828852757
0.05035394083193173
0.05035033573982745
0.0503467329785366
0.05034313251472334
0.05033953431538899
0.05033593834786746
0.05033234457982006
0.05032875297923033
0.0503251635143989
0.05032157615393773
0.050317990866764854
0.05031440762209836
0.05031082638945086
0.05030724713862311
0.05030366983969832
0.05030009446303561
0.050296520979263785
0.05029294935927512
0.050289379574218335
0.05028581159549263
0.05028224539474035
0.05027868094384061
0.050275118214902347
0.05027155718025746
0.05026799781245388
0.05026444008424851
0.05026088396860037
0.050257329438663643
0.050253776467780564
0.05025022502947443
0.0502466750974429
0.05024312664555101
0.0502395796478241
0.050236034078441426
0.05023248991172936
0.05022894712215481
0.05022540568431885
0.05022186557295036
0.05021832676289999
0.05021478922913422
0.05021125294672939
0.05020771789086641
0.05020418403682521
0.05020065135997975
0.05019711983579324
0.050193589439813245
0.05019006014766782
0.05018653193506118
0.05018300477777046
0.050179478651641796
0.05017595353258788
0.05017242939658523
0.050168906219671607
0.0501653839779447
0.050161862647560236
0.05015834220473117
0.05015482262572721
0.05015130388687431
0.050147785964555096
0.05014426883520968
0.05014075247533665
0.050137236861494724
0.05013372197030495
0.05013020777845325
0.05012669426269321
0.05012318139984976
0.05011966916682299
0.05011615754059262
0.05011264649822293
0.05010913601686775
0.050105626073776374
0.050102116646299905
0.050098607711897405
0.05009509924814314
0.05009159123273407
0.05008808364349705
0.05008457645839767
0.05008106965554824
0.050077563213216304
0.05007405710983453
0.05007055132400918
0.05006704583453022
0.05006354062038099
0.050060035660748306
0.05005653093503248
0.05005302642285808
0.05004952210408385
0.05004601795881401
0.05004251396740825
0.050039010110492804
0.0500355063689712
0.050032002724034734
0.05002849915717334
0.0500249956501859
0.05002149218519107
0.05001798874463726
0.050014485311313035
0.050010981868356945
0.050007478399267356
0.05000397488791203
0.050000471318537174
0.0499969676757765
0.04999346394465977
0.04998996011062101
0.04998645615950677
0.04998295207758305
0.04997944785154288
0.04997594346851262
0.04997243891605867
0.04996893418219269
0.04996542925537711
0.049961924124530245
0.04995841877903014
0.049954913208718574
0.0499514074039045
0.049947901355366656
0.049944395054355925
0.04994088849259693
0.04993738166228943
0.04993387455610887
0.04993036716720685
0.04992685948921036
0.0499233515162211
0.04991984324281432
0.04991633466403667
0.049912825775404214
0.04990931657289907
0.04990580705296671
0.049902297212512
0.04989878704889478
0.049895276559925754
0.04989176574386108
0.04988825459939733
0.04988474312566545
0.04988123132222478
0.04987771918905659
0.04987420672655736
0.04987069393553161
0.049867180817184734
0.04986366737311511
0.04986015360530679
0.049856639516120765
0.04985312510828726
0.04984961038489704
0.04984609534939299
0.04984258000556108
0.0498390643575222
0.04983554840972227
0.04983203216692385
0.049828515634197046
0.0498249988169102
0.04982148172072059
0.049817964351565644
0.049814446715653535
0.049810928819453926
0.049807410669689134
0.049803892273324865
0.04980037363756121
0.04979685476982394
0.049793335677755395
0.04978981636920588
0.049786296852224944
0.049782777135053025
0.04977925722611294
0.04977573713400167
0.04977221686748223
0.04976869643547581
0.04976517584705378
0.0497616551114304
0.04975813423795503
0.049754613236105014
0.04975109211547835
0.04974757088578742
0.04974404955685116
0.04974052813858958
0.049737006641016754
0.04973348507423467
0.04972996344842765
0.04972644177385596
0.04972292006085088
0.049719398319808414
0.04971587656118488
0.049712354795491395
0.04970883303328913
0.04970531128518438
0.04970178956182463
0.049698267873893615
0.04969474623210733
0.04969122464721037
0.04968770312997163
0.04968418169118097
0.04968066034164557
0.049677139092186705
0.049673617953636354
0.049670096936834496
0.04966657605262585
0.04966305531185746
0.04965953472537588
0.04965601430402464
0.04965249405864216
0.04964897400005935
0.04964545413909758
0.04964193448656659
0.049638415053262774
0.04963489584996725
0.04963137688744446
0.04962785817644026
0.04962433972768096
0.04962082155187153
0.0496173036596943
0.04961378606180831
0.04961026876884763
0.04960675179142065
0.04960323514010909
0.04959971882546715
0.0495962028580205
0.049592687248265856
0.049589172006670096
0.04958565714366972
0.049582142669670384
0.049578628595046276
0.0495751149301397
0.04957160168526072
0.04956808887068665
0.049564576496662224
0.04956106457339861
0.049557553111073835
0.0495540421198324
0.04955053160978482
0.04954702159100801
0.049543512073544835
0.049540003067404345
0.04953649458256157
0.04953298662895743
0.049529479216499035
0.049525972355059705
0.04952246605447878
0.04951896032456201
0.049515455175081526
0.049511950615775985
0.049508446656351006
0.049504943306478734
0.049501440575798694
0.04949793847391768
0.04949443701040971
0.04949093619481697
0.04948743603664932
0.04948393654538499
0.049480437730470624
0.049476939601321775
0.04947344216732295
0.049469945437827956
0.049466449422160365
0.04946295412961368
0.04945945956945152
0.04945596575090822
0.04945247268318894
0.04944898037547001
0.04944548883689953
0.049441998076597125
0.04943850810365498
0.049435018927137614
0.04943153055608253
0.049428042999500404
0.04942455626637558
0.049421070365666384
0.04941758530630534
0.04941410109719955
0.049410617747231274
0.049407135265257925
0.049403653660112824
0.049400172940605176
0.04939669311552061
0.049393214193621596
0.049389736183647615
0.04938625909431557
0.04938278293432032
0.04937930771233477
0.049375833437010186
0.049372360116976974
0.04936888776084441
0.049365416377201675
0.049361945974617426
0.04935847656164072
0.0493550081468011
0.0493515407386092
0.04934807434555638
0.04934460897611609
0.04934114463874322
0.049337681341874946
0.04933421909393115
0.0493307579033143
0.04932729777840996
0.04932383872758734
0.04932038075919928
0.04931692388158264
0.049313468103058616
0.04931001343193316
0.049306559876496986
0.049303107445026285
0.04929965614578241
0.0492962059870128
0.049292756976950784
0.0492893091238162
0.04928586243581513
0.0492824169211409
0.049278972587973785
0.04927552944448139
0.049272087498819
0.04926864675912983
0.04926520723354504
0.049261768930184295
0.049258331857155765
0.049254896022556276
0.04925146143447189
0.049248028100977725
0.04924459603013847
0.04924116523000833
0.04923773570863147
0.04923430747404191
0.04923088053426406
0.049227454897312645
0.04922403057119299
0.0492206075639011
0.049217185883424025
0.049213765537739804
0.04921034653481768
0.04920692888261824
0.049203512589093765
0.04920009766218791
0.04919668410983637
0.04919327193996659
0.04918986116049799
0.04918645177934234
0.049183043804403415
0.04917963724357745
0.04917623210475308
0.0491728283958114
0.049169426124626193
0.04916602529906386
0.04916262592698346
0.049159228016237
0.04915583157466921
0.04915243661011775
0.04914904313041336
0.04914565114337933
0.0491422606568325
0.04913887167858238
0.04913548421643144
0.049132098278175516
0.04912871387160324
0.049125331004496314
0.04912194968462948
0.04911856991977053
0.04911519171768018
0.049111815086112065
0.04910844003281269
0.04910506656552152
0.049101694691970704
0.04909832441988524
0.04909495575698273
0.04909158871097324
0.04908822328955963
0.04908485950043697
0.049081497351292636
0.04907813684980637
0.04907477800364988
0.04907142082048695
0.04906806530797328
0.04906471147375613
0.04906135932547455
0.049058008870758965
0.04905466011723105
0.049051313072503704
0.04904796774418075
0.049044624139856774
0.04904128226711721
0.0490379421335377
0.049034603746684086
0.04903126711411242
0.04902793224336859
0.04902459914198791
0.0490212678174953
0.04901793827740483
0.04901461052921929
0.049011284580430435
0.04900796043851834
0.04900463811095123
0.04900131760518527
0.04899799892866438
0.0489946820888198
0.04899136709306976
0.048988053948819506
0.048984742663460604
0.048981433244371035
0.04897812569891455
0.048974820034440425
0.048971516258283436
0.048968214377762935
0.048964914400183364
0.048961616332833
0.04895832018298425
0.04895502595789302
0.04895173366479855
0.04894844331092267
0.048945154903469956
0.048941868449626905
0.04893858395656166
0.048935301431423966
0.04893202088134428
0.04892874231343352
0.04892546573478291
0.04892219115246322
0.04891891857352462
0.04891564800499599
0.04891237945388489
0.048909112927176535
0.04890584843183396
0.04890258597479717
0.04889932556298296
0.04889606720328424
0.048892810902569514
0.04888955666768272
0.04888630450544271
0.0488830544226423
0.048879806426048396
0.04887656052240117
0.04887331671841372
0.04887007502077132
0.0488668354361313
0.04886359797112216
0.04886036263234337
0.048857129426364575
0.04885389835972548
0.04885066943893448
0.048847442670469435
0.048844218060775914
0.04884099561626736
0.04883777534332419
0.048834557248293414
0.04883134133748823
0.04882812761718712
0.048824916093633555
0.04882170677303521
0.0488184996615638
0.04881529476535398
0.04881209209050315
0.0488088916430708
0.04880569342907767
0.04880249745450568
0.0487993037252968
0.04879611224735283
0.04879292302653459
0.04878973606866143
0.04878655137951067
0.04878336896481664
0.04878018883027076
0.04877701098152017
0.048773835424167813
0.048770662163771045
0.04876749120584177
0.04876432255584526
0.0487611562191999
0.04875799220127624
0.04875483050739682
0.04875167114283488
0.04874851411281429
0.04874535942250873
0.048742207077040856
0.048739057081482
0.04873590944085124
0.048732764160114794
0.04872962124418556
0.04872648069792211
0.04872334252612855
0.04872020673355329
0.04871707332488877
0.04871394230477054
0.04871081367777688
0.048707687448427975
0.04870456362118508
0.048701442200450085
0.04869832319056487
0.04869520659581037
0.048692092420406216
0.04868898066850968
0.04868587134421535
0.048682764451554304
0.048679659994493266
0.04867655797693416
0.048673458402713476
0.048670361275601114
0.0486672665993002
0.04866417437744622
0.048661084613606104
0.04865799731127789
0.048654912473889866
0.04865183010479965
0.04864875020729388
0.04864567278458718
0.04864259783982166
0.0486395253760661
0.048636455396315156
0.04863338790348892
0.048630322900432024
0.048627260389912774
0.0486242003746227
0.048621142857175635
0.04861808784010709
0.04861503532587371
0.04861198531685201
0.048608937815338225
0.04860589282354719
0.04860285034361178
0.048599810377582264
0.04859677292742511
0.04859373799502298
0.04859070558217322
0.04858767569058768
0.04858464832189159
0.04858162347762316
0.04857860115923242
0.04857558136808075
0.048572564105440134
0.04856954937249208
0.04856653717032729
0.048563527499944595
0.04856052036225018
0.048557515758056925
0.048554513688083674
0.0485515141529542
0.04854851715319677
0.04854552268924295
0.048542530761427304
0.04853954136998596
0.048536554515056465
0.04853357019667649
0.04853058841478331
0.04852760916921278
0.048524632459698715
0.048521658285871974
0.04851868664725945
0.048515717543283716
0.048512750973261576
0.048509786936403655
0.048506825431813456
0.04850386645848638
0.04850091001530908
0.04849795610105831
0.04849500471440028
0.048492055853889666
0.048489109517968934
0.04848616570496698
0.048483224413098776
0.048480285640464006
0.048477349385046595
0.048474415644713345
0.048471484417213426
0.048468555700176934
0.048465629491114534
0.048462705787416044
0.048459784586349655
0.04845686588506102
0.04845394968057213
0.048451035969780565
0.04844812474945799
0.048445216016249855
0.04844230976667374
0.04843940599711891
0.04843650470384463
0.048433605882979666
0.04843070953052092
0.048427815642332374
0.04842492421414435
0.048422035241551906
0.048419148720014
0.04841626464485246
0.048413383011250574
0.048410503814252166
0.048407627048760435
0.048404752709536585
0.04840188079119898
0.048399011288221425
0.0483961441949325
0.048393279505513885
0.04839041721399951
0.048387557314273945
0.04838469980007126
0.048381844664973764
0.04837899190241064
0.048376141505656514
0.04837329346783043
0.0483704477818941
0.0483676044406506
0.0483647634367432
0.04836192476265373
0.048359088410701065
0.04835625437303975
0.04835342264165875
0.048350593208379464
0.048347766064854525
0.048344941202566064
0.04834211861282435
0.04833929828676594
0.04833648021535221
0.04833366438936764
0.04833085079941809
0.048328039435929115
0.048325230289144504
0.048322423349124045
0.04831961860574202
0.048316816048685374
0.04831401566745191
0.04831121745134836
0.04830842138948824
0.04830562747079055
0.04830283568397699
0.04830004601757072
0.04829725845989397
0.04829447299906583
0.04829168962300051
0.0482889083194049
0.04828612907577674
0.048283351879402074
0.04828057671735321
0.04827780357648637
0.04827503244343954
0.04827226330462985
0.04826949614625145
0.04826673095427294
0.04826396771443486
0.04826120641224731
0.048258447032987206
0.04825568956169601
0.048252933983176795
0.048250180281991566
0.04824742844245874
0.048244678448650144
0.04824193028438832
0.04823918393324377
0.04823643937853161
0.04823369660330904
0.048230955590372146
0.0482282163222529
0.0482254787812158
0.04822274294925494
0.04822000880809077
0.04821727633916662
0.04821454552364558
0.048211816342406885
0.048209088776042526
0.04820636280485398
0.04820363840884812
0.048200915567734016
0.04819819426091904
0.048195474467505335
0.04819275616628544
0.04819003933573894
0.048187323954028374
0.04818460999899502
0.04818189744815504
0.04817918627869513
0.04817647646746838
0.048173767990990005
0.048171060825432786
0.04816835494662286
0.04816565033003511
0.04816294695078845
0.048160244783641344
0.04815754380298688
0.048154843982848
0.048152145296872735
0.04814944771832895
0.04814675122009946
0.048144055774676876
0.04814136135415839
0.04813866793024011
0.048135975474212195
0.048133283956953085
0.04813059334892386
0.04812790362016265
0.048125214740279025
0.04812252667844786
0.04811983940340366
0.04811715288343439
0.04811446708637549
0.04811178197960344
0.0481090975300296
0.04810641370409391
0.048103730467758135
0.048101047786499575
0.048098365625304104
0.048095683948659616
0.048093002720548846
0.04809032190444272
0.048087641463293175
0.0480849613595256
0.04808228155503244
0.0480796020111647
0.048076922688725314
0.048074243547961235
0.04807156454855581
0.0480688856496209
0.04806620680968916
0.04806352798670598
0.048060849138021285
0.0480581702203816
0.04805549118992146
0.04805281200215547
0.048050132611969325
0.04804745297361149
0.04804477304068456
0.048042092766136434
0.04803941210225144
0.048036731000641326
0.048034049412236324
0.04803136728727588
0.048028684575299546
0.04802600122513769
0.0480233171849018
0.04802063240197543
0.0480179468230043
0.04801526039388684
0.048012573059764335
0.04800988476501135
0.048007195453225515
0.048004505067217956
0.04800181354900323
0.047999120839789106
0.047996426879966615
0.047993731609099956
0.047991034965916154
0.047988336888294944
0.047985637313258604
0.04798293617696138
0.04798023341467943
0.047977528960800486
0.04797482274881335
0.047972114711297836
0.0479694047799142
0.04796669288539285
0.04796397895752441
0.04796126292514887
0.047958544716145954
0.047955824257424694
0.04795310147491315
0.047950376293548806
0.04794764863726838
0.04794491842899781
0.04794218559064307
0.04793945004307982
0.047936711706144525
0.047933970498624925
0.04793122633825059
0.04792847914168443
0.04792572882451331
0.04792297530123997
0.0479202184852745
0.04791745828892594
0.04791469462339476
0.04791192739876507
0.04790915652399754
0.04790638190692225
0.04790360345423223
0.04790082107147699
0.047898034663056976
0.047895244132217844
0.047892449381045685
0.0478896503104623
0.04788684682022101
0.047884038808903746
0.047881226173917345
0.0478784088114913
0.04787558661667624
0.047872759483342485
0.047869927304179535
0.04786708997069618
0.04786424737322165
0.04786139940090687
0.047858545941727344
0.04785568688248606
0.047852822108818006
0.047849951505194666
0.04784707495493069
0.047844192340190446
0.047841303541996075
0.047838408440236534
0.047835506913678015
0.04783259883997479
0.04782968409568213
0.04782676255626966
0.047823834096136615
0.04782089858862811
0.047817955906052485
0.04781500591970086
0.04781204849986718
0.0478090835158705
0.047806110836078455
0.047803130327932354
0.04780014185797404
0.047797145291874156
0.04779414049446253
0.04779112732975981
0.04778810566101174
0.04778507535072402
0.04778203626070047
0.04777898825208216
0.047775931185388955
0.047772864920563096
0.04776978931701465
0.047766704233669105
0.047763609529017585
0.04776050506116839
0.04775739068790179
0.04775426626672611
0.04775113165493687
0.047747986709677885
0.047744831288004705
0.04774166524695072
0.04773848844359532
0.04773530073513471
0.04773210197895537
0.04772889203270912
0.047725670754392234
0.04772243800242518
0.047719193635736346
0.04771593751384761
0.04771266949696204
0.04770938944605524
0.04770609722296793
0.04770279269050171
0.04769947571251717
0.047696146154033926
0.04769280388133396
0.047689448762066385
0.04768608066535511
0.04768269946190843
0.04767930502413125
0.047675897226238655
0.04767247594437273
0.047669041056720055
0.04766559244363262
0.04766212998774906
0.04765865357411889
0.04765516309032773
0.04765165842662437
0.04764813947604905
0.04764460613456342
0.04764105830118152
0.047637495878101704
0.047633918770840014
0.04763032688836347
0.047626720143225165
0.047623098451698785
0.04761946173391441
0.047615809913993654
0.047612142920185244
0.0476084606850007
0.047604763145348845
0.0476010502426706
0.04759732192307232
0.04759357813745896
0.04758981884166516
0.04758604399658583
0.04758225356830449
0.04757844752822037
0.04757462585317313
0.04757078852556544
0.04756693553348318
0.04756306687081293
0.0475591825373566
0.04755528253894281
0.047551366887534925
0.04754743560133604
0.04754348870488914
0.0475395262291742
0.04753554821170061
0.0475315546965953
0.04752754573468588
0.04752352138357934
0.047519481707735726
0.04751542677853563
0.047511356674343676
0.047507271480565036
0.0475031712896967
0.04749905620137309
0.047494926322404575
0.04749078176681066
0.04748662265584591
0.04748244911801982
0.04747826128910987
0.04747405931216733
0.04746984333751668
0.04746561352274767
0.04746137003270046
0.04745711303944321
0.047452842722243115
0.04744855926752934
0.0474442628688494
0.04743995372681768
0.047435632049056826
0.047431298050132124
0.047426951951477975
0.04742259398131744
0.04741822437457501
0.0474138433727815
0.047409451223972124
0.04740504818257804
0.04740063450931061
0.047396210471038695
0.047391776340660254
0.047387332396966436
0.04738287892449993
0.04737841621340716
0.04737394455928439
0.04736946426301809
0.047364975630619685
0.04736047897305485
0.047355974606068225
0.04735146285000224
0.047346944029612176
0.04734241847387615
0.04733788651580146
0.0473333484922265
0.047328804743619175
0.04732425561387202
0.04731970145009454
0.047315142602401515
0.04731057942370024
0.04730601226947448
0.04730144149756686
0.04729686746795923
0.04729229054255208
0.047287711084942376
0.04728312946020093
0.04727854603464863
0.047273961175633414
0.047269375251305985
0.04726478863039707
0.04726020168199417
0.04725561477531991
0.047251028279511297
0.04724644256339995
0.047241857995294706
0.047237274942765264
0.047232693772428835
0.0472281148497382
0.047223538538773376
0.04721896520203509
0.04721439520024231
0.04720982889213205
0.04720526663426322
0.047200708780824024
0.04719615568344295
0.04719160769100399
0.0471870651494658
0.047182528401685436
0.04717799778724611
0.04717347364229017
0.04716895629935599
0.04716444608722039
0.04715994333074561
0.04715544835073155
0.04715096146377258
0.047146482982120576
0.0471420132135522
0.04713755246124189
0.04713310102364067
0.04712865919435954
0.04712422726205887
0.04711980551034336
0.04711539421766219
0.04711099365721463
0.04710660409686173
0.047102225799042635
0.04709785902069712
0.04709350401319339
0.04708916102226095
0.04708483028792954
0.04708051204447277
0.04707620652035763
0.04707191393819853
0.04706763451471753
0.04706336846070887
0.04705911598100866
0.04705487727447015
0.04705065253394314
0.04704644194625866
0.047042245692218286
0.04703806394658795
0.0470338968780966
0.047029744649438904
0.04702560741728257
0.047021485332279775
0.04701737853908289
0.047013287176363855
0.04700921137683792
0.047005151267290754
0.04700110696860954
0.04699707859581759
0.04699306625811185
0.04698907005890494
0.04698509009586907
0.046981126460983666
0.04697717924058637
0.04697324851542597
0.04696933436071872
0.04696543684620706
0.046961556036220944
0.04695769198974121
0.046953844760465775
0.046950014396877376
0.04694620094231371
0.04694240443503935
0.046938624908319695
0.046934862390496004
0.04693111690506278
0.046927388470746165
0.04692367710158384
0.04691998280700609
0.046916305591918
0.046912645456783
0.046909002397707136
0.04690537640652422
0.04690176747088188
0.046898175574327954
0.04689460069639782
0.04689104281270233
0.04688750189501578
0.046883977911364144
0.04688047082611436
0.04687698060006272
0.0468735071905242
0.04687005055142133
0.04686661063337302
0.04686318738378391
0.04685978074693255
0.04685639066406002
0.04685301707345812
0.04684965991055711
0.046846319108012895
0.046842994595793906
0.04683968630126765
0.04683639414928606
0.046833118062270813
0.046829857960297844
0.046826613761180684
0.04682338538055364
0.046820172731953935
0.04681697572690271
0.04681379427498581
0.046810628283932745
0.046807477659695625
0.046804342306526615
0.046801222127054495
0.046798117022359975
0.04679502689205044
0.046791951634332946
0.046788891146087176
0.046785845322935796
0.04678281405931497
0.04677979724854339
0.04677679478288929
0.04677380655363775
0.04677083245115558
0.04676787236495561
0.04676492618375952
0.04676199379555962
0.04675907508767949
0.04675616994683269
0.04675327825918156
0.04675039991039325
0.046747534785695814
0.04674468276993225
0.046741843747613615
0.04673901760297082
0.0467362042200052
0.0467334034825382
0.046730615274258966
0.046727839478771724
0.04672507597964116
0.046722324660437374
0.04671958540477838
0.046716858096373076
0.04671414261906164
0.04671143885685527
0.04670874669397508
0.04670606601488915
0.04670339670434903
0.04670073864742485
0.04669809172953925
0.04669545583650046
0.04669283085453387
0.046690216670313034
0.04668761317098928
0.04668502024422025
0.04668243777819744
0.04667986566167297
0.04667730378398502
0.04667475203508224
0.046672210305547725
0.04666967848662117
0.046667156470220884
0.046664644148964464
0.04666214141618843
0.04665964816596739
0.04665716429313209
0.046654689693286414
0.046652224262823797
0.04664976789894298
0.0466473204996622
0.04664488196383359
0.04664245219115593
0.04664003108218722
0.04663761853835614
0.046635214461972926
0.046632818756239765
0.04663043132525974
0.04662805207404606
0.04662568090853009
0.0466233177355685
0.0466209624629504
0.04661861499940347
0.046616275254599486
0.046613943139159265
0.046611618564657405
0.046609301443625795
0.0466069916895572
0.04660468921690806
0.046602393941100564
0.0466001057785251
0.046597824646540636
0.046595550463476375
0.04659328314863188
0.04659102262227704
0.046588768805651624
0.04658652162096461
0.04658428099139263
0.04658204684107857
0.046579819095129475
0.046577597679614356
0.04657538252156117
0.046573173548953996
0.04657097069072968
0.04656877387677415
0.04656658303791848
0.04656439810593454
0.046562219013530505
0.046560045694346276
0.04655787808294827
0.046555716114824
0.046553559726377154
0.04655140885492102
0.046549263438673445
0.04654712341674999
0.046544988729158174
0.04654285931679051
0.04654073512141817
0.04653861608568397
0.04653650215309558
0.04653439326801814
0.04653228937566731
0.046530190422101506
0.0465280963542146
0.04652600711972846
0.04652392266718484
0.046521842945937766
0.046519767906145794
0.046517697498763555
0.04651563167553405
0.04651357038898049
0.04651151359239774
0.04650946123984432
0.04650741328613427
0.046505369686828196
0.046503330398225434
0.046501295377355326
0.0464992645819687
0.04649723797052956
0.046495215502206394
0.04649319713686361
0.046491182835053255
0.04648917255800615
0.046487166267623406
0.04648516392646817
0.04648316549775648
0.046481170945349315
0.0464791802337438
0.046477193328064687
0.04647521019405591
0.04647323079807213
0.046471255107070356
0.04646928308860139
0.046467314710801656
0.04646534994238456
0.04646338875263272
0.046461431111389104
0.04645947698904925
0.04645752635655293
0.04645557918537601
0.04645363544752256
0.04645169511551659
0.04644975816239435
0.04644782456169617
0.046445894287458885
0.04644396731420788
0.0464420436169494
0.04644012317116282
0.0464382059527934
0.046436291938244126
0.046434381104368906
0.0464324734284647
0.04643056888826446
0.04642866746192977
0.046426769128043666
0.0464248738656035
0.04642298165401404
0.04642109247308022
0.04641920630300056
0.0464173231243601
0.04641544291812392
0.04641356566562993
0.04641169134858304
0.04640981994904798
0.046407951449443305
0.04640608583253452
0.04640422308142846
0.046402363179566516
0.04640050611071868
0.04639865185897753
0.04639680040875223
0.046394951744762505
0.04639310585203301
0.0463912627158875
0.04638942232194281
0.04638758465610398
0.04638574970455799
0.046383917453768665
0.04638208789047136
0.04638026100166751
0.046378436774619405
0.046376615196845036
0.04637479625611317
0.046372979940438264
0.04637116623807527
0.04636935513751531
0.046367546627480376
0.046365740696919025
0.04636393733500135
0.04636213653111469
0.04636033827485914
0.04635854255604302
0.04635674936467843
0.04635495869097707
0.04635317052534606
0.04635138485838374
0.04634960168087554
0.046347820983789964
0.04634604275827466
0.04634426699565277
0.04634249368741849
0.046340722825233854
0.04633895440092495
0.04633718840647807
0.0463354248340363
0.04633366367589607
0.04633190492450336
0.04633014857245087
0.04632839461247414
0.04632664303744855
0.046324893840386044
0.04632314701443209
0.04632140255286238
0.046319660449079834
0.04631792069661159
0.04631618328910639
0.04631444822033113
0.04631271548416842
0.0463109850746138
0.04630925698577279
0.04630753121185841
0.04630580774718832
0.04630408658618273
0.04630236772336114
0.046300651153340644
0.04629893687083288
0.046297224870641814
0.04629551514766182
0.046293807696874634
0.046292102513347665
0.04629039959223164
0.04628869892875839
0.046287000518238725
0.04628530435606046
0.046283610437686216
0.04628191875865156
0.04628022931456306
0.0462785421010962
0.04627685711399368
0.04627517434906355
0.04627349380217721
0.04627181546926793
0.04627013934632904
0.04626846542941202
0.04626679371462517
0.04626512419813172
0.04626345687614841
0.04626179174494386
0.046260128800837096
0.046258468040195885
0.046256809459435645
0.046255153055017685
0.04625349882344773
0.046251846761275146
0.04625019686509078
0.04624854913152637
0.04624690355725284
0.0462452601389792
0.0462436188734513
0.04624197975745054
0.04624034278779301
0.04623870796132793
0.04623707527493693
0.04623544472553255
0.04623381631005749
0.04623219002548353
0.04623056586881044
0.046228943837064766
0.04622732392729925
0.0462257061365919
0.04622409046204462
0.0462224769007825
0.04622086544995321
0.04621925610672573
0.04621764886828974
0.04621604373185493
0.0462144406946497
0.0462128397539209
0.046211240906932745
0.04620964415096615
0.04620804948331818
0.046206456901300964
0.046204866402241376
0.0462032779834802
0.046201691642371166
0.04620010737628101
0.04619852518258833
0.04619694505868301
0.046195367001965346
0.04619379100984666
0.04619221707974714
0.04619064520909628
0.046189075395332166
0.046187507635900814
0.046185941928255606
0.04618437826985714
0.046182816658172234
0.0461812570906741
0.046179699564841095
0.046178144078156944
0.04617659062811009
0.046175039212193084
0.04617348982790232
0.04617194247273779
0.046170397144202305
0.04616885383980157
0.04616731255704345
0.046165773293437753
0.04616423604649596
0.04616270081373071
0.04616116759265564
0.0461596363807849
0.046158107175632894
0.046156579974714174
0.04615505477554276
0.04615353157563233
0.046152010372495375
0.046150491163643524
0.04614897394658673
0.046147458718833564
0.04614594547789037
0.04614443422126167
0.04614292494644929
0.0461414176509526
0.04613991233226822
0.04613840898788962
0.046136907615307005
0.046135408212007185
0.0461339107754734
0.04613241530318498
0.04613092179261716
0.04612943024124127
0.046127940646524035
0.04612645300592778
0.046124967316910216
0.04612348357692417
0.04612200178341749
0.0461205219338329
0.046119044025607916
0.046117568056174854
0.04611609402296014
0.04611462192338474
0.04611315175486406
0.046111683514807496
0.04611021720061824
0.04610875280969387
0.0461072903394253
0.046105829787197586
0.04610437115038908
0.046102914426371856
0.04610145961251128
0.04610000670616621
0.04609855570468874
0.04609710660542413
0.04609565940571089
0.04609421410288038
0.04609277069425702
0.046091329177158295
0.04608988954889447
0.04608845180676841
0.04608701594807608
0.04608558197010585
0.04608414987013886
0.04608271964544892
0.04608129129330207
0.04607986481095739
0.0460784401956658
0.046077017444671166
0.04607559655520942
0.04607417752450897
0.04607276034979061
0.04607134502826733
0.04606993155714438
0.04606851993361924
0.04606711015488174
0.04606570221811378
0.04606429612048948
0.04606289185917506
0.046061489431328956
0.04606008883410181
0.04605869006463614
0.046057293120066706
0.04605589799752041
0.04605450469411618
0.046053113206964966
0.046051723533170025
0.046050335669826366
0.046048949614021215
0.04604756536283398
0.04604618291333601
0.04604480226259066
0.04604342340765362
0.04604204634557244
0.04604067107338677
0.04603929758812847
0.046037925886821464
0.046036555966481686
0.0460351878241174
0.046033821456728886
0.04603245686130859
0.04603109403484108
0.046029732974303364
0.046028373676664194
0.04602701613888505
0.04602566035791935
0.0460243063307128
0.04602295405420351
0.046021603525321794
0.04602025474099038
0.04601890769812434
0.04601756239363107
0.0460162188244105
0.04601487698735476
0.04601353687934881
0.046012198497269834
0.04601086183798772
0.04600952689836468
0.04600819367525582
0.04600686216550871
0.0460055323659637
0.0460042042734537
0.04600287788480445
0.046001553196834646
0.04600023020635534
0.045998908910171055
0.045997589305078704
0.04599627138786857
0.04599495515532351
0.045993640604219746
0.04599232773132651
0.04599101653340618
0.04598970700721411
0.04598839914949928
0.04598709295700362
0.04598578842646254
0.04598448555460475
0.045983184338152516
0.045981884773821625
0.04598058685832121
0.045979290588354274
0.045977995960617246
0.04597670297180058
0.04597541161858822
0.04597412189765804
0.045972833805682047
0.045971547339326034
0.0459702624952498
0.04596897927010737
0.04596769766054699
0.045966417663211
0.04596513927473623
0.045963862491753785
0.04596258731088938
0.045961313728763054
0.04596004174198971
0.04595877134717874
0.04595750254093457
0.045956235319856195
0.045954969680537756
0.045953705619568304
0.04595244313353219
0.045951182219008596
0.04594992287257235
0.0459486650907935
0.04594740887023759
0.04594615420746562
0.04594490109903441
0.04594364954149644
0.04594239953139989
0.04594115106528921
0.045939904139704654
0.045938658751182596
0.04593741489625573
0.04593617257145318
0.04593493177330034
0.045933692498319335
0.045932454743028865
0.0459312185039446
0.04592998377757887
0.045928750560441114
0.04592751884903788
0.045926288639873136
0.04592505992944795
0.0459238327142611
0.045922606990808926
0.04592138275558552
0.045920160005082804
0.04591893873579071
0.04591771894419734
0.0459165006267891
0.045915283780050754
0.045914068400465496
0.0459128544845155
0.04591164202868141
0.04591043102944308
0.04590922148327948
0.04590801338666849
0.04590680673608799
0.04590560152801487
0.04590439775892605
0.045903195425298096
0.04590199452360789
0.04590079505033222
0.04589959700194826
0.045898400374933784
0.045897205165767146
0.04589601137092765
0.045894818986895514
0.04589362801015211
0.04589243843718012
0.04589125026446389
0.04589006348848943
0.04588887810574444
0.04588769411271891
0.04588651150590489
0.04588533028179695
0.0458841504368923
0.04588297196769083
0.045881794870695485
0.04588061914241242
0.045879444779350964
0.045878271778024234
0.045877100134949174
0.04587592984664634
0.04587476090964073
0.045873593320461606
0.04587242707564292
0.04587126217172328
0.045870098605246205
0.045868936372760655
0.045867775470820805
0.04586661589598646
0.04586545764482328
0.0458643007139031
0.04586314509980369
0.04586199079910982
0.04586083780841245
0.045859686124309754
0.045858535743407126
0.045857386662317166
0.04585623887766
0.04585509238606392
0.04585394718416498
0.045852803268607654
0.04585166063604499
0.045850519283138685
0.04584937920655958
0.04584824040298751
0.04584710286911194
0.04584596660163212
0.045844831597257114
0.045843697852706214
0.04584256536470911
0.04584143413000611
0.0458403041453485
0.04583917540749875
0.04583804791323068
0.04583692165932968
0.04583579664259309
0.04583467285983034
0.045833550307863215
0.045832428983526206
0.04583130888366658
0.04583019000514465
0.045829072344834264
0.04582795589962259
0.045826840666410934
0.045825726642114505
0.04582461382366289
0.04582350220800025
0.04582239179208553
0.0458212825728928
0.045820174547411455
0.04581906771264634
0.04581796206561812
0.045816857603363695
0.04581575432293589
0.04581465222140439
0.045813551295855355
0.045812451543392266
0.04581135296113548
0.045810255546223005
0.04580915929581062
0.045808064207071904
0.045806970277198655
0.04580587750340121
0.04580478588290818
0.04580369541296741
0.045802606090845646
0.045801517913828985
0.04580043087922293
0.045799344984352924
0.04579826022656427
0.04579717660322234
0.045796094111713134
0.04579501274944314
0.04579393251383954
0.04579285340235071
0.045791775412446056
0.04579069854161657
0.04578962278737479
0.04578854814725492
0.04578747461881348
0.04578640219962874
0.04578533088730174
0.0457842606794558
0.04578319157373714
0.04578212356781462
0.04578105665938049
0.04577999084614998
0.04577892612586189
0.045777862496278306
0.04577679995518539
0.04577573850039284
0.04577467812973463
0.04577361884106866
0.045772560632277186
0.045771503501266846
0.04577044744596899
0.045769392464339434
0.045768338554358905
0.045767285714032976
0.04576623394139241
0.04576518323449272
0.04576413359141513
0.04576308501026571
0.04576203748917633
0.045760991026304126
0.04575994561983189
0.04575890126796804
0.04575785796894681
0.0457568157210282
0.045755774522497836
0.04575473437166751
0.04575369526687496
0.04575265720648385
0.04575162018888374
0.04575058421249049
0.04574954927574592
0.045748515377117965
0.04574748251510083
0.04574645068821461
0.0457454198950057
0.04574439013404655
0.04574336140393588
0.04574233370329836
0.04574130703078484
0.04574028138507215
0.04573925676486323
0.04573823316888706
0.0457372105958985
0.045736189044678084
0.04573516851403267
0.04573414900279446
0.04573313050982164
0.045732113033997754
0.04573109657423223
0.045730081129459726
0.04572906669864027
0.04572805328075928
0.045727040874827346
0.04572602947987984
0.0457250190949774
0.0457240097192054
0.04572300135167373
0.04572199399151685
0.04572098763789399
0.045719982289988075
0.04571897794700651
0.045717974608180535
0.045716972272765215
0.045715970940039034
0.04571497060930427
0.04571397127988596
0.04571297295113266
0.04571197562241555
0.04571097929312842
0.045709983962687745
0.04570898963053212
0.04570799629612209
0.045707003958940194
0.04570601261849048
0.04570502227429828
0.045704032925910104
0.045703044572893446
0.0457020572148363
0.04570107085134701
0.045700085482054245
0.04569910110660627
0.04569811772467123
0.045697135335936424
0.04569615394010819
0.04569517353691181
0.04569419412609084
0.045693215707407246
0.0456922382806408
0.04569126184558896
0.04569028640206636
0.045689311949904866
0.04568833848895295
0.04568736601907541
0.04568639454015332
0.04568542405208334
0.04568445455477772
0.04568348604816371
0.04568251853218354
0.04568155200679375
0.04568058647196511
0.045679621927682025
0.045678658373942686
0.04567769581075819
0.0456767342381524
0.04567577365616171
0.04567481406483468
0.04567385546423135
0.04567289785442337
0.04567194123549346
0.04567098560753489
0.04567003097065122
0.0456690773249562
0.045668124670573004
0.04566717300763419
0.04566622233628105
0.04566527265666353
0.045664323968939664
0.045663376273275484
0.04566242956984418
0.04566148385882618
0.04566053914040856
0.0456595954147848
0.04565865268215432
0.04565771094272209
0.045656770196698546
0.04565583044429861
0.04565489168574214
0.045653953921252925
0.04565301715105843
0.04565208137538992
0.045651146594481315
0.045650212808569346
0.04564928001789326
0.045648348222694105
0.045647417423214494
0.04564648761969848
0.045645558812390914
0.04564463100153717
0.04564370418738281
0.04564277837017337
0.045641853550153676
0.045640929727567905
0.045640006902658785
0.045639085075667704
0.04563816424683403
0.04563724441639512
0.04563632558458545
0.04563540775163685
0.04563449091777767
0.045633575083232986
0.0456326602482238
0.04563174641296684
0.04563083357767446
0.04562992174255415
0.045629010907808014
0.045628101073632854
0.04562719224021974
0.045626284407753445
0.04562537757641247
0.0456244717463685
0.04562356691778636
0.045622663090823426
0.045621760265629634
0.045620858442346944
0.04561995762110924
0.04561905780204186
0.04561815898526151
0.045617261170876
0.04561636435898364
0.045615468549673466
0.04561457374302468
0.04561367993910638
0.0456127871379774
0.045611895339686195
0.04561100454427019
0.04561011475175602
0.04560922596215892
0.04560833817548276
0.045607451391719574
0.04560656561084957
0.0456056808328408
0.045604797057648826
0.045603914285216714
0.04560303251547477
0.04560215174834029
0.045601271983717384
0.04560039322149668
0.04559951546155537
0.04559863870375685
0.04559776294795058
0.045596888193971834
0.04559601444164171
0.04559514169076672
0.04559426994113892
0.045593399192535446
0.045592529444718505
0.0455916606974354
0.04559079295041797
0.04558992620338272
0.04558906045603078
0.0455881957080476
0.04558733195910265
0.04558646920884991
0.045585607456926795
0.045584746702955044
0.045583886946539955
0.04558302818727045
0.04558217042471907
0.045581313658441674
0.045580457887977564
0.045579603112849344
0.04557874933256254
0.04557789654660601
0.04557704475445152
0.04557619395555374
0.04557534414935014
0.04557449533526107
0.04557364751268949
0.0455728006810212
0.045571954839624396
0.04557110998784999
0.045570266125031275
0.04556942325048404
0.0455685813635064
0.04556774046337906
0.045566900549364894
0.04556606162070919
0.045565223676639316
0.045564386716365195
0.04556355073907878
0.04556271574395434
0.04556188173014823
0.04556104869679931
0.04556021664302822
0.04555938556793816
0.04555855547061422
0.045557726350123826
0.04555689820551668
0.0455560710358246
0.045555244840061626
0.045554419617224035
0.045553595366290334
0.04555277208622141
0.04555194977596033
0.04555112843443251
0.04555030806054572
0.04554948865319029
0.04554867021123871
0.04554785273354597
0.04554703621894974
0.045546220666270044
0.04554540607430968
0.04554459244185378
0.04554377976767049
0.04554296805051053
0.04554215728910737
0.04554134748217736
0.04554053862841985
0.04553973072651705
0.0455389237751341
0.04553811777291956
0.04553731271850481
0.04553650861050467
0.04553570544751711
0.045534903228123605
0.045534101950889
0.04553330161436168
0.04553250221707368
0.04553170375754065
0.045530906234261974
0.045530109645720955
0.04552931399038495
0.045528519266705
0.04552772547311657
0.04552693260803915
0.04552614066987652
0.04552534965701699
0.0455245595678331
0.04552377040068215
0.04552298215390608
0.04552219482583145
0.045521408414769884
0.045520622919017706
0.04551983833685654
0.045519054666553
0.04551827190635905
0.045517490054512035
0.045516709109234596
0.04551592906873525
0.04551514993120792
0.04551437169483232
0.04551359435777432
0.045512817918185525
0.04551204237420375
0.04551126772395308
0.04551049396554373
0.04550972109707264
0.04550894911662316
0.045508178022265165
0.04550740781205569
0.045506638484038194
0.04550587003624352
0.04550510246668943
0.045504335773380936
0.04550356995431049
0.045502805007457965
0.04550204093079077
0.04550127772226394
0.045500515379820645
0.04549975390139152
0.04549899328489565
0.045498233528240006
0.04549747462931998
0.045496716586019385
0.045495959396210324
0.04549520305775385
0.04549444756849943
0.045493692926285655
0.045492939128939966
0.045492186174278915
0.04549143406010829
0.045490682784223184
0.04548993234440824
0.04548918273843747
0.045488433964074704
0.04548768601907363
0.04548693890117751
0.04548619260812014
0.04548544713762512
0.04548470248740639
0.04548395865516823
0.04548321563860555
0.04548247343540368
0.04548173204323883
0.04548099145977789
0.04548025168267893
0.045479512709590775
0.04547877453815369
0.04547803716599917
0.045477300590750044
0.045476564810020666
0.04547582982141705
0.04547509562253698
0.04547436221096996
0.04547362958429765
0.04547289774009362
0.045472166675923624
0.04547143638934581
0.04547070687791073
0.0454699781391612
0.04546925017063297
0.04546852296985429
0.04546779653434637
0.045467070861623264
0.04546634594919209
0.0454656217945531
0.045464898395199765
0.04546417574861908
0.045463453852291225
0.04546273270369016
0.045462012300283274
0.0454612926395321
0.04546057371889152
0.04545985553581078
0.045459138087732956
0.04545842137209551
0.04545770538632997
0.04545699012786218
0.04545627559411262
0.04545556178249618
0.04545484869042251
0.04545413631529586
0.04545342465451536
0.0454527137054751
0.045452003465564175
0.04545129393216677
0.045450585102662304
0.045449876974425346
0.045449169544826154
0.04544846281123021
0.04544775677099852
0.045447051421488006
0.04544634676005107
0.04544564278403601
0.04544493949078708
0.04544423687764442
0.04544353494194435
0.04544283368101941
0.04544213309219819
0.04544143317280576
0.04544073392016351
0.04544003533158943
0.045439337404397956
0.04543864013590028
0.04543794352340418
0.045437247564214404
0.04543655225563247
0.04543585759495692
0.045435163579483226
0.04543447020650411
0.04543377747330943
0.04543308537718618
0.045432393915418916
0.045431703085289495
0.045431012884077054
0.04543032330905854
0.04542963435750845
0.0454289460266989
0.04542825831389979
0.04542757121637888
0.04542688473140174
0.04542619885623197
0.04542551358813117
0.0454248289243591
0.045424144862173374
0.04542346139883025
0.04542277853158397
0.04542209625768709
0.045421414574390855
0.04542073347894464
0.04542005296859657
0.045419373040593236
0.0454186936921799
0.04541801492060065
0.04541733672309803
0.04541665909691366
0.04541598203928789
0.04541530554746021
0.045414629618668656
0.04541395425015084
0.0454132794391431
0.04541260518288093
0.045411931478599135
0.045411258323531725
0.04541058571491204
0.0454099136499727
0.04540924212594571
0.0454085711400626
0.04540790068955433
0.04540723077165135
0.04540656138358387
0.04540589252258152
0.045405224185873824
0.04540455637068981
0.04540388907425836
0.04540322229380833
0.045402556026568106
0.04540189026976634
0.04540122502063138
0.045400560276391486
0.04539989603427526
0.04539923229151101
0.04539856904532745
0.04539790629295321
0.04539724403161725
0.045396582258548694
0.045395920970976826
0.045395260166131435
0.045394599841242333
0.04539393999354013
0.04539328062025542
0.045392621718619436
0.04539196328586391
0.04539130531922088
0.04539064781592315
0.045389990773203964
0.04538933418829722
0.045388678058437375
0.04538802238085958
0.04538736715279985
0.045386712371494546
0.04538605803418109
0.04538540413809776
0.045384750680483234
0.04538409765857735
0.045383445069620734
0.04538279291085503
0.045382141179522495
0.045381489872866596
0.04538083898813165
0.04538018852256302
0.045379538473407095
0.04537888883791127
0.045378239613323886
0.04537759079689461
0.045376942385874135
0.04537629437751432
0.04537564676906797
0.045374999557789224
0.045374352740933585
0.04537370631575747
0.045373060279518714
0.04537241462947637
0.04537176936289074
0.04537112447702353
0.04537047996913756
0.045369835836497195
0.04536919207636804
0.04536854868601707
0.04536790566271266
0.045367263003724574
0.045366620706324016
0.04536597876778356
0.045365337185377386
0.04536469595638093
0.04536405507807118
0.04536341454772674
0.04536277436262751
0.04536213452005518
0.04536149501729252
0.04536085585162439
0.045360217020336796
0.045359578520717495
0.045358940350055825
0.045358302505642566
0.045357664984770334
0.045357027784733134
0.04535639090282678
0.0453557543363486
0.04535511808259752
0.04535448213887435
0.04535384650248128
0.04535321117072228
0.0453525761409031
0.04535194141033108
0.04535130697631524
0.04535067283616633
0.045350038987196806
0.045349405426720876
0.045348772152054365
Eitim Tamamland
4 numaral adaki hata: %3,789
