1.0
0.11367433144826661
0.11300891433368557
0.11130739806508637
0.10858713205667084
0.10470821880892903
0.10007202581120686
0.09558362518897494
0.09194567437762186
0.08923718051215047
0.08720662507275637
0.08559987926824832
0.08425123641187934
0.08306688397130901
0.08199564209681418
0.08100929809452712
0.08009175399617854
0.07923336351903862
0.07842797080395804
0.07767131021636328
0.07696010511013687
0.07629154862700795
0.07566301161990172
0.07507189457540113
0.07451557180394483
0.0739913915993117
0.07349670605323468
0.07302891227308925
0.07258549350227457
0.07216405391347656
0.07176234454610578
0.07137828015791897
0.07100994798332452
0.07065560988982644
0.0703136994953468
0.06998281566369802
0.06966171356532116
0.06934929424850232
0.06904459344704417
0.06874677016588163
0.06845509543707452
0.06816894152073327
0.06788777173311672
0.06761113101204563
0.06733863727349151
0.06706997356941213
0.06680488102322883
0.06654315249416133
0.06628462690387031
0.066029184147758
0.06577674050827163
0.06552724448811473
0.0652806729868126
0.0650370277538825
0.06479633206501405
0.06455862758305628
0.06432397138187579
0.06409243312680565
0.06386409241887216
0.06363903631980972
0.0634173570799186
0.06319915009047693
0.06298451207680485
0.0627735395381034
0.0625663274274929
0.06236296805239796
0.06216355016383638
0.061968158195255085
0.06177687160860541
0.061589764307732484
0.06140690408625984
0.06122835208757633
0.06105416226641326
0.06088438085291701
0.06071904582946513
0.0605581864366977
0.06040182272793822
0.06024996519055803
0.060102614449534214
0.059959761063337294
0.059821385416295635
0.059687457705551485
0.059557938015321214
0.05943277646684819
0.05931191342946944
0.059195279776700874
0.05908279717118342
0.0589743783636202
0.05886992749333908
0.058769340381653615
0.05867250481356296
0.058579300808290755
0.05848960088444831
0.05840327033089854
0.058320167499343586
0.05824014413885059
0.05816304579553717
0.0580887123020189
0.058016978380568525
0.05794767438094463
0.057880627168353745
0.05781566116909702
0.05775259957145455
0.057691265667945954
0.057631484313184184
0.057573083460259016
0.05751589572913508
0.05745975995405345
0.05740452265421181
0.057350039373523634
0.057296175840932884
0.05724280891205359
0.05718982726482484
0.057137131835195684
0.0570846359922839
0.057032265464785854
0.05697995804072975
0.05692766307036787
0.05687534080686239
0.05682296162153962
0.056770505130198365
0.05671795926476334
0.056665319321017676
0.05661258700877885
0.05655976952616235
0.05650687867488371
0.05645393002915709
0.05640094216681948
0.05634793596793533
0.05629493398334461
0.05624195987337547
0.05618903791520959
0.05613619257609783
0.05608344814870314
0.05603082844423913
0.055978356538704505
0.055926054567345625
0.05587394356245828
0.055822043329733735
0.055770372358532175
0.05571894776170547
0.05566778524087216
0.0556168990733537
0.05556630211730337
0.055516005831883854
0.05546602030967558
0.0554163543188082
0.05536701535261265
0.05531800968487249
0.05526934242902002
0.0552210175998642
0.0551730381766637
0.05512540616655535
0.05507812266752964
0.055031187930303406
0.05498460141857855
0.054938361867294914
0.054892467338592196
0.05484691527527919
0.054801702551686336
0.054756825521837874
0.054712280064927676
0.05466806162812791
0.05462416526678719
0.05458058568210257
0.054537317256366756
0.0544943540859057
0.05445169001183022
0.054409318648730935
0.054367233411446524
0.054325427540037725
0.05428389412309305
0.05424262611949278
0.05420161637874999
0.05416085766004166
0.054120342650038074
0.05408006397963051
0.0540400142396504
0.054000185995666534
0.05396057180193951
0.05392116421460641
0.053881955804160976
0.053842939167289855
0.05380410693811883
0.05376545179891773
0.05372696649030785
0.05368864382101098
0.05365047667717616
0.05361245803131491
0.0535745809508743
0.0535368386064731
0.053499224279825015
0.05346173137136945
0.05342435340762985
0.053387084048317116
0.05334991709319366
0.053312846488713934
0.05327586633445354
0.05323897088933969
0.05320215457769263
0.05316541199508747
0.05312873791404283
0.05309212728954232
0.05305557526439045
0.05301907717440538
0.052982628553445425
0.05294622513826588
0.052909862873198564
0.0528735379146436
0.052837246635361795
0.052800985628548944
0.052764751711675766
0.052728541930069116
0.052692353560209855
0.05265618411272141
0.05262003133501618
0.05258389321357087
0.05254776797579447
0.052511654091455806
0.05247555027363433
0.05243945547915929
0.05240336890850055
0.05236729000507937
0.05233121845396455
0.05229515417992522
0.0522590973448136
0.052223048344253654
0.05218700780361741
0.05215097657327524
0.05211495572311051
0.052078946536298173
0.05204295050234833
0.05200696930942793
0.05197100483597675
0.05193505914164192
0.051899134457563834
0.051863233176051286
0.0518273578396914
0.0517915111299474
0.051755695855301494
0.0517199149390075
0.051684171406522476
0.05164846837268959
0.0516128090287506
0.05157719662926592
0.05154163447902488
0.05150612592002691
0.05147067431861565
0.05143528305284753
0.05139995550017095
0.051364695025493345
0.05132950496970519
0.05129438863872793
0.05125934929314643
0.05122439013847897
0.05118951431613259
0.0511547248950833
0.051120024864313135
0.05108541712602878
0.05105090448967646
0.05101648966676347
0.05098217526648518
0.05094796379215157
0.05091385763839882
0.05087985908916459
0.05084597031640239
0.05081219337949975
0.05077853022536545
0.05074498268914331
0.050711552495508225
0.05067824126049703
0.05064505049382463
0.050611981601635575
0.050579035889638545
0.0505462145665739
0.05051351874796332
0.050480949460092336
0.05044850764417752
0.05041619416067514
0.05038400979368483
0.05035195525541104
0.05032003119064437
0.05028823818122728
0.05025657675047532
0.05022504736752545
0.05019365045158749
0.050162386376077846
0.050131255472618194
0.05010025803488416
0.05006939432229232
0.05003866456351697
0.050008068959830065
0.049977607688260026
0.049947280904567695
0.04991708874603927
0.04988703133409754
0.04985710877673452
0.049827321170769455
0.049797668603937195
0.0497681511568129
0.04973876890457909
0.049709521918642245
0.04968041026810547
0.04965143402110484
0.0496225932460158
0.049593888012536703
0.049565318392656335
0.04953688446151086
0.04950858629813712
0.0494804239861256
0.04945239761418034
0.049424507276587294
0.04939675307359633
0.049369135111719344
0.049341653503946016
0.04931430836988006
0.04928709983579542
0.04926002803461444
0.049233093105806064
0.04920629519520466
0.04917963445474771
0.049153111042129924
0.04912672512037292
0.049100476857306445
0.049074366424959666
0.04904839399885776
0.04902255975722248
0.048996863880071455
0.0489713065482137
0.04894588794213872
0.048920608240794
0.04889546762025055
0.04887046625225248
0.04884560430264892
0.04882088192970761
0.04879629928230893
0.04877185649802134
0.04874755370105883
0.04872339100012371
0.04869936848613744
0.0486754862298648
0.04865174427943789
0.04862814265778722
0.04860468135998902
0.048581360350540136
0.04855817956057141
0.04853513888501501
0.048512238179739105
0.048489477258667237
0.04846685589090059
0.048444373797861026
0.048422030650475845
0.04839982606642469
0.04837775960746982
0.04835583077689184
0.04833403901705291
0.04831238370710915
0.048290864160893635
0.048269479624991556
0.04824822927702627
0.04822711222417683
0.04820612750194299
0.048185274073174064
0.04816455082737545
0.04814395658030547
0.04812349007387089
0.04810314997632942
0.0480829348828044
0.048062843316113026
0.04804287372790927
0.04802302450013798
0.04800329394679606
0.047983680315992594
0.047964181792298624
0.0479447964993748
0.047925522502863464
0.04790635781352882
0.04788730039062929
0.04786834814550261
0.047849498945344196
0.04783075061715903
0.04781210095186449
0.04779354770852305
0.04777508861868263
0.04775672139080199
0.04773844371473922
0.04772025326628105
0.04770214771169123
0.04768412471225712
0.04766618192881344
0.047648317026223706
0.047630527677799475
0.047612811569640714
0.0475951664048777
0.04757758990780008
0.04756007982785698
0.04754263394351331
0.04752525006595007
0.04750792604259571
0.047490659760477255
0.047473449149382715
0.047456292184823466
0.0474391868907911
0.04742213134230127
0.04740512366771855
0.04738816205085853
0.04737124473286469
0.047354370013856006
0.04733753625434678
0.04732074187643708
0.04730398536477643
0.04728726526730243
0.04727058019575882
0.04725392882599664
0.04723730989806531
0.04722072221609953
0.04720416464801024
0.047187636124988185
0.04717113564082898
0.0471546622510907
0.0471382150720939
0.047121793279776114
0.04710539610841228
0.047089022849213645
0.04707267284881701
0.04705634550767788
0.04704004027837918
0.047023756663868606
0.04700749421563748
0.04699125253185234
0.04697503125545198
0.04695883007222047
0.04694264870884779
0.04692648693098799
0.04691034454132448
0.046894221377650834
0.04687811731097684
0.04686203224366532
0.046845966107607495
0.04682991886244264
0.046813890493826664
0.04679788101175409
0.04678189044893773
0.04676591885924713
0.04674996631621003
0.04673403291157664
0.04671811875394884
0.04670222396747375
0.04668634869060239
0.04667049307491201
0.04665465728399186
0.04663884149239054
0.04662304588462382
0.04660727065424049
0.046591516002944734
0.04657578213977268
0.04656006928032079
0.0465443776460234
0.04652870746347772
0.046513058963813164
0.04649743238210309
0.04648182795681596
0.046466245929304276
0.04645068654332878
0.04643515004461518
0.04641963668044244
0.04640414669925934
0.04638868035032882
0.04637323788339652
0.04635781954838399
0.04634242559510307
0.04632705627299113
0.04631171183086507
0.046296392516693534
0.04628109857738571
0.04626583025859527
0.046250587804539244
0.0462353714578301
0.046220181459320796
0.04620501804796154
0.04618988146066764
0.046174771932197774
0.04615968969504199
0.04614463497931913
0.046129608012682524
0.046114609020233996
0.046099638224445336
0.04608469584508721
0.04606978209916435
0.04605489720085744
0.04604004136147118
0.046025214789387224
0.046010417690023314
0.0459956502657965
0.045980912716092066
0.0459662052372359
0.04595152802247159
0.04593688126194136
0.04592226514267046
0.04590767984855522
0.045893125560354346
0.045878602455683086
0.045864110709010315
0.04584965049165863
0.04583522197180633
0.04582082531449233
0.04580646068162296
0.04579212823198117
0.045777828121237096
0.04576356050196111
0.045749325523638286
0.04573512333268451
0.04572095407246408
0.04570681788330879
0.0456927149025385
0.04567864526448272
0.045664609100503614
0.04565060653902038
0.04563663770553428
0.04562270272265486
0.04560880171012775
0.04559493478486256
0.04558110206096251
0.04556730364975453
0.04555353965982063
0.045539810197029795
0.04552611536457121
0.0455124552629879
0.045498829990211515
0.04548523964159812
0.045471684309964525
0.04545816408562573
0.04544467905643297
0.04543122930781318
0.0454178149228086
0.04540443598211811
0.0453910925641386
0.045377784745007976
0.04536451259864875
0.04535127619681261
0.045338075609125845
0.04532491090313619
0.04531178214435968
0.04529868939632973
0.045285632720646375
0.045272612177026314
0.04525962782335504
0.04524667971573876
0.04523376790855807
0.04522089245452271
0.045208053404726826
0.045195250808705734
0.04518248471449351
0.04516975516868184
0.04515706221647965
0.04514440590177392
0.04513178626719147
0.04511920335416214
0.04510665720298243
0.04509414785288038
0.04508167534208185
0.04506923970787719
0.045056840986689446
0.045044479214142986
0.04503215442513372
0.04501986665389989
0.04500761593409371
0.04499540229885412
0.044983225780880515
0.04497108641250705
0.044958984225777994
0.0449469192525237
0.04493489152443782
0.04492290107315464
0.0449109479303277
0.0448990321277089
0.044887153697227906
0.04487531267107312
0.04486350908177244
0.0448517429622746
0.04484001434603168
0.044828323267081555
0.044816669760131024
0.044805053860639224
0.044793475604901545
0.0447819350301339
0.04477043217455727
0.044758967077482475
0.04474753977939514
0.04473615032204102
0.044724798748511145
0.04471348510332748
0.044702209432528235
0.04469097178375349
0.044679772206330536
0.04466861075135939
0.04465748747179796
0.04464640242254722
0.04463535566053621
0.04462434724480648
0.044613377236596634
0.044602445699426355
0.04459155269918004
0.044580698304190064
0.04456988258531974
0.04455910561604535
0.04454836747253812
0.0445376682337455
0.04452700798147156
0.04451638680045703
0.044505804778458745
0.04449526200632783
0.044484758578087875
0.04447429459101165
0.04446387014569746
0.04445348534614441
0.044443140299826836
0.04443283511776796
0.04442256991461229
0.04441234480869741
0.04440215992212446
0.04439201538082798
0.04438191131464417
0.044371847857378674
0.04436182514687289
0.044351843325069244
0.04434190253807548
0.04433200293622761
0.04432214467415206
0.044312327910826094
0.04430255280963769
0.04429281953844378
0.04428312826962752
0.04427347918015408
0.044263872451625816
0.04425430827033543
0.04424478682731865
0.04423530831840527
0.04422587294426882
0.04421648091047574
0.044207132427532485
0.04419782771093195
0.04418856698119839
0.0441793504639315
0.04417017838984885
0.04416105099482739
0.04415196851994355
0.04414293121151269
0.044133939321126484
0.044124993105689944
0.04411609282745685
0.044107238754064144
0.04409843115856514
0.04408967031946152
0.0440809565207344
0.04407229005187407
0.04406367120790856
0.04405510028943129
0.04404657760262754
0.044038103459299385
0.04402967817689034
0.04402130207850796
0.044012975492945874
0.04400469875470465
0.043996472204011275
0.04398829618683763
0.04398017105491767
0.04397209716576373
0.043964074882681066
0.04395610457478183
0.04394818661699728
0.04394032139008884
0.04393250928065794
0.043924750681154534
0.043917045989883795
0.04390939561101205
0.043901799954570664
0.04389425943645844
0.0438867744784429
0.043879345508158966
0.04387197295910692
0.04386465727064769
0.04385739888799675
0.04385019826221584
0.04384305585020241
0.04383597211467739
0.04382894752416994
0.043821982553000495
0.04381507768126066
0.04380823339479094
0.043801450185155556
0.043794728549613825
0.04378806899108945
0.043781472018135724
0.04377493814489767
0.04376846789107069
0.04376206178185557
0.043755720347909276
0.04374944412529197
0.04374323365540988
0.04373708948495307
0.0437310121658297
0.04372500225509421
0.04371906031487135
0.04371318691227473
0.043707382619319515
0.04370164801283026
0.04369598367434191
0.04369039018999567
0.043684868150427755
0.04367941815065229
0.04367404078993693
0.043668736671672155
0.043663506403232785
0.04365835059583302
0.043653269864373054
0.043648264827278974
0.04364333610633418
0.04363848432650317
0.043633710115747265
0.04362901410483199
0.04362439692712636
0.04361985921839376
0.04361540161657428
0.04361102476155911
0.043606729294956174
0.04360251585984752
0.04359838510053861
0.043594337662299344
0.043590374191097445
0.043586495333323594
0.043582701735509724
0.04357899404403965
0.04357537290485316
0.04357183896314368
0.04356839286304991
0.043565035247342274
0.043561766757104194
0.04355858803140965
0.04355549970699681
0.043552502417939495
0.04354959679531599
0.043546783466877625
0.04354406305671681
0.043541436184935854
0.04353890346731799
0.04353646551500115
0.04353412293415552
0.04353187632566652
0.04352972628482372
0.04352767340101648
0.04352571825743865
0.043523861430801336
0.0435221034910563
0.043520445001129664
0.04351888651666655
0.0435174285857877
0.043516071748857
0.043514816538260795
0.04351366347819728
0.04351261308447598
0.043511665864324624
0.043510822316201826
0.04351008292961245
0.043509448184921196
0.0435089185531606
0.043508494495826375
0.04350817646465317
0.04350796490136191
0.043507860237367885
0.04350786289343672
0.04350797327927396
0.043508191793029935
0.043508518820699685
0.04350895473539413
0.04350949989645473
0.04351015464837881
0.04351091931951997
0.043511794220519005
0.04351277964241792
0.04351387585439944
0.04351508310108836
0.04351640159934022
0.04351783153443318
0.04351937305556714
0.04352102627055901
0.043522791239610066
0.04352466796800226
0.04352665639756031
0.04352875639669681
0.04353096774882838
0.043533290138926824
0.043535723137933566
0.04353826618473261
0.04354091856533473
0.043543679388882324
0.043546547560032484
0.04354952174722065
0.043552600346246126
0.043555781438550906
0.04355906274349181
0.04356244156382431
0.043565914723532176
0.04356947849704859
0.0435731285288222
0.04357685974209267
0.043580666235653695
0.043584541167308345
0.04358847662266681
0.043592463467911804
0.04359649118518127
0.04360054768930466
0.043604619124812685
0.04360868964244678
0.04361274115487289
0.04361675307200403
0.04362070201732135
0.043624561527937575
0.04362830174294849
0.04363188908697849
0.04363528595883666
0.043638450438966796
0.04364133603396746
0.04364389148190118
0.04364606064834827
0.04364778254998063
0.04364899154943217
0.04364961777172185
0.043649587797377265
0.043648825689203904
0.04364725440637739
0.04364479764884741
0.04364138215442325
0.04363694043814589
0.04363141391744878
0.04362475630796072
0.04361693710745977
0.04360794491724142
0.043597790292943556
0.04358650778572386
0.043574156845105044
0.043560821318489075
0.04354660740221365
0.043531640065178547
0.04351605815473757
0.04350000857158537
0.043483640029255595
0.043467096966023876
0.043450514140780404
0.04343401232889426
0.04341769536615198
0.043401648604842635
0.043385938681033916
0.04337061437113847
0.04335570824993245
0.04334123884873539
0.043327213039708906
0.04331362842443121
0.04330047556695324
0.043287739971764154
0.0432754037582466
0.04326344702209239
0.043251848900597266
0.043240588374372696
0.0432296448452161
0.043218998531164086
0.04320863071728621
0.043198523896283016
0.04318866182762056
0.04317902953857376
0.0431696132856083
0.04316040049023432
0.04315137965988574
0.043142540301490805
0.04313387283313535
0.04312536849748246
0.043117019279314585
0.04310881782860789
0.04310075738986813
0.04309283173798133
0.04308503512050926
0.04307736220615615
0.04306980803900569
0.04306236799806284
0.04305503776160841
0.04304781327587658
0.0430406907275829
0.0430336665198621
0.04302673725120749
0.043019899697043174
0.043013150793597
0.043006487623778414
0.04299990740480043
0.042993407477314664
0.0429869852958588
0.0429806384204403
0.042974364509103434
0.04296816131134718
0.04296202666227856
0.04295595847740317
0.04294995474796599
0.042944013536769736
0.04293813297440619
0.042932311255846844
0.04292654663734474
0.042920837433607854
0.042915182015208865
0.042909578806201845
0.042904026281919465
0.04289852296692939
0.04289306743313112
0.04288765829797544
0.04288229422279486
0.04287697391123039
0.042871696107746535
0.04286645959622399
0.04286126319862272
0.04285610577370927
0.04285098621584167
0.042845903453807295
0.04284085644970956
0.04283584419789904
0.04283086572394617
0.04282592008365245
0.04282100636209771
0.042816123672720544
0.04281127115643125
0.042806447980753885
0.04280165333899725
0.04279688644945248
0.04279214655461618
0.04278743292043882
0.04278274483559519
0.04277808161077903
0.04277344257801787
0.04276882709000964
0.042764234519478764
0.04275966425855214
0.042755115718153484
0.04275058832741603
0.042746081533112684
0.04274159479910333
0.04273712760579833
0.04273267944963842
0.0427282498425902
0.04272383831165613
0.04271944439839974
0.042715067658484956
0.04271070766122913
0.04270636398916974
0.04270203623764387
0.042697724014380815
0.04269342693910653
0.042689144643160676
0.04268487676912468
0.04268062297046179
0.04267638291116773
0.04267215626543222
0.04266794271731108
0.04266374196040793
0.042659553697566695
0.042655377640572395
0.042651213509862666
0.042647061034246765
0.042642919950634885
0.04263879000377479
0.04263467094599744
0.04263056253697003
0.042626464543457684
0.04262237673909175
0.042618298904146326
0.04261423082532111
0.04261017229553193
0.04260612311370734
0.0426020830845922
0.04259805201855745
0.04259402973141555
0.042590016044242986
0.04258601078320723
0.04258201377940005
0.042578024868676276
0.042574043891497534
0.04257007069278114
0.04256610512175385
0.042562147031811014
0.04255819628037912
0.04255425272878433
0.04255031624212409
0.04254638668914382
0.042542463942117095
0.042538547876730434
0.04253463837197109
0.04253073531001936
0.04252683857614384
0.04252294805860082
0.04251906364853639
0.04251518523989206
0.042511312729313966
0.04250744601606412
0.04250358500193596
0.04249972959117145
0.04249587969038193
0.04249203520847102
0.04248819605656043
0.04248436214791835
0.042480533397889916
0.042476709723830275
0.04247289104504005
0.042469077282702695
0.042465268359823914
0.04246146420117376
0.04245766473323001
0.04245386988412378
0.04245007958358702
0.042446293762901585
0.04244251235485044
0.04243873529367018
0.042434962515005135
0.042431193955863554
0.04242742955457472
0.042423669250747684
0.04241991298523177
0.04241616070007794
0.04241241233850178
0.04240866784484782
0.042404927164554594
0.042401190244121804
0.0423974570310775
0.042393727473947616
0.0423900015222252
0.04238627912634203
0.042382560237640324
0.042378844808345625
0.04237513279154095
0.04237142414114134
0.04236771881186987
0.04236401675923374
0.0423603179395019
0.04235662230968311
0.042352929827504764
0.042349240451392565
0.04234555414045064
0.042341870854442853
0.04233819055377422
0.04233451319947321
0.0423308387531747
0.04232716717710356
0.0423234984340584
0.04231983248739658
0.04231616930101903
0.04231250883935614
0.04230885106735365
0.04230519595045962
0.04230154345461125
0.04229789354622237
0.042294246192171786
0.042290601359791166
0.04228695901685423
0.04228331913156565
0.04227968167255067
0.042276046608845
0.042272413909885134
0.04226878354549867
0.042265155485895566
0.04226152970165896
0.04225790616373702
0.0422542848434345
0.042250665712404926
0.042247048742642804
0.04224343390647646
0.04223982117656045
0.04223621052586926
0.04223260192769009
0.0422289953556167
0.04222539078354288
0.04222178818565679
0.04221818753643489
0.042214588810636285
0.04221099198329738
0.042207397029726534
0.04220380392549897
0.04220021264645177
0.0421966231686794
0.0421930354685287
0.0421894495225945
0.04218586530771558
0.04218228280097018
0.04217870197967207
0.04217512282136663
0.04217154530382696
0.04216796940505033
0.04216439510325457
0.04216082237687456
0.04215725120455894
0.04215368156516706
0.04215011343776523
0.04214654680162451
0.04214298163621714
0.04213941792121397
0.04213585563648148
0.042132294762079324
0.0421287352782576
0.042125177165454275
0.04212162040429276
0.042118064975579565
0.04211451086030201
0.04211095803962586
0.042107406494893224
0.04210385620762032
0.04210030715949573
0.04209675933237787
0.04209321270829352
0.04208966726943575
0.042086122998162
0.04208257987699242
0.042079037888607965
0.04207549701584894
0.042071957241713094
0.04206841854935421
0.04206488092208037
0.04206134434335259
0.0420578087967832
0.04205427426613443
0.04205074073531707
0.042047208188389015
0.04204367660955403
0.04204014598316012
0.042036616293698835
0.04203308752580334
0.042029559664247734
0.04202603269394557
0.0420225065999489
0.042018981367446945
0.04201545698176505
0.04201193342836366
0.042008410692837145
0.04200488876091299
0.04200136761845054
0.04199784725144009
0.041994327646001965
0.04199080878838547
0.04198729066496823
0.041983773262254755
0.04198025656687623
0.04197674056558905
0.041973225245274394
0.04196971059293702
0.041966196595704705
0.041962683240827456
0.0419591705156765
0.0419556584077437
0.041952146904640795
0.041948635994098565
0.04194512566396613
0.04194161590221029
0.041938106696914716
0.0419345980362794
0.04193108990861992
0.04192758230236663
0.04192407520606431
0.04192056860837134
0.04191706249805891
0.041913556864010826
0.04191005169522242
0.041906546980800374
0.04190304270996182
0.04189953887203408
0.041896035456453616
0.041892532452766106
0.041889029850625197
0.04188552763979267
0.041882025810137294
0.041878524351634736
0.04187502325436689
0.04187152250852134
0.04186802210439078
0.04186452203237278
0.04186102228296908
0.04185752284678532
0.041854023714530314
0.041850524877015724
0.04184702632515572
0.04184352804996645
0.04184003004256548
0.041836532294171384
0.04183303479610364
0.04182953753978175
0.04182604051672525
0.041822543718552894
0.04181904713698265
0.04181555076383093
0.04181205459101263
0.041808558610540315
0.04180506281452413
0.04180156719517133
0.04179807174478584
0.04179457645576822
0.04179108132061479
0.04178758633191775
0.04178409148236454
0.04178059676473776
0.04177710217191447
0.041773607696866326
0.0417701133326588
0.04176661907245118
0.04176312490949612
0.041759630837139475
0.04175613684881963
0.04175264293806763
0.041749149098506785
0.04174565532385202
0.04174216160791019
0.041738667944579096
0.04173517432784792
0.04173168075179653
0.0417281872105951
0.04172469369850425
0.04172120020987446
0.04171770673914598
0.041714213280848476
0.04171071982960066
0.04170722638011051
0.041703732927174546
0.041700239465677615
0.041696745990593
0.04169325249698189
0.04168975897999322
0.0416862654348635
0.041682771856916545
0.041679278241563186
0.04167578458430124
0.041672290880715036
0.04166879712647545
0.04166530331733963
0.041661809449150586
0.04165831551783732
0.04165482151941434
0.04165132744998172
0.041647833305724566
0.041644339082913186
0.04164084477790271
0.04163735038713283
0.04163385590712779
0.04163036133449621
0.04162686666593065
0.041623371898207695
0.041619877028187834
0.041616382052814795
0.041612886969116074
0.041609391774202226
0.041605896465266946
0.04160240103958684
0.04159890549452127
0.04159540982751218
0.041591914036084
0.041588418117843286
0.041584922070478925
0.04158142589176172
0.04157792957954413
0.0415744331317605
0.041570936546426476
0.04156743982163928
0.04156394295557726
0.04156044594649986
0.0415569487927474
0.04155345149274111
0.041549954044982795
0.04154645644805471
0.041542958700619664
0.04153946080142055
0.04153596274928046
0.041532464543102415
0.04152896618186922
0.0415254676646434
0.041521968990567176
0.041518470158862064
0.041514971168828754
0.04151147201984744
0.04150797271137707
0.04150447324295565
0.04150097361419996
0.0414974738248053
0.04149397387454562
0.041490473763273326
0.041486973490918906
0.04148347305749107
0.041479972463076616
0.041476471707840044
0.0414729707920238
0.04146946971594791
0.04146596848000976
0.04146246708468428
0.041458965530523605
0.04145546381815685
0.041451961948290365
0.04144845992170713
0.041444957739266944
0.04144145540190621
0.0414379529106378
0.04143445026655092
0.041430947470811
0.04142744452465941
0.04142394142941367
0.04142043818646702
0.04141693479728823
0.04141343126342184
0.04140992758648766
0.04140642376818075
0.041402919810271346
0.041399415714604586
0.04139591148310063
0.04139240711775413
0.04138890262063444
0.04138539799388513
0.04138189323972434
0.04137838836044404
0.04137488335841041
0.041371378236063246
0.041367872995916134
0.04136436764055613
0.04136086217264362
0.041357356594912284
0.04135385091016872
0.04135034512129251
0.041346839231235916
0.04134333324302372
0.04133982715975312
0.04133632098459359
0.04133281472078655
0.04132930837164528
0.041325801940554886
0.04132229543097195
0.041318788846424315
0.04131528219051106
0.041311775466902206
0.041308268679338574
0.041304761831631634
0.04130125492766312
0.04129774797138516
0.041294240966819766
0.04129073391805887
0.04128722682926387
0.04128371970466575
0.04128021254856458
0.041276705365329444
0.041273198159398235
0.04126969093527736
0.04126618369754163
0.04126267645083386
0.04125916919986495
0.041255661949413235
0.04125215470432472
0.04124864746951238
0.04124514024995636
0.04124163305070336
0.0412381258768667
0.0412346187336258
0.04123111162622615
0.04122760455997884
0.04122409754026067
0.04122059057251335
0.04121708366224384
0.04121357681502348
0.04121007003648818
0.041206563332337916
0.04120305670833658
0.04119955017031156
0.041196043724153524
0.041192537375816206
0.04118903113131596
0.041185524996731615
0.04118201897820403
0.04117851308193594
0.04117500731419141
0.041171501681295894
0.04116799618963558
0.04116449084565723
0.04116098565586778
0.0411574806268342
0.04115397576518284
0.04115047107759939
0.04114696657082839
0.04114346225167296
0.041139958126994294
0.04113645420371166
0.04113295048880166
0.04112944698929807
0.041125943712291405
0.04112244066492857
0.04111893785441261
0.04111543528800222
0.04111193297301126
0.0411084309168086
0.041104929126817576
0.041101427610515606
0.041097926375433955
0.04109442542915717
0.041090924779322704
0.041087424433620436
0.041083924399792617
0.04108042468563296
0.041076925298986475
0.04107342624774919
0.04106992753986742
0.04106642918333756
0.04106293118620543
0.04105943355656614
0.04105593630256352
0.04105243943238935
0.04104894295428351
0.04104544687653302
0.04104195120747193
0.04103845595548055
0.041034961128985234
0.04103146673645776
0.04102797278641499
0.04102447928741824
0.04102098624807287
0.04101749367702794
0.04101400158297535
0.041010509974649764
0.04100701886082786
0.04100352825032799
0.041000038152009456
0.040996548574772244
0.040993059527556316
0.04098957101934133
0.04098608305914586
0.040982595656026986
0.040979108819079964
0.040975622557437336
0.0409721368802686
0.04096865179677973
0.0409651673162125
0.040961683447844094
0.04095820020098636
0.040954717584985464
0.040951235609221356
0.04094775428310693
0.04094427361608773
0.040940793617641386
0.04093731429727685
0.040933835664534186
0.040930357728983645
0.04092688050022524
0.040923403987888136
0.04091992820163025
0.04091645315113737
0.04091297884612297
0.040909505296327135
0.04090603251151642
0.04090256050148302
0.04089908927604429
0.040895618845042
0.040892149218342014
0.040888680405833364
0.040885212417428034
0.04088174526305985
0.04087827895268439
0.04087481349627816
0.04087134890383795
0.04086788518538019
0.04086442235094064
0.040860960410573334
0.04085749937435035
0.04085403925236096
0.04085058005471122
0.04084712179152309
0.040843664472934006
0.040840208109096394
0.04083675271017666
0.040833298286354854
0.04082984484782409
0.04082639240478968
0.04082294096746875
0.04081949054608951
0.04081604115089054
0.040812592792120496
0.040809145480037036
0.04080569922490648
0.04080225403700328
0.04079880992660902
0.04079536690401206
0.0407919249795071
0.04078848416339394
0.04078504446597753
0.04078160589756695
0.04077816846847485
0.04077473218901692
0.040771297069511256
0.04076786312027756
0.04076443035163666
0.04076099877391008
0.04075756839741898
0.04075413923248396
0.04075071128942402
0.04074728457855647
0.04074385911019587
0.04074043489465344
0.04073701194223686
0.04073359026324919
0.040730169867988435
0.04072675076674705
0.04072333296981107
0.04071991648745985
0.04071650132996501
0.040713087507590374
0.040709675030590954
0.040706263909212385
0.04070285415369056
0.04069944577425093
0.04069603878110776
0.040692633184463735
0.040689228994509365
0.0406858262214222
0.040682424875366455
0.04067902496649241
0.040675626504935745
0.040672229500816975
0.040668833964240966
0.04066543990529628
0.040662047334054666
0.040658656260570435
0.04065526669488001
0.04065187864700121
0.04064849212693299
0.04064510714465441
0.0406417237101246
0.04063834183328189
0.04063496152404339
0.04063158279230449
0.04062820564793826
0.04062483010079492
0.04062145616070135
0.04061808383746063
0.04061471314085138
0.04061134408062736
0.040607976666517
0.04060461090822279
0.04060124681542079
0.040597884397760214
0.04059452366486295
0.04059116462632295
0.04058780729170583
0.040584451670548534
0.04058109777235857
0.04057774560661375
0.04057439518276172
0.040571046510219415
0.04056769959837269
0.04056435445657586
0.040561011094151174
0.04055766952038854
0.040554329744544905
0.040550991775844016
0.040547655623475794
0.0405443212965962
0.04054098880432661
0.0405376581557533
0.04053432935992736
0.040531002425864195
0.04052767736254296
0.04052435417890639
0.040521032883860254
0.04051771348627313
0.04051439599497605
0.04051108041876191
0.04050776676638539
0.0405044550465624
0.040501145267969885
0.04049783743924539
0.04049453156898689
0.04049122766575208
0.040487925738058504
0.040484625794382986
0.04048132784316142
0.040478031892788376
0.040474737951616845
0.04047144602795802
0.040468156130080875
0.04046486826621198
0.04046158244453526
0.04045829867319165
0.04045501696027884
0.04045173731385089
0.04044845974191834
0.040445184252447745
0.04044191085336125
0.04043863955253672
0.040435370357807324
0.040432103276961215
0.040428838317741536
0.04042557548784607
0.040422314794927125
0.04041905624659131
0.04041579985039917
0.04041254561386537
0.040409293544458165
0.04040604364959939
0.04040279593666424
0.04039955041298126
0.04039630708583183
0.040393065962450646
0.040389827050024765
0.04038659035569412
0.04038335588655118
0.04038012364964067
0.04037689365195966
0.040373665900457364
0.040370440402035065
0.04036721716354591
0.040363996191794996
0.04036077749353914
0.04035756107548676
0.040354346944298035
0.04035113510658437
0.04034792556890896
0.040344718337786134
0.04034151341968166
0.040338310821012545
0.04033511054814708
0.04033191260740462
0.04032871700505586
0.040325523747322366
0.04032233284037699
0.040319144290343716
0.040315958103297286
0.04031277428526385
0.040309592842220354
0.04030641378009491
0.04030323710476665
0.0403000628220658
0.04029689093777353
0.04029372145762231
0.040290554387295646
0.04028738973242813
0.04028422749860564
0.04028106769136526
0.04027791031619531
0.04027475537853552
0.040271602883776875
0.04026845283726192
0.040265305244284615
0.040262160110090504
0.04025901743987691
0.04025587723879252
0.04025273951193813
0.040249604264366384
0.0402464715010818
0.04024334122704094
0.04024021344715267
0.0402370881662778
0.04023396538922998
0.040230845120774975
0.040227727365631155
0.04022461212846975
0.040221499413914716
0.04021838922654294
0.04021528157088446
0.04021217645142245
0.04020907387259349
0.04020597383878751
0.040202876354348126
0.04019978142357288
0.04019668905071297
0.040193599239973794
0.040190511995515
0.0401874273214505
0.04018434522184887
0.040181265700733285
0.040178188762081804
0.04017511440982757
0.04017204264785896
0.04016897348001961
0.040165906910108955
0.040162842941881875
0.04015978157904942
0.04015672282527861
0.04015366668419291
0.04015061315937213
0.040147562254352835
0.04014451397262848
0.04014146831764965
0.04013842529282413
0.04013538490151715
0.04013234714705174
0.04012931203270886
0.04012627956172735
0.040123249737304585
0.04012022256259638
0.040117198040717256
0.04011417617474082
0.04011115696769961
0.040108140422585786
0.040105126542351065
0.04010211532990696
0.040099106788125026
0.040096100919837084
0.04009309772783555
0.04009009721487353
0.04008709938366508
0.040084104236885444
0.040081111777171385
0.040078122007121235
0.04007513492929519
0.0400721505462157
0.040069168860367446
0.040066189874197786
0.040063213590117025
0.040060240010498224
0.04005726913767801
0.040054300973956576
0.04005133552159784
0.04004837278282967
0.04004541275984438
0.04004245545479866
0.040039500869814074
0.04003654900697717
0.040033599868339716
0.040030653455918906
0.040027709771697874
0.040024768817625456
0.04002183059561699
0.04001889510755408
0.04001596235528516
0.040013032340625615
0.04001010506535798
0.040007180531232284
0.04000425873996633
0.04000133969324562
0.039998423392724164
0.039995509840024174
0.03999259903673664
0.03998969098442143
0.03998678568460766
0.039983883138793676
0.03998098334844773
0.03997808631500779
0.039975192039882035
0.03997230052444898
0.03996941177005782
0.03996652577802866
0.039963642549652574
0.03996076208619214
0.03995788438888145
0.039955009458926376
0.03995213729750496
0.039949267905767596
0.03994640128483704
0.039943537435809
0.03994067635975213
0.039937818057708414
0.03993496253069319
0.03993210977969564
0.03992925980567887
0.03992641260958019
0.03992356819231133
0.039920726554758625
0.03991788769778337
0.03991505162222195
0.03991221832888604
0.039909387818562986
0.03990656009201582
0.039903735149983646
0.03990091299318184
0.03989809362230218
0.03989527703801311
0.039892463240960095
0.03988965223176569
0.03988684401102971
0.03988403857932963
0.039881235937220705
0.03987843608523605
0.03987563902388721
0.03987284475366393
0.039870053275034754
0.03986726458844704
0.03986447869432705
0.039861695593080476
0.039858915285092375
0.039856137770727586
0.039853363050330784
0.039850591124226564
0.03984782199272007
0.03984505565609676
0.03984229211462274
0.03983953136854509
0.03983677341809181
0.03983401826347249
0.03983126590487775
0.039828516342480184
0.039825769576434154
0.039823025606875964
0.039820284433924207
0.03981754605767984
0.03981481047822649
0.03981207769563042
0.03980934770994105
0.039806620521190814
0.039803896129395354
0.039801174534554055
0.039798455736649786
0.0397957397356493
0.03979302653150343
0.039790316124147164
0.03978760851349981
0.03978490369946533
0.03978220168193226
0.03977950246077408
0.039776806035849314
0.039774112407001565
0.03977142157405993
0.03976873353683895
0.03976604829513893
0.03976336584874599
0.039760686197432164
0.03975800934095564
0.03975533527906097
0.03975266401147929
0.039749995537928046
0.03974732985811176
0.03974466697172159
0.03974200687843587
0.03973934957792021
0.0397366950698274
0.039734043353797856
0.0397313944294595
0.03972874829642812
0.03972610495430742
0.03972346440268903
0.039720826641152895
0.03971819166926707
0.039715559486588344
0.039712930092661906
0.03971030348702159
0.039707679669190206
0.039705058638679534
0.03970244039499035
0.039699824937612704
0.03969721226602589
0.03969460237969883
0.03969199527808995
0.039689390960647254
0.03968678942680879
0.039684190676002415
0.03968159470764603
0.039679001521147804
0.03967641111590603
0.03967382349130954
0.03967123864673762
0.03966865658156015
0.0396660772951377
0.039663500786821765
0.03966092705595476
0.039658356101870074
0.03965578792389223
0.03965322252133711
0.03965065989351179
0.03964810003971496
0.03964554295923673
0.039642988651358825
0.0396404371153549
0.03963788835049018
0.039635342356021994
0.03963279913119973
0.03963025867526473
0.039627720987450606
0.03962518606698327
0.03962265391308107
0.039620124524954684
0.03961759790180752
0.03961507404283546
0.03961255294722719
0.039610034614164194
0.03960751904282076
0.039605006232364355
0.03960249618195527
0.03959998889074705
0.0395974843578864
0.03959498258251329
0.03959248356376105
0.03958998730075649
0.039587493792619936
0.03958500303846514
0.039582515037399665
0.039580029788524804
0.03957754729093548
0.03957506754372063
0.039572590545962974
0.03957011629673946
0.03956764479512082
0.03956517604017209
0.039562710030952415
0.03956024676651523
0.03955778624590834
0.03955532846817379
0.03955287343234813
0.03955042113746247
0.03954797158254242
0.03954552476660816
0.03954308068867464
0.039540639347751504
0.039538200742843095
0.03953576487294872
0.03953333173706251
0.039530901334173606
0.039528473663266055
0.039526048723319
0.03952362651330671
0.03952120703219865
0.03951879027895936
0.03951637625254871
0.039513964951921915
0.039511556376029384
0.039509150523817094
0.03950674739422638
0.039504346986194094
0.03950194929865254
0.03949955433052969
0.03949716208074904
0.03949477254822989
0.03949238573188706
0.03949000163063121
0.03948762024336879
0.03948524156900205
0.03948286560642917
0.03948049235454407
0.03947812181223673
0.03947575397839305
0.03947338885189506
0.03947102643162066
0.03946866671644398
0.03946630970523517
0.03946395539686066
0.03946160379018284
0.03945925488406058
0.03945690867734885
0.03945456516889891
0.039452224357558414
0.03944988624217129
0.039447550821577866
0.03944521809461489
0.03944288806011554
0.03944056071690944
0.03943823606382283
0.03943591409967821
0.03943359482329488
0.039431278233488604
0.03942896432907179
0.0394266531088535
0.039424344571639326
0.0394220387162317
0.03941973554142961
0.03941743504602892
0.03941513722882212
0.039412842088598556
0.039410549624144336
0.03940825983424239
0.039405972717672474
0.039403688273211265
0.039401406499632335
0.03939912739570603
0.03939685096019975
0.03939457719187778
0.03939230608950142
0.039390037651828934
0.039387771877615566
0.03938550876561358
0.03938324831457228
0.03938099052323812
0.039378735390354455
0.03937648291466186
0.03937423309489809
0.03937198592979771
0.039369741418092824
0.0393674995585124
0.03936526034978263
0.03936302379062705
0.039360789879766205
0.03935855861591793
0.0393563299977973
0.039354104024116626
0.03935188069358544
0.03934966000491054
0.03934744195679604
0.03934522654794337
0.03934301377705113
0.03934080364281536
0.03933859614392939
0.03933639127908393
0.03933418904696694
0.039331989446263795
0.039329792475657224
0.039327598133827406
0.03932540641945176
0.03932321733120522
0.039321030867760134
0.03931884702778619
0.03931666580995049
0.03931448721291768
0.03931231123534979
0.03931013787590618
0.03930796713324389
0.039305799006017224
0.03930363349287806
0.039301470592475754
0.03929931030345712
0.039297152624466355
0.03929499755414543
0.03929284509113359
0.039290695234067634
0.03928854798158187
0.03928640333230819
0.039284261284875915
0.03928212183791203
0.03927998499004093
0.0392778507398846
0.03927571908606252
0.0392735900271918
0.039271463561887106
0.0392693396887605
0.03926721840642185
0.03926509971347838
0.03926298360853497
0.03926087009019407
0.039258759157055685
0.039256650807717446
0.039254545040774434
0.03925244185481947
0.039250341248442865
0.03924824322023246
0.03924614776877387
0.03924405489265008
0.03924196459044185
0.03923987686072744
0.0392377917020827
0.039235709113081094
0.039233629092293616
0.03923155163828903
0.0392294767496335
0.03922740442489101
0.0392253346626228
0.039223267461388066
0.03922120281974344
0.039219140736243135
0.03921708120943897
0.039215024237880466
0.039212969820114636
0.039210917954686064
0.0392088686401371
0.03920682187500746
0.03920477765783473
0.039202735987153806
0.039200696861497436
0.03919866027939578
0.03919662623937664
0.0391945947399654
0.03919256577968514
0.03919053935705644
0.039188515470597415
0.039186494118823904
0.039184475300249176
0.03918245901338419
0.03918044525673744
0.039178434028815025
0.039176425328120656
0.03917441915315552
0.03917241550241844
0.03917041437440579
0.039168415767611486
0.03916641968052709
0.03916442611164165
0.0391624350594418
0.03916044652241169
0.03915846049903315
0.03915647698778533
0.03915449598714524
0.03915251749558708
0.039150541511582905
0.03914856803360204
0.03914659706011169
0.03914462858957622
0.03914266262045774
0.039140699151215846
0.03913873818030753
0.03913677970618753
0.03913482372730794
0.03913287024211836
0.03913091924906598
0.03912897074659543
0.039127024733148885
0.039125081207165915
0.039123140167083716
0.03912120161133695
0.03911926553835762
0.03911733194657533
0.03911540083441718
0.0391134722003077
0.039111546042668775
0.039109622359919945
0.03910770115047815
0.039105782412757674
0.03910386614517042
0.03910195234612552
0.03910004101402976
0.039098132147287266
0.03909622574429959
0.039094321803465726
0.03909242032318206
0.03909052130184243
0.039088624737838105
0.039086730629557774
0.03908483897538738
0.039082949773710456
0.039081063022907814
0.039079178721357695
0.03907729686743575
0.03907541745951493
0.03907354049596567
0.03907166597515568
0.0390697938954501
0.03906792425521133
0.039066057052799336
0.03906419228657125
0.03906232995488149
0.03906047005608209
0.03905861258852212
0.03905675755054822
0.03905490494050427
0.03905305475673137
0.03905120699756808
0.03904936166135022
0.03904751874641095
0.03904567825108069
0.03904384017368714
0.039042004512555364
0.039040171266007694
0.03903834043236364
0.03903651200994022
0.03903468599705154
0.03903286239200893
0.039031041193121244
0.03902922239869432
0.039027406007031376
0.03902559201643288
0.039023780425196594
0.03902197123161741
0.03902016443398757
0.03901836003059642
0.03901655801973069
0.03901475839967419
0.039012961168708025
0.03901116632511048
0.03900937386715708
0.039007583793120616
0.039005796101270904
0.03900401078987516
0.03900222785719763
0.039000447301499826
0.03899866912104045
0.03899689331407533
0.03899511987885755
0.038993348813637294
0.03899158011666193
0.03898981378617606
0.03898804982042126
0.03898628821763649
0.0389845289760577
0.03898277209391803
0.03898101756944787
0.03897926540087454
0.0389775155864226
0.03897576812431387
0.03897402301276703
0.038972280249998076
0.03897053983422011
0.03896880176364337
0.03896706603647496
0.0389653326509195
0.03896360160517835
0.0389618728974502
0.03896014652593075
0.038958422488812816
0.03895670078428624
0.03895498141053804
0.038953264365752346
0.03895154964811028
0.03894983725579006
0.03894812718696705
0.03894641943981357
0.038944714012499174
0.03894301090319037
0.03894131011005061
0.03893961163124072
0.038937915464918316
0.03893622160923827
0.03893453006235236
0.03893284082240953
0.038931153887555546
0.038929469255933616
0.03892778692568357
0.03892610689494265
0.03892442916184484
0.03892275372452136
0.038921080581100435
0.03891940972970715
0.03891774116846395
0.03891607489549004
0.03891441090890179
0.03891274920681249
0.03891108978733261
0.038909432648569484
0.038907777788627605
0.03890612520560842
0.03890447489761043
0.0389028268627291
0.038901181099056936
0.038899537604683634
0.038897896377695605
0.038896257416176444
0.03889462071820686
0.03889298628186437
0.03889135410522366
0.03888972418635638
0.03888809652333119
0.03888647111421378
0.038884847957066836
0.03888322704995008
0.03888160839092022
0.03887999197803105
0.03887837780933329
0.03887676588287473
0.03887515619670013
0.03887354874885132
0.03887194353736714
0.038870340560283434
0.038868739815633074
0.038867141301445855
0.038865545015748765
0.038863950956565675
0.038862359121917565
0.03886076950982238
0.03885918211829515
0.03885759694534778
0.038856013988989455
0.03885443324722611
0.038852854718060985
0.038851278399494045
0.03884970428952263
0.03884813238614085
0.038846562687339964
0.03884499519110828
0.03884342989543104
0.03884186679829068
0.038840305897666634
0.03883874719153536
0.03883719067787026
0.03883563635464202
0.03883408421981825
0.03883253427136363
0.038830986507239935
0.0388294409254059
0.03882789752381747
0.038826356300427634
0.03882481725318636
0.03882328038004083
0.038821745678935184
0.03882021314781074
0.038818682784605874
0.03881715458725603
0.03881562855369381
0.038814104681848906
0.03881258296964801
0.03881106341501506
0.03880954601587111
0.03880803077013421
0.03880651767571965
0.0388050067305398
0.038803497932504184
0.038801991279519416
0.03880048676948932
0.03879898440031483
0.03879748416989406
0.03879598607612225
0.038794490116891824
0.03879299629009236
0.0387915045936107
0.038790015025330686
0.038788527583133545
0.03878704226489754
0.03878555906849823
0.03878407799180837
0.038782599032697894
0.03878112218903392
0.03877964745868097
0.03877817483950046
0.038776704329351416
0.03877523592608989
0.03877376962756917
0.03877230543163999
0.03877084333615012
0.03876938333894468
0.03876792543786623
0.03876646963075437
0.03876501591544618
0.03876356428977586
0.038762114751575094
0.03876066729867284
0.038759221928895304
0.03875777864006609
0.038756337430006116
0.03875489829653366
0.038753461237464364
0.038752026250611235
0.03875059333378459
0.038749162484792224
0.03874773370143931
0.038746306981528277
0.03874488232285915
0.03874345972322933
0.03874203918043352
0.03874062069226396
0.03873920425651032
0.03873778987095977
0.03873637753339679
0.03873496724160353
0.03873355899335947
0.038732152786441654
0.03873074861862453
0.03872934648768022
0.038727946391378235
0.03872654832748563
0.038725152293767086
0.03872375828798471
0.038722366307898305
0.03872097635126502
0.038719588415839945
0.038718202499375395
0.0387168185996215
0.03871543671432591
0.038714056841233996
0.03871267897808861
0.038711303122630394
0.03870992927259759
0.03870855742572605
0.03870718757974942
0.038705819732398956
0.03870445388140363
0.038703090024490204
0.038701728159382914
0.03870036828380404
0.03869901039547347
0.038697654492108755
0.038696300571425375
0.03869494863113656
0.038693598668953263
0.03869225068258433
0.03869090466973629
0.03868956062811367
0.03868821855541875
0.03868687844935165
0.03868554030761041
0.03868420412789087
0.03868286990788688
0.038681537645290066
0.03868020733779005
0.03867887898307441
0.038677552578828565
0.03867622812273598
0.038674905612478064
0.038673585045734184
0.0386722664201817
0.038670949733496045
0.03866963498335065
0.038668322167416815
0.038667011283364174
0.03866570232886022
0.038664395301570564
0.038663090199158985
0.0386617870192872
0.038660485759615254
0.038659186417801146
0.03865788899150107
0.0386565934783694
0.03865529987605868
0.03865400818221965
0.038652718394501136
0.03865143051055038
0.03865014452801264
0.038648860444531544
0.03864757825774894
0.03864629796530498
0.03864501956483806
0.03864374305398486
0.03864246843038041
0.03864119569165802
0.038639924835449375
0.03863865585938456
0.038637388761092004
0.03863612353819837
0.038634860188329005
0.03863359870910745
0.0386323390981558
0.038631081353094454
0.03862982547154243
0.03862857145111708
0.03862731928943435
0.038626068984108676
0.03862482053275293
0.03862357393297864
0.03862232918239581
0.03862108627861304
0.03861984521923742
0.03861860600187478
0.03861736862412935
0.03861613308360434
0.038614899377901246
0.0386136675046203
0.03861243746136063
0.03861120924571975
0.03860998285529408
0.03860875828767865
0.03860753554046726
0.0386063146112525
0.038605095497625655
0.038603878197176866
0.03860266270749494
0.03860144902616765
0.03860023715078149
0.03859902707892183
0.03859781880817296
0.038596612336117886
0.03859540766033868
0.03859420477841621
0.03859300368793034
0.0385918043864598
0.03859060687158221
0.038589411140874455
0.038588217191911967
0.0385870250222696
0.038585834629520914
0.03858464601123872
0.03858345916499466
0.038582274088359646
0.03858109077890354
0.03857990923419543
0.03857872945180332
0.03857755142929452
0.03857637516423533
0.03857520065419135
0.038574027896727314
0.03857285688940709
0.038571687629793794
0.03857052011544983
0.03856935434393672
0.038568190312815276
0.03856702801964564
0.038565867461987154
0.038564708637398575
0.03856355154343787
0.03856239617766247
0.03856124253762887
0.0385600906208934
0.038558940425011345
0.03855779194753755
0.03855664518602629
0.03855550013803129
0.038554356801105694
0.038553215172802066
0.038552075250672495
0.0385509370322685
0.03854980051514126
0.038548665696841296
0.038547532574918816
0.038546401146923495
0.0385452714104046
0.03854414336291102
0.03854301700199125
0.038541892325193325
0.03854076933006504
0.038539648014153695
0.03853852837500642
0.038537410410169885
0.038536294117190555
0.03853517949361456
0.03853406653698781
0.03853295524485589
0.038531845614764235
0.03853073764425795
0.03852963133088209
0.038528526672181256
0.03852742366570019
0.0385263223089832
0.038525222599574645
0.03852412453501865
0.0385230281128593
0.03852193333064052
0.03852084018590614
0.03851974867619994
0.0385186587990657
0.03851757055204706
0.03851648393268778
0.03851539893853143
0.03851431556712178
0.03851323381600247
0.038512153682717286
0.03851107516480999
0.03850999825982446
0.03850892296530465
0.038507849278794554
0.03850677719783834
0.03850570671998041
0.038504637842765047
0.03850357056373687
0.03850250488044074
0.03850144079042149
0.038500378291224276
0.03849931738039459
0.038498258055477894
0.038497200314020055
0.0384961441535672
0.03849508957166575
0.03849403656586234
0.038492985133703944
0.03849193527273786
0.038490886980511695
0.03848984025457351
0.038488795092471544
0.038487751491754534
0.03848670944997158
0.03848566896467223
0.0384846300334064
0.038483592653724356
0.03848255682317704
0.038481522539315624
0.03848048979969186
0.038479458601857953
0.03847842894336669
0.03847740082177125
0.03847637423462545
0.038475349179483594
0.038474325653900514
0.03847330365543175
0.03847228318163321
0.03847126423006154
0.038470246798273953
0.03846923088382839
0.038468216484283266
0.038467203597197776
0.038466192220131624
0.03846518235064541
0.03846417398630026
0.038463167124657915
0.03846216176328117
0.03846115789973318
0.0384601555315781
0.03845915465638071
0.03845815527170651
0.03845715737512198
0.038456160964194123
0.038455166036491024
0.038454172589581365
0.03845318062103478
0.03845219012842168
0.038451201109313334
0.038450213561282
0.03844922748190062
0.03844824286874312
0.038447259719384404
0.0384462780314001
0.03844529780236695
0.03844431902986255
0.03844334171146545
0.038442365844755216
0.03844139142731224
0.03844041845671812
0.038439446930555246
0.03843847684640712
0.038437508201858255
0.038436540994494194
0.038435575221901504
0.03843461088166784
0.03843364797138186
0.038432686488633384
0.03843172643101324
0.03843076779611336
0.038429810581526884
0.038428854784847914
0.03842790040367181
0.03842694743559509
0.03842599587821533
0.03842504572913126
0.03842409698594289
0.03842314964625131
0.03842220370765895
0.03842125916776916
0.038420316024186864
0.03841937427451794
0.03841843391636963
0.03841749494735044
0.038416557365069985
0.038415621167139355
0.03841468635117077
0.038413752914777645
0.038412820855574965
0.038411890171178846
0.03841096085920667
0.038410032917277334
0.03840910634301086
0.03840818113402873
0.038407257287953724
0.03840633480241006
0.03840541367502328
0.03840449390342026
0.03840357548522935
0.038402658418080264
0.03840174269960409
0.03840082832743335
0.038399915299202024
0.038399003612545536
0.03839809326510073
0.03839718425450579
0.03839627657840047
0.03839537023442612
0.0383944652202253
0.03839356153344224
0.03839265917172255
0.03839175813271341
0.0383908584140636
0.0383899600134232
0.03838906292844395
0.03838816715677913
0.03838727269608347
0.03838637954401342
0.038385487698226764
0.03838459715638307
0.03838370791614325
0.038382819975170075
0.0383819333311276
0.038381047981681626
0.03838016392449967
0.03837928115725064
0.03837839967760515
0.03837751948323545
0.0383766405718155
0.03837576294102071
0.03837488658852825
0.0383740115120169
0.0383731377091672
0.03837226517766119
0.038371393915182725
0.0383705239194172
0.038369655188051875
0.03836878771877544
0.038367921509278605
0.0383670565572535
0.0383661928603941
0.03836533041639606
0.038364469222956846
0.03836360927777542
0.03836275057855278
0.03836189312299142
0.03836103690879567
0.03836018193367155
0.03835932819532706
0.03835847569147169
0.03835762441981673
0.03835677437807538
0.03835592556396265
0.03835507797519505
0.038354231609491155
0.038353386464571135
0.038352542538157244
0.038351699827973214
0.03835085833174477
0.03835001804719941
0.03834917897206638
0.038348341104076866
0.03834750444096383
0.038346668980462115
0.038345834720308246
0.03834500165824069
0.03834416979199989
0.03834333911932786
0.0383425096379687
0.038341681345668226
0.03834085424017421
0.038340028319236275
0.03833920358060581
0.038338380022036295
0.03833755764128285
0.038336736436102525
0.03833591640425447
0.0383350975434995
0.03833427985160033
0.03833346332632166
0.03833264796543011
0.03833183376669408
0.03833102072788395
0.03833020884677207
0.03832939812113258
0.03832858854874165
0.038327780127377274
0.03832697285481942
0.03832616672884995
0.03832536174725274
0.038324557907813424
0.038323755208319814
0.03832295364656137
0.03832215322032977
0.03832135392741842
0.03832055576562285
0.03831975873274037
0.03831896282657035
0.038318168044914
0.03831737438557461
0.03831658184635737
0.03831579042506951
0.03831500011951994
0.03831421092751996
0.038313422846882425
0.038312635875422434
0.03831185001095692
0.038311065251304864
0.03831028159428711
0.03830949903772654
0.03830871757944805
0.0383079372172785
0.0383071579490466
0.038306379772583284
0.038305602685721175
0.03830482668629508
0.03830405177214172
0.03830327794109983
0.03830250519101009
0.03830173351971514
0.03830096292505974
0.03830019340489049
0.038299424957056065
0.03829865757940709
0.03829789126979613
0.0382971260260779
0.038296361846108955
0.03829559872774786
0.03829483666885526
0.03829407566729378
0.03829331572092792
0.03829255682762419
0.03829179898525131
0.038291042191679725
0.038290286444781996
0.03828953174243271
0.0382887780825084
0.03828802546288758
0.03828727388145076
0.03828652333608055
0.03828577382466133
0.03828502534507974
0.03828427789522412
0.038283531472985126
0.038282786076255175
0.03828204170292874
0.03828129835090229
0.0382805560180743
0.03827981470234527
0.03827907440161754
0.03827833511379553
0.038277596836785735
0.03827685956849662
0.03827612330683839
0.03827538804972358
0.038274653795066414
0.03827392054078338
0.0382731882847927
0.03827245702501471
0.03827172675937175
0.038270997485787966
0.038270269202189705
0.03826954190650511
0.038268815596664396
0.03826809027059978
0.038267365926245314
0.038266642561537154
0.03826592017441339
0.03826519876281395
0.03826447832468099
0.03826375885795837
0.038263040360592054
0.038262322830529896
0.038261606265721844
0.038260890664119536
0.03826017602367684
0.03825946234234942
0.03825874961809489
0.03825803784887298
0.03825732703264507
0.038256617167374704
0.03825590825102737
0.03825520028157033
0.03825449325697296
0.03825378717520644
0.038253082034243956
0.038252377832060584
0.0382516745666333
0.03825097223594109
0.038250270837964805
0.03824957037068713
0.0382488708320929
0.038248172220168554
0.038247474532902684
0.038246777768285646
0.03824608192430978
0.038245386998969316
0.038244692990260294
0.03824399989618078
0.038243307714730584
0.03824261644391156
0.038241926081727266
0.038241236626183304
0.038240548075287074
0.038239860427047835
0.0382391736794768
0.03823848783058687
0.03823780287839304
0.038237118820912026
0.03823643565616232
0.03823575338216452
0.03823507199694083
0.03823439149851542
0.03823371188491425
0.03823303315416513
0.03823235530429771
0.038231678333343455
0.038231002239335704
0.03823032702030949
0.038229652674301826
0.038228979199351434
0.03822830659349891
0.03822763485478652
0.03822696398125852
0.03822629397096078
0.03822562482194111
0.03822495653224899
0.038224289099935756
0.0382236225230545
0.03822295679966012
0.038222291927809175
0.03822162790556014
0.038220964730973105
0.03822030240211005
0.038219640917034566
0.03821898027381202
0.03821832047050973
0.03821766150519642
0.0382170033759428
0.038216346080821105
0.038215689617905474
0.03821503398527174
0.038214379180997265
0.03821372520316134
0.03821307204984478
0.03821241971913028
0.03821176820910198
0.03821111751784596
0.03821046764344984
0.03820981858400297
0.038209170337596264
0.038208522902322455
0.03820787627627578
0.03820723045755228
0.0382065854442496
0.03820594123446689
0.03820529782630513
0.038204655217866854
0.03820401340725616
0.03820337239257879
0.03820273217194225
0.03820209274345546
0.038201454105228995
0.03820081625537516
0.038200179192007626
0.03819954291324187
0.038198907417194734
0.038198272701984844
0.03819763876573218
0.0381970056065585
0.038196373222587024
0.038195741611942426
0.038195110772751055
0.038194480703140805
0.038193851401240986
0.03819322286518245
0.0381925950930977
0.038191968083120593
0.038191341833386676
0.038190716342032714
0.038190091607197295
0.038189467627020225
0.03818884439964293
0.03818822192320826
0.03818760019586057
0.03818697921574567
0.03818635898101076
0.03818573948980454
0.038185120740277204
0.03818450273058027
0.03818388545886672
0.038183268923291
0.03818265312200895
0.03818203805317778
0.03818142371495617
0.0381808101055041
0.03818019722298303
0.03817958506555573
0.038178973631386344
0.038178362918640484
0.03817775292548495
0.03817714365008808
0.038176535090619364
0.038175927245249784
0.03817532011215157
0.038174713689498305
0.038174107975464854
0.038173502968227475
0.03817289866596361
0.03817229506685207
0.03817169216907292
0.03817108997080756
0.03817048847023855
0.03816988766554984
0.03816928755492656
0.03816868813655505
0.03816808940862302
0.03816749136931927
0.03816689401683394
0.03816629734935834
0.03816570136508502
0.03816510606220762
0.038164511438921085
0.038163917493421615
0.038163324223906406
0.03816273162857393
0.0381621397056238
0.0381615484532569
0.038160957869674945
0.03816036795308118
0.038159778701679734
0.038159190113675925
0.03815860218727621
0.03815801492068812
0.03815742831212031
0.038156842359782485
0.03815625706188553
0.03815567241664125
0.03815508842226269
0.03815450507696379
0.038153922378959704
0.03815334032646647
0.03815275891770132
0.03815217815088239
0.03815159802422876
0.03815101853596077
0.03815043968429954
0.03814986146746736
0.03814928388368732
0.03814870693118359
0.03814813060818126
0.03814755491290643
0.038146979843586136
0.038146405398448296
0.038145831575721864
0.038145258373636616
0.03814468579042326
0.038144113824313444
0.03814354247353977
0.03814297173633559
0.03814240161093525
0.03814183209557385
0.03814126318848752
0.038140694887913135
0.03814012719208831
0.03813956009925175
0.03813899360764272
0.038138427715501536
0.038137862421069174
0.038137297722587435
0.03813673361829889
0.03813617010644703
0.03813560718527587
0.03813504485303041
0.03813448310795632
0.038133921948300044
0.0381333613723086
0.03813280137822996
0.0381322419643127
0.03813168312880609
0.03813112486996013
0.03813056718602554
0.03813001007525361
0.0381294535358964
Eitim Tamamland
14 numaral adaki hata: %5,286
