1.0
0.11654290813742851
0.11562658484374239
0.11495013888997528
0.11384082197611041
0.1120368576876374
0.10933493446384725
0.10566792802736949
0.10124586241319616
0.09667747044043822
0.09265722721435772
0.08951097367087045
0.08717033532519133
0.08541519629716696
0.08404248761885315
0.08291134266614371
0.0819342773696171
0.08105904580209622
0.08025455083014159
0.07950197922687309
0.07878963605155241
0.07811001259033319
0.0774581237697606
0.0768305519519018
0.07622488334603819
0.07563936512170563
0.07507268916194391
0.0745238506120215
0.07399205226925984
0.0734766383340169
0.07297704787519436
0.0724927821169169
0.07202338172150323
0.07156841140442818
0.07112744990737148
0.07070008381657407
0.07028590406688077
0.06988450426636897
0.06949548022303088
0.06911843024942083
0.06875295595968844
0.06839866335972415
0.06805516407720036
0.06772207660086628
0.06739902741414987
0.0670856519289476
0.06678159515652936
0.06648651209194387
0.06620006782962234
0.06592193746297807
0.06565180584310967
0.06538936727820416
0.06513432524682225
0.06488639217901271
0.0646452893347478
0.06441074678499586
0.06418250348099594
0.06396030738424047
0.06374391562373338
0.0635330946473319
0.06332762033870201
0.06312727807871198
0.06293186273825314
0.06274117859722264
0.06255503919091317
0.06237326708995492
0.06219569362317954
0.06202215855449989
0.061852509725393204
0.06168660267416217
0.061524300242121494
0.06136547217549212
0.061209994730263485
0.06105775028577743
0.06090862697137388
0.060762518309189516
0.060619322875137584
0.06047894397921943
0.060341289365628124
0.06020627093257135
0.06007380447135069
0.05994380942395794
0.05981620865827074
0.05969092825982101
0.05956789733906046
0.05944704785303917
0.05932831444043368
0.05921163426890196
0.05909694689379802
0.0589841941273371
0.05887331991736957
0.05876427023498318
0.05865699297021716
0.058551437835229994
0.05844755627431929
0.0583453013802413
0.058244627816327776
0.058145491743937155
0.058047850754819746
0.05795166380800904
0.05785689117088563
0.05776349436408783
0.057671436109970754
0.057580680284339616
0.05749119187120422
0.057402936920323167
0.057315882507324604
0.057229996696206174
0.05714524850403417
0.05706160786767652
0.05697904561241571
0.0568975334223026
0.0568170438121233
0.05673755010085899
0.056659026386534014
0.05658144752235091
0.056504789094024295
0.0564290273982288
0.05635413942208866
0.05628010282363782
0.056206895913189336
0.05613449763555571
0.0560628875530695
0.05599204582935444
0.05592195321380436
0.055852591026729966
0.05578394114513521
0.05571598598908988
0.05564870850866613
0.05558209217140927
0.05551612095031426
0.05545077931228181
0.05538605220702855
0.05532192505642626
0.055258383744246665
0.05519541460628861
0.05513300442086459
0.05507114039962329
0.055009810178686405
0.054949001810076364
0.05488870375341271
0.054828904867854474
0.05476959440426567
0.05471076199758214
0.054652397659357504
0.05459449177046732
0.05453703507395032
0.05448001866796851
0.054423433998868405
0.05436727285432852
0.054311527356580805
0.05425618995569692
0.054201253422935296
0.054146710844148516
0.054092555613256446
0.054038781425796725
0.053985382272571075
0.053932352433412066
0.05387968647110421
0.053827379225497615
0.05377542580786373
0.05372382159554535
0.05367256222696173
0.05362164359703155
0.05357106185308007
0.05352081339129516
0.053470894853793006
0.053421303126347734
0.05337203533682455
0.05332308885434116
0.05327446128915921
0.05322615049327883
0.05317815456167862
0.05313047183410439
0.05308310089727034
0.053036040587291895
0.0529892899921257
0.05294284845374855
0.05289671556976772
0.05285089119412162
0.052805375436503946
0.05276016866013113
0.052715271477473805
0.05267068474358644
0.052626409546702564
0.05258244719581291
0.05253879920500898
0.05249546727445658
0.0524524532679584
0.052409759187168226
0.052367387142629666
0.052325339321920995
0.0522836179552935
0.05224222527928811
0.05220116349889494
0.05216043474888704
0.05212004105500089
0.05207998429565911
0.05204026616492331
0.05200088813734436
0.05196185143532422
0.05192315699953988
0.051884805462896075
0.05184679712838128
0.0518091319510988
0.051771809524642796
0.05173482907188606
0.051698189440146154
0.05166188910061173
0.05162592615182583
0.051590298326958
0.05155500300454287
0.05152003722231956
0.051485397693779675
0.05145108082701565
0.05141708274545591
0.051383399310081165
0.05135002614272745
0.05131695865010622
0.051284192048194545
0.051251721386683685
0.05121954157320298
0.051187647397073495
0.051156033552378646
0.05112469466017508
0.05109362528969739
0.051062819978443696
0.05103227325105431
0.05100197963692619
0.05097193368652455
0.050942129986376455
0.05091256317274857
0.05088322794402536
0.050854119071818034
0.050825231410844614
0.05079655990762879
0.050768099608073505
0.05073984566396847
0.050711793338494085
0.05068393801078717
0.0506562751796332
0.05062880046635169
0.05060150961693715
0.050574398503521384
0.05054746312521425
0.05052069960838561
0.05049410420643985
0.050467673299139364
0.05044140339152395
0.050415291112474434
0.050389333212963267
0.050363526564031896
0.05033786815453392
0.05031235508867543
0.050286984583388025
0.050261753965558764
0.050236660669146914
0.05021170223220954
0.050186876293857124
0.05016218059115956
0.05013761295601955
0.050113171312028026
0.05008885367131623
0.05006465813141725
0.05004058287214546
0.05001662615250636
0.04999278630764254
0.04996906174582375
0.04994545094548823
0.04992195245233853
0.04989856487649801
0.049875286889730634
0.04985211722272758
0.049829054662463054
0.04980609804962081
0.049783246276093485
0.049760498282554924
0.049737853056107104
0.04971530962800085
0.04969286707143164
0.04967052449940891
0.04964828106269937
0.04962613594784332
0.049604088375243285
0.049582137597323536
0.04956028289676
0.04953852358477873
0.04951685899952268
0.04949528850448373
0.049473811486999995
0.04945242735681645
0.04943113554470659
0.04940993550115536
0.04938882669509905
0.049367808612723364
0.049346880756315985
0.04932604264317279
0.04930529380455646
0.04928463378470441
0.049264062139886225
0.049243578437507846
0.04922318225526067
0.04920287318031513
0.04918265080855586
0.04916251474385785
0.049142464597401715
0.049122499987025864
0.04910262053661574
0.04908282587552734
0.04906311563804322
0.04904348946286133
0.049023946992613386
0.04900448787341325
0.048985111754432084
0.04896581828750049
0.0489466071267361
0.048927477928194976
0.04890843034954563
0.04888946404976526
0.048870578688856615
0.04885177392758366
0.04883304942722715
0.048814404849356355
0.04879583985561843
0.048777354107542824
0.048758947266360826
0.048740618992839026
0.04872236894712546
0.04870419678860912
0.04868610217578948
0.04866808476615886
0.04865014421609295
0.048632280180752795
0.04861449231399394
0.04859678026828567
0.04857914369463666
0.048561582242528684
0.04854409555985674
0.048526683292875974
0.04850934508615397
0.04849208058252892
0.04847488942307253
0.048457771247058405
0.04844072569193407
0.048423752393297596
0.0484068509848779
0.04839002109851889
0.0483732623641665
0.048356574409859444
0.04833995686172243
0.04832340934396247
0.048306931478867464
0.04829052288680768
0.04827418318623927
0.04825791199370983
0.04824170892386658
0.04822557358946611
0.048209505601386246
0.048193504568639946
0.04817757009839043
0.04816170179596928
0.04814589926489456
0.0481301621068925
0.04811448992191932
0.048098882308185646
0.04808333886218243
0.048067859178707824
0.048052442850897235
0.04803708947025294
0.04802179862667748
0.04800656990850697
0.04799140290254732
0.04797629719411134
0.04796125236705797
0.047946268003833024
0.047931343685511656
0.047916478991842676
0.04790167350129462
0.04788692679110305
0.047872238437320636
0.0478576080148678
0.04784303509758627
0.04782851925829351
0.04781406006883956
0.04779965710016516
0.047785309922362205
0.04777101810473538
0.0477567812158662
0.047742598823678414
0.04772847049550508
0.047714395798157914
0.04770037429799793
0.04768640556100779
0.04767248915286641
0.04765862463902448
0.04764481158478235
0.04763104955536917
0.04761733811602369
0.047603676832076995
0.04759006526903634
0.04757650299267081
0.04756298956909861
0.0475495245648756
0.0475361075470854
0.047522738083430945
0.04750941574232738
0.047496140092996686
0.04748291070556294
0.04746972715114931
0.0474565890019767
0.047443495831462866
0.04743044721432327
0.04741744272667299
0.04740448194612977
0.04739156445191834
0.0473786898249756
0.047365857648057126
0.04735306750584427
0.04734031898505345
0.04732761167454503
0.04731494516543401
0.04730231905120188
0.04728973292780862
0.04727718639380669
0.04726467905045522
0.04725221050183571
0.04723978035496789
0.04722738821992782
0.0472150337099655
0.047202716441624666
0.04719043603486292
0.0471781921131727
0.047165984303704105
0.04715381223738788
0.04714167554905974
0.04712957387758613
0.04711750686599031
0.0471054741615806
0.04709347541607882
0.047081510285750694
0.04706957843153702
0.047057679519186324
0.04704581321938888
0.04703397920791211
0.047022177165737415
0.047010406779198516
0.04699866774012124
0.04698695974596512
0.04697528249996659
0.04696363571128374
0.04695201909514315
0.046940432372988436
0.04692887527263077
0.046917347528401224
0.046905848881305494
0.04689437907918047
0.04688293787685312
0.04687152503630161
0.04686014032681877
0.04684878352517767
0.04683745441580015
0.046826152790927326
0.0468148784507931
0.04680363120379956
0.046792410866696006
0.04678121726475962
0.046770050231979624
0.04675890961124354
0.04674779525452694
0.04673670702308497
0.046725644787647395
0.04671460842861633
0.04670359783626607
0.046692612910946105
0.046681653563286976
0.046670719714407706
0.046659811296127125
0.046648928251176204
0.04663807053341365
0.04662723810804303
0.046616430951832245
0.04660564905333469
0.04659489241311175
0.04658416104395716
0.0465734549711222
0.0465627742325416
0.046552118879060356
0.04654148897466029
0.04653088459668681
0.04652030583607471
0.046509752797573266
0.046499225599969544
0.04648872437630958
0.04647824927411731
0.04646780045560964
0.04645737809790826
0.04644698239324618
0.04643661354916946
0.04642627178873243
0.046415957350686064
0.04640567048965788
0.04639541147632406
0.04638518059756994
0.04637497815664148
0.04636480447328284
0.04635465988386163
0.04634454474147932
0.04633445941606586
0.04632440429445669
0.04631437978045175
0.0463043862948539
0.046294424275485996
0.04628449417718433
0.04627459647176791
0.04626473164798113
0.04625490021140772
0.046245102684355846
0.0462353396057106
0.046225611530753975
0.04621591903094895
0.046206262693687286
0.04619664312199832
0.046187060934216775
0.04617751676360959
0.046168011257957255
0.04615854507909088
0.046149118902381145
0.04613973341617898
0.04613038932120604
0.046121087329893715
0.04611182816566931
0.046102612562188845
0.04609344126251478
0.046084315018239605
0.046075234588552054
0.04606620073924852
0.046057214241688155
0.046048275871691885
0.04603938640838638
0.04603054663299343
0.046021757327566123
0.046013019273673024
0.04600433325103267
0.04599570003609964
0.04598712040060614
0.0459785951100609
0.04597012492220945
0.045961710585459024
0.04595335283727303
0.045945052402538836
0.04593680999191464
0.04592862630016033
0.04592050200445813
0.045912437762729415
0.0459044342119542
0.04589649196649954
0.04588861161646465
0.04588079372604941
0.04587303883195437
0.045865347441819214
0.045857720032707855
0.045850157049648364
0.0458426589042344
0.04583522597329727
0.045827858597654834
0.045820557080945894
0.04581332168855635
0.0458061526466441
0.045799050141269976
0.04579201431763848
0.04578504527945664
0.045778143088413194
0.045771307763784325
0.04576453928216751
0.045757837577348165
0.045751202540299456
0.04574463401931747
0.0457381318202916
0.045731695707109436
0.04572532540219518
0.045719020587179464
0.04571278090369641
0.045706605954305236
0.045700495303530986
0.045694448479019094
0.04568846497279702
0.04568254424263748
0.04567668571351319
0.045670888779138656
0.04566515280358675
0.04565947712297398
0.045653861047203675
0.04564830386175875
0.04564280482953295
0.04563736319269316
0.04563197817456057
0.04562664898150347
0.04562137480483086
0.045616154822678674
0.045610988201879324
0.0456058740998063
0.04560081166618641
0.04559580004487146
0.04559083837556345
0.04558592579548571
0.045581061440995885
0.04557624444913407
0.045571473959103194
0.045566749113676426
0.045562069060529696
0.045557432953496395
0.04555283995374158
0.0455482892308561
0.04554377996386822
0.04553931134217383
0.04553488256638512
0.04553049284909838
0.045526141415582914
0.04552182750439217
0.0455175503678992
0.045513309272759546
0.04550910350030343
0.04550493234686042
0.04550079512402026
0.04549669115883217
0.04549261979394697
0.04548858038770516
0.04548457231417408
0.04548059496313866
0.04547664774004871
0.045472730065926316
0.04546884137723702
0.045464981125728124
0.0454611487782373
0.04545734381647527
0.04545356573678447
0.04544981404987811
0.04544608828056104
0.045442387967435986
0.045438712662597434
0.04543506193131491
0.0454314353517087
0.045427832514419585
0.04542425302227366
0.04542069648994581
0.04541716254362138
0.04541365082065843
0.045410160969251594
0.04540669264809913
0.04540324552607276
0.04539981928189293
0.04539641360380886
0.04539302818928476
0.04538966274469222
0.04538631698500982
0.04538299063352925
0.045379683421570054
0.04537639508820086
0.045373125379969355
0.04536987405063957
0.04536664086093751
0.0453634255783045
0.04536022797665838
0.04535704783616274
0.04535388494300355
0.04535073908917344
0.04534761007226352
0.04534449769526201
0.04534140176636054
0.045338322098766565
0.04533525851052263
0.04533221082433247
0.045329178867392565
0.04532616247123031
0.04532316147154761
0.04532017570806979
0.04531720502440088
0.04531424926788231
0.045311308289458556
0.04530838194354567
0.04530547008790587
0.04530257258352546
0.045299689294497576
0.045296820087908675
0.04529396483372918
0.04529112340470759
0.04528829567626836
0.045285481526413214
0.045282680835625914
0.04527989348677999
0.04527711936504977
0.04527435835782458
0.0452716103546252
0.04526887524702406
0.0452661529285674
0.045263443294700396
0.04526074624269454
0.04525806167157791
0.045255389482067754
0.0452527295765049
0.045250081858791036
0.045247446234327894
0.0452448226099587
0.04524221089391144
0.045239610995744584
0.04523702282629435
0.045234446297624145
0.045231881322975856
0.04522932781672291
0.04522678569432509
0.04522425487228508
0.04522173526810694
0.045219226800255925
0.045216729388119756
0.04521424295197229
0.04521176741293754
0.04520930269295628
0.04520684871475328
0.04520440540180632
0.04520197267831678
0.04519955046918092
0.04519713869996313
0.045194737296870006
0.04519234618672592
0.04518996529694956
0.04518759455553167
0.04518523389101415
0.04518288323246979
0.045180542509483536
0.04517821165213444
0.045175890590978575
0.045173579257033435
0.045171277581762176
0.04516898549706002
0.04516670293524064
0.04516442982902351
0.04516216611152242
0.045159911716234305
0.045157666577029056
0.045155430628140064
0.04515320380415505
0.045150986040008306
0.04514877727097278
0.045146577432653025
0.04514438646097914
0.04514220429220048
0.045140030862880376
0.04513786610989146
0.04513570997041096
0.04513356238191707
0.04513142328218515
0.04512929260928464
0.04512717030157631
0.04512505629771004
0.04512295053662258
0.04512085295753585
0.04511876349995563
0.04511668210367037
0.045114608708750094
0.045112543255546235
0.0451104856846909
0.04510843593709678
0.045106393953957304
0.04510435967674682
0.04510233304722085
0.04510031400741684
0.04509830249965495
0.04509629846653852
0.045094301850955594
0.04509231259607956
0.0450903306453705
0.04508835594257667
0.04508638843173551
0.04508442805717531
0.0450824747635169
0.045080528495674586
0.04507858919885865
0.045076656818576075
0.04507473130063303
0.045072812591136
0.045070900636493896
0.04506899538341945
0.04506709677893125
0.0450652047703555
0.04506331930532748
0.04506144033179337
0.04505956779801228
0.045057701652557604
0.04505584184431877
0.045053988322503104
0.04505214103663708
0.045050299936568186
0.04504846497246657
0.04504663609482635
0.04504481325446701
0.04504299640253516
0.0450411854905058
0.04503938047018348
0.04503758129370388
0.04503578791353486
0.045034000282477775
0.04503221835366852
0.04503044208057865
0.04502867141701654
0.04502690631712829
0.045025146735398536
0.04502339262665143
0.04502164394605145
0.0450199006491042
0.045018162691656954
0.04501643002989954
0.04501470262036456
0.04501298041992835
0.045011263385811066
0.045009551475577385
0.045007844647136586
0.04500614285874314
0.04500444606899669
0.04500275423684235
0.04500106732157091
0.04499938528281875
0.04499770808056794
0.04499603567514625
0.04499436802722693
0.04499270509782867
0.044991046848315584
0.044989393240396476
0.044987744236125074
0.04498609979789935
0.044984459888461316
0.04498282447089644
0.04498119350863336
0.04497956696544308
0.04497794480543865
0.04497632699307444
0.044974713493145475
0.044973104270786865
0.04497149929147267
0.044969898521015635
0.04496830192556599
0.04496670947161078
0.04496512112597288
0.0449635368558101
0.04496195662861414
0.044960380412209705
0.044958808174753236
0.0449572398847322
0.04495567551096359
0.04495411502259319
0.044952558389093844
0.04495100558026491
0.04494945656623067
0.04494791131743888
0.04494636980466005
0.04494483199898552
0.04494329787182662
0.044941767394913026
0.04494024054029147
0.04493871728032426
0.04493719758768791
0.04493568143537171
0.04493416879667614
0.044932659645211696
0.044931153954896684
0.04492965169995653
0.044928152854921556
0.044926657394625806
0.04492516529420529
0.04492367652909635
0.04492219107503414
0.04492070890805097
0.04491923000447454
0.04491775434092625
0.04491628189431991
0.04491481264185949
0.044913346561037744
0.04491188362963427
0.04491042382571422
0.04490896712762584
0.04490751351399941
0.04490606296374511
0.04490461545605105
0.04490317097038205
0.04490172948647739
0.04490029098434909
0.044898855444280114
0.04489742284682254
0.04489599317279594
0.044894566403284986
0.044893142519638135
0.044891721503465584
0.04489030333663739
0.04488888800128146
0.044887475479782016
0.04488606575477732
0.04488465880915814
0.044883254626065426
0.04488185318888896
0.044880454481264966
0.044879058487074366
0.04487766519044095
0.04487627457572935
0.04487488662754319
0.044873501330722904
0.044872118670344414
0.044870738631716346
0.04486936120037882
0.04486798636210109
0.044866614102879815
0.04486524440893693
0.0448638772667179
0.044862512662889445
0.04486115058433809
0.04485979101816761
0.04485843395169759
0.04485707937246124
0.04485572726820321
0.04485437762687807
0.044853030436648116
0.04485168568588123
0.044850343363149345
0.044849003457226096
0.04484766595708493
0.044846330851897306
0.0448449981310305
0.04484366778404591
0.04484233980069676
0.044841014170926265
0.04483969088486581
0.044838369932832946
0.04483705130532897
0.044835734993037744
0.04483442098682294
0.044833109277726754
0.04483179985696741
0.044830492715937385
0.04482918784620173
0.04482788523949549
0.04482658488772236
0.04482528678295231
0.04482399091741996
0.044822697283522235
0.04482140587381678
0.04482011668101975
0.044818829698004034
0.04481754491779727
0.044816262333579764
0.04481498193868269
0.04481370372658612
0.0448124276909172
0.04481115382544787
0.04480988212409336
0.044808612580909964
0.04480734519009333
0.044806079945976254
0.04480481684302718
0.04480355587584783
0.04480229703917175
0.04480104032786193
0.044799785736909334
0.0447985332614308
0.04479728289666713
0.04479603463798122
0.044794788480856336
0.044793544420894046
0.04479230245381233
0.044791062575443956
0.044789824781734426
0.044788589068740094
0.044787355432626526
0.0447861238696663
0.0447848943762378
0.044783666948822465
0.04478244158400385
0.044781218278465436
0.04477999702898862
0.04477877783245126
0.04477756068582572
0.04477634558617716
0.04477513253066156
0.04477392151652428
0.04477271254109792
0.04477150560180085
0.044770300696135315
0.04476909782168567
0.0447678969761169
0.04476669815717242
0.04476550136267297
0.044764306590514315
0.044763113838665894
0.044761923105169174
0.04476073438813561
0.0447595476857454
0.04475836299624549
0.044757180317948266
0.044755999649229494
0.04475482098852697
0.044753644334338906
0.04475246968522223
0.04475129703979097
0.044750126396714565
0.04474895775471679
0.04474779111257342
0.04474662646911125
0.044745463823206384
0.0447443031737826
0.04474314451981009
0.04474198786030345
0.044740833194320845
0.04473968052096196
0.04473852983936685
0.044737381148714325
0.044736234448220544
0.04473508973713753
0.04473394701475194
0.04473280628038336
0.044731667533383125
0.04473053077313278
0.04472939599904292
0.044728263210551594
0.04472713240712301
0.04472600358824635
0.04472487675343437
0.04472375190222193
0.04472262903416499
0.0447215081488391
0.04472038924583826
0.04471927232477366
0.0447181573852723
0.04471704442697603
0.04471593344954012
0.04471482445263214
0.044713717435930916
0.04471261239912505
0.04471150934191203
0.044710408263997185
0.04470930916509216
0.044708212044914215
0.04470711690318503
0.044706023739629445
0.04470493255397462
0.044703843345948985
0.044702756115280975
0.04470167086169843
0.04470058758492717
0.04469950628469027
0.04469842696070704
0.04469734961269202
0.04469627424035422
0.04469520084339587
0.04469412942151202
0.044693059974388945
0.044691992501704136
0.044690927003124666
0.044689863478306814
0.04468880192689516
0.0446877423485216
0.044686684742804864
0.044685629109349284
0.04468457544774459
0.044683523757564736
0.04468247403836739
0.04468142628969311
0.04468038051106471
0.04467933670198654
0.04467829486194392
0.04467725499040226
0.04467621708680688
0.04467518115058169
0.04467414718112939
0.044673115177830146
0.04467208514004169
0.044671057067098195
0.04467003095831004
0.04466900681296327
0.044667984630319034
0.04466696440961305
0.044665946150055195
0.044664929850829094
0.044663915511091515
0.04466290312997215
0.044661892706572906
0.044660884239967676
0.04465987772920217
0.044658873173293125
0.044657870571228116
0.044656869921965374
0.0446558712244332
0.044654874477529874
0.044653879680123146
0.04465288683105014
0.04465189592911695
0.044650906973098384
0.04464991996173787
0.044648934893747085
0.044647951767805664
0.0446469705825613
0.04464599133662918
0.044645014028592
0.04464403865700007
0.04464306522037039
0.04464209371718747
0.04464112414590242
0.044640156504933394
0.044639190792665095
0.044638227007448864
0.044637265147602634
0.04463630521141082
0.044635347197124316
0.044634391102960254
0.044633436927102255
0.04463248466770029
0.044631534322870633
0.044630585890695906
0.04462963936922517
0.04462869475647374
0.04462775205042351
0.044626811249022784
0.044625872350186495
0.04462493535179599
0.04462400025169963
0.04462306704771223
0.04462213573761573
0.044621206319158904
0.044620278790057755
0.04461935314799554
0.044618429390622764
0.044617507515557625
0.04461658752038582
0.04461566940266108
0.04461475315990506
0.044613838789607556
0.044612926289226876
0.04461201565618981
0.04461110688789196
0.044610199981698045
0.044609294934941736
0.044608391744926375
0.04460749040892495
0.044606590924180345
0.04460569328790553
0.04460479749728393
0.04460390354946977
0.04460301144158802
0.044602121170735
0.04460123273397851
0.0446003461283581
0.044599461350885335
0.04459857839854429
0.044597697268291464
0.04459681795705661
0.04459594046174245
0.044595064779225445
0.04459419090635612
0.044593318839958866
0.04459244857683294
0.044591580113752395
0.044590713447466346
0.04458984857469968
0.044588985492153156
0.04458812419650369
0.04458726468440482
0.044586406952486966
0.04458555099735812
0.04458469681560355
0.04458384440378679
0.04458299375844973
0.044582144876113006
0.044581297753276246
0.044580452386418674
0.044579608771999374
0.04457876690645762
0.044577926786213244
0.04457708840766717
0.04457625176720152
0.04457541686118027
0.044574583685949465
0.044573752237837626
0.04457292251315613
0.04457209450819957
0.04457126821924639
0.04457044364255869
0.04456962077438333
0.044568799610951615
0.044567980148480235
0.04456716238317139
0.04456634631121315
0.04456553192877991
0.04456471923203272
0.0445639082171198
0.04456309888017679
0.044562291217327
0.044561485224682146
0.04456068089834245
0.04455987823439708
0.04455907722892452
0.04455827787799304
0.04455748017766099
0.044556684123977036
0.044555889712980815
0.04455509694070302
0.04455430580316604
0.04455351629638412
0.04455272841636374
0.04455194215910405
0.04455115752059723
0.04455037449682877
0.04454959308377793
0.04454881327741786
0.04454803507371638
0.04454725846863584
0.04454648345813381
0.04454571003816326
0.044544938204672896
0.044544167953607584
0.04454339928090865
0.044542632182514114
0.04454186665435931
0.044541102692376607
0.04454034029249658
0.04453957945064755
0.04453882016275631
0.04453806242474842
0.04453730623254843
0.04453655158208005
0.04453579846926678
0.044535046890031925
0.04453429684029903
0.04453354831599225
0.04453280131303636
0.044532055827357246
0.04453131185488222
0.0445305693915402
0.04452982843326201
0.04452908897598066
0.044528351015631594
0.04452761454815305
0.044526879569486165
0.04452614607557536
0.044525414062368415
0.044524683525817094
0.04452395446187693
0.04452322686650784
0.04452250073567408
0.04452177606534465
0.044521052851493575
0.04452033109010001
0.0445196107771484
0.044518891908628885
0.04451817448053741
0.044517458488876074
0.044516743929652915
0.04451603079888291
0.04451531909258724
0.044514608806794226
0.044513899937539125
0.044513192480864446
0.044512486432820214
0.044511781789464
0.04451107854686115
0.044510376701085076
0.04450967624821735
0.04450897718434768
0.044508279505574413
0.04450758320800463
0.04450688828775399
0.04450619474094731
0.04450550256371836
0.0445048117522104
0.04450412230257591
0.04450343421097699
0.04450274747358532
0.04450206208658262
0.04450137804616047
0.044500695348520435
0.04450001398987448
0.04449933396644466
0.04449865527446371
0.04449797791017486
0.044497301869832
0.04449662714969973
0.04449595374605375
0.04449528165518049
0.04449461087337773
0.04449394139695427
0.04449327322223034
0.04449260634553736
0.04449194076321836
0.044491276471627865
0.0444906134671321
0.04448995174610885
0.044489291304947866
0.04448863214005062
0.04448797424783055
0.044487317624713155
0.044486662267135955
0.04448600817154851
0.0444853553344127
0.044484703752202634
0.04448405342140459
0.04448340433851733
0.04448275650005194
0.04448210990253204
0.04448146454249364
0.044480820416485274
0.04448017752106823
0.04447953585281615
0.04447889540831551
0.044478256184165545
0.04447761817697783
0.04447698138337711
0.04447634580000062
0.04447571142349857
0.04447507825053378
0.04447444627778214
0.04447381550193219
0.04447318591968559
0.0444725575277566
0.044471930322872576
0.044471304301773734
0.044470679461213185
0.04447005579795703
0.0444694333087843
0.04446881199048691
0.044468191839869775
0.04446757285375073
0.044466955028960566
0.04446633836234295
0.04446572285075465
0.04446510849106521
0.044464495280157224
0.04446388321492607
0.044463272292280163
0.04446266250914072
0.04446205386244196
0.04446144634913088
0.044460839966167384
0.044460234710524196
0.04445963057918681
0.04445902756915372
0.044458425677436
0.04445782490105761
0.04445722523705524
0.04445662668247827
0.04445602923438882
0.04445543288986169
0.04445483764598431
0.04445424349985671
0.044453650448591536
0.0444530584893141
0.04445246761916208
0.04445187783528578
0.044451289134848006
0.04445070151502386
0.04445011497300105
0.0444495295059795
0.04444894511117162
0.04444836178580199
0.044447779527107614
0.044447198332337616
0.0444466181987534
0.04444603912362849
0.04444546110424855
0.04444488413791132
0.0444443082219267
0.04444373335361649
0.044443159530314365
0.044442586749366214
0.04444201500812953
0.04444144430397383
0.044440874634280376
0.04444030599644221
0.04443973838786407
0.04443917180596243
0.04443860624816527
0.04443804171191237
0.04443747819465481
0.044436915693855404
0.04443635420698821
0.04443579373153889
0.0444352342650043
0.04443467580489281
0.0444341183487239
0.04443356189402828
0.044433006438347966
0.044432451979236016
0.0444318985142566
0.04443134604098497
0.044430794557007235
0.04443024405992063
0.04442969454733323
0.044429146016863895
0.04442859846614228
0.04442805189280896
0.04442750629451508
0.044426961668922446
0.04442641801370356
0.044425875326541346
0.0444253336051294
0.04442479284717174
0.04442425305038275
0.04442371421248719
0.04442317633122017
0.04442263940432716
0.0444221034295637
0.04442156840469548
0.0444210343274986
0.04442050119575893
0.04441996900727258
0.04441943775984546
0.044418907451293524
0.04441837807944264
0.0444178496421284
0.044417322137196284
0.04441679556250154
0.04441626991590891
0.044415745195292955
0.04441522139853776
0.044414698523537056
0.04441417656819402
0.04441365553042112
0.044413135408140396
0.044412616199283265
0.04441209790179027
0.04441158051361136
0.04441106403270572
0.044410548457041524
0.04441003378459622
0.04440952001335621
0.04440900714131702
0.044408495166483014
0.04440798408686754
0.044407473900492885
0.04440696460539009
0.04440645619959894
0.044405948681168005
0.04440544204815453
0.044404936298624416
0.04440443143065207
0.044403927442320544
0.04440342433172129
0.04440292209695437
0.04440242073612804
0.04440192024735898
0.04440142062877224
0.0444009218785011
0.04440042399468701
0.044399926975479606
0.04439943081903674
0.04439893552352416
0.04439844108711582
0.04439794750799353
0.04439745478434708
0.04439696291437415
0.044396471896280286
0.044395981728278806
0.044395492408590774
0.04439500393544491
0.04439451630707778
0.044394029521733304
0.044393543577663175
0.04439305847312646
0.04439257420638984
0.04439209077572735
0.044391608179420415
0.04439112641575776
0.04439064548303557
0.044390165379557055
0.04438968610363271
0.0443892076535803
0.04438873002772456
0.04438825322439735
0.044387777241937536
0.04438730207869099
0.04438682773301047
0.04438635420325567
0.04438588148779307
0.044385409584995976
0.04438493849324449
0.04438446821092525
0.04438399873643183
0.04438353006816418
0.044383062204528825
0.044382595143938997
0.044382128884814236
0.044381663425580635
0.04438119876467053
0.044380734900522745
0.04438027183158225
0.04437980955630052
0.044379348073134935
0.044378887380549153
0.04437842747701314
0.0443779683610025
0.04437751003099933
0.04437705248549138
0.04437659572297254
0.044376139741942426
0.04437568454090658
0.044375230118376324
0.04437477647286871
0.044374323602906544
0.04437387150701825
0.04437342018373791
0.0443729696316051
0.04437251984916492
0.044372070834968046
0.044371622587570506
0.04437117510553369
0.0443707283874244
0.04437028243181466
0.04436983723728178
0.04436939280240824
0.04436894912578165
0.044368506205994744
0.04436806404164539
0.044367622631336305
0.04436718197367544
0.04436674206727519
0.04436630291075339
0.04436586450273224
0.044365426841839
0.044364989926705393
0.044364553755968164
0.044364118328268434
0.044363683642252
0.04436324969656915
0.04436281648987461
0.04436238402082776
0.04436195228809217
0.044361521290335805
0.044361091026230925
0.04436066149445418
0.044360232693686115
0.04435980462261176
0.044359377279919975
0.044358950664303835
0.044358524774460444
0.04435809960909068
0.044357675166899486
0.044357251446595636
0.044356828446891615
0.04435640616650387
0.04435598460415231
0.044355563758560645
0.044355143628456266
0.04435472421256985
0.04435430550963595
0.0443538875183922
0.04435347023757994
0.04435305366594375
0.04435263780223148
0.0443522226451943
0.044351808193586514
0.04435139444616563
0.044350981401692316
0.04435056905893021
0.0443501574166459
0.04434974647360906
0.044349336228592134
0.04434892668037052
0.0443485178277223
0.044348109669428405
0.0443477022042724
0.04434729543104041
0.04434688934852131
0.04434648395550633
0.044346079250789344
0.044345675233166515
0.04434527190143642
0.04434486925440009
0.04434446729086053
0.044344066009623206
0.04434366540949569
0.04434326548928762
0.044342866247810676
0.044342467683878596
0.04434206979630692
0.04434167258391332
0.04434127604551713
0.04434088017993938
0.044340484986003084
0.04434009046253281
0.0443396966083546
0.044339303422296215
0.04433891090318693
0.044338519049857375
0.0443381278611397
0.04433773733586732
0.04433734747287493
0.0443369582709984
0.04433656972907489
0.044336181845942735
0.04433579462044111
0.04433540805141034
0.0443350221376917
0.04433463687812729
0.044334252271560196
0.04433386831683414
0.04433348501279355
0.04433310235828366
0.04433272035215025
0.044332338993239635
0.04433195828039865
0.04433157821247451
0.044331198788314916
0.04433082000676795
0.04433044186668164
0.04433006436690466
0.04432968750628554
0.04432931128367298
0.04432893569791573
0.044328560747862567
0.04432818643236212
0.04432781275026297
0.04432743970041345
0.04432706728166155
0.04432669549285516
0.04432632433284169
0.04432595380046804
0.04432558389458079
0.044325214614025964
0.044324845957648816
0.044324477924294114
0.04432411051280586
0.044323743722027235
0.04432337755080073
0.044323011997967746
0.04432264706236886
0.04432228274284368
0.044321919038230594
0.04432155594736693
0.04432119346908896
0.04432083160223153
0.04432047034562826
0.044320109698111426
0.04431974965851183
0.044319390225658964
0.044319031398380414
0.04431867317550254
0.04431831555584989
0.04431795853824534
0.04431760212150993
0.04431724630446285
0.044316891085921496
0.04431653646470133
0.04431618243961561
0.04431582900947577
0.04431547617309086
0.0443151239292681
0.04431477227681195
0.04431442121452512
0.0443140707412076
0.04431372085565697
0.04431337155666855
0.04431302284303486
0.04431267471354603
0.044312327166989345
0.04431198020214953
0.044311633817808505
0.04431128801274524
0.04431094278573588
0.044310598135553755
0.044310254060968925
0.04430991056074857
0.04430956763365671
0.044309225278454115
0.044308883493898395
0.04430854227874382
0.04430820163174119
0.04430786155163814
0.04430752203717857
0.04430718308710302
0.04430684470014832
0.0443065068750477
0.04430616961053078
0.04430583290532319
0.04430549675814697
0.04430516116772012
0.04430482613275676
0.04430449165196704
0.04430415772405701
0.04430382434772862
0.0443034915216797
0.04430315924460381
0.04430282751519022
0.04430249633212394
0.04430216569408547
0.04430183559975098
0.044301506047792115
0.04430117703687586
0.0443008485656647
0.04430052063281633
0.044300193236983886
0.04429986637681555
0.04429954005095478
0.044299214258040155
0.04429888899670513
0.044298564265578357
0.04429824006328332
0.044297916388438476
0.04429759323965702
0.044297270615546926
0.044296948514711054
0.04429662693574676
0.044296305877246096
0.044295985337795614
0.04429566531597646
0.04429534581036428
0.04429502681952886
0.044294708342034736
0.04429439037644044
0.04429407292129887
0.04429375597515709
0.044293439536556366
0.044293123604031925
0.044292808176113266
0.04429249325132368
0.044292178828180394
0.04429186490519467
0.04429155148087149
0.0442912385537097
0.0442909261222018
0.04429061418483408
0.04429030274008638
0.0442899917864322
0.0442896813223385
0.044289371346265864
0.04428906185666814
0.04428875285199276
0.04428844433068034
0.04428813629116496
0.04428782873187383
0.04428752165122733
0.044287215047639175
0.04428690891951607
0.04428660326525772
0.04428629808325705
0.04428599337189973
0.04428568912956458
0.044285385354623195
0.04428508204543984
0.04428477920037201
0.04428447681776944
0.04428417489597491
0.04428387343332381
0.04428357242814399
0.044283271878756164
0.044282971783473235
0.04428267214060086
0.04428237294843705
0.044282074205272165
0.04428177590938907
0.04428147805906273
0.04428118065256074
0.044280883688142605
0.044280587164060095
0.04428029107855736
0.04427999542987047
0.044279700216227534
0.04427940543584897
0.04427911108694692
0.04427881716772562
0.044278523676381285
0.04427823061110188
0.04427793797006743
0.04427764575144953
0.04427735395341178
0.04427706257410951
0.04427677161168955
0.044276481064290635
0.04427619093004302
0.044275901207068674
0.04427561189348104
0.04427532298738514
0.0442750344868775
0.04427474639004618
0.044274458694970535
0.04427417139972157
0.04427388450236136
0.04427359800094357
0.04427331189351318
0.044273026178106335
0.04427274085275043
0.044272455915464214
0.044272171364257595
0.04427188719713162
0.04427160341207841
0.04427132000708138
0.04427103698011487
0.044270754329144374
0.044270472052126406
0.044270190147008476
0.04426990861172898
0.0442696274442175
0.044269346642394354
0.04426906620417084
0.044268786127449146
0.04426850641012236
0.04426822705007432
0.044267948045179695
0.044267669393304065
0.04426739109230368
0.044267113140025495
0.0442668355343074
0.04426655827297784
0.0442662813538559
0.044266004774751525
0.04426572853346517
0.044265452627787985
0.04426517705550185
0.044264901814378976
0.04426462690218241
0.04426435231666564
0.044264078055572906
0.04426380411663871
0.04426353049758831
0.04426325719613734
0.04426298420999203
0.04426271153684902
0.044262439174395506
0.04426216712030915
0.044261895372257935
0.04426162392790048
0.04426135278488577
0.044261081940853104
0.044260811393432374
0.04426054114024379
0.04426027117889792
0.04426000150699584
0.04425973212212888
0.044259463021878984
0.0442591942038182
0.044258925665509055
0.044258657404504596
0.044258389418347886
0.04425812170457277
0.044257854260703194
0.044257587084253376
0.04425732017272819
0.04425705352362268
0.04425678713442229
0.044256521002602744
0.044256255125630264
0.044255989500961344
0.04425572412604289
0.044255458998312146
0.04425519411519665
0.04425492947411457
0.044254665072474095
0.044254400907674185
0.044254136977103925
0.04425387327814293
0.04425360980816115
0.04425334656451897
0.04425308354456731
0.044252820745647424
0.04425255816509105
0.044252295800220345
0.04425203364834806
0.044251771706777306
0.04425150997280174
0.04425124844370562
0.044250987116763604
0.04425072598924097
0.0442504650583936
0.04425020432146783
0.044249943775700774
0.044249683418319995
0.044249423246543844
0.04424916325758115
0.044248903448631784
0.04424864381688585
0.04424838435952449
0.044248125073719544
0.04424786595663359
0.044247607005420096
0.04424734821722312
0.044247089589177946
0.04424683111841039
0.04424657280203741
0.044246314637166884
0.04424605662089746
0.04424579875031912
0.04424554102251256
0.0442452834345498
0.044245025983493814
0.04424476866639871
0.04424451148030998
0.04424425442226405
0.044243997489288756
0.04424374067840311
0.04424348398661767
0.044243227410934116
0.0442429709483457
0.04424271459583701
0.044242458350384276
0.044242202208955035
0.04424194616850882
0.04424169022599625
0.044241434378360096
0.044241178622534585
0.0442409229554459
0.044240667374011826
0.0442404118751423
0.04424015645573893
0.044239901112695525
0.044239645842897767
0.04423939064322353
0.04423913551054292
0.04423888044171792
0.044238625433603164
0.04423837048304548
0.04423811558688396
0.04423786074195033
0.04423760594506871
0.04423735119305582
0.04423709648272114
0.04423684181086669
0.044236587174287335
0.04423633256977082
0.04423607799409782
0.04423582344404195
0.044235568916369795
0.04423531440784139
0.04423505991520958
0.044234805435220806
0.044234550964614684
0.044234296500124434
0.04423404203847668
0.04423378757639167
0.044233533110583395
0.0442332786377595
0.044233024154621596
0.044232769657865316
0.04423251514417994
0.04423226061024942
0.04423200605275149
0.044231751468358366
0.04423149685373659
0.04423124220554727
0.04423098752044602
0.04423073279508321
0.044230478026103914
0.044230223210148134
0.044229968343850866
0.0442297134238421
0.04422945844674719
0.04422920340918652
0.04422894830777613
0.04422869313912755
0.044228437899847685
0.04422818258653947
0.04422792719580143
0.04422767172422829
0.04422741616841075
0.04422716052493557
0.044226904790386046
0.04422664896134174
0.04422639303437885
0.044226137006070254
0.044225880872985526
0.044225624631691385
0.04422536827875146
0.044225111810726546
0.04422485522417483
0.044224598515651914
0.04422434168171106
0.04422408471890315
0.044223827623777
0.044223570392879406
0.04422331302275539
0.044223055509948116
0.04422279785099927
0.04422254004244919
0.04422228208083676
0.04422202396269986
0.04422176568457546
0.04422150724299952
0.04422124863450749
0.044220989855634364
0.04422073090291463
0.044220471772882644
0.04422021246207286
0.04421995296701966
0.04421969328425787
0.04421943341032281
0.04421917334175032
0.0442189130750772
0.04421865260684106
0.04421839193358078
0.04421813105183664
0.04421786995815029
0.044217608649065085
0.044217347121126314
0.04421708537088129
0.04421682339487965
0.044216561189673334
0.04421629875181691
0.04421603607786782
0.044215773164386435
0.044215510007936415
0.044215246605084794
0.04421498295240199
0.04421471904646245
0.044214454883844415
0.04421419046113056
0.04421392577490763
0.04421366082176722
0.04421339559830566
0.044213130101124216
0.04421286432682948
0.044212598272033415
0.04421233193335366
0.044212065307413805
0.04421179839084338
0.04421153118027833
0.044211263672361084
0.04421099586374087
0.044210727751073854
0.0442104593310235
0.04421019060026046
0.04420992155546343
0.044209652193318696
0.0442093825105208
0.04420911250377263
0.04420884216978571
0.044208571505280354
0.04420830050698603
0.04420802917164147
0.044207757495994926
0.04420748547680463
0.04420721311083868
0.044206940394875716
0.04420666732570463
0.04420639390012541
0.04420612011494892
0.04420584596699734
0.044205571453104595
0.044205296570116286
0.044205021314890014
0.04420474568429594
0.044204469675216726
0.04420419328454781
0.04420391650919793
0.04420363934608901
0.04420336179215681
0.04420308384435089
0.04420280549963509
0.04420252675498768
0.04420224760740159
0.044201968053884814
0.04420168809146069
0.04420140771716786
0.04420112692806103
0.04420084572121088
0.044200564093704445
0.044200282042645436
0.04419999956515448
0.044199716658369415
0.04419943331944555
0.044199149545555816
0.04419886533389134
0.044198580681661534
0.04419829558609435
0.04419801004443666
0.044197724053954356
0.04419743761193297
0.0441971507156776
0.0441968633625134
0.04419657554978575
0.0441962872748607
0.04419599853512506
0.04419570932798673
0.04419541965087516
0.044195129501241284
0.04419483887655817
0.04419454777432117
0.044194256192048025
0.04419396412727933
0.044193671577578926
0.044193378540533824
0.044193085013754796
0.044192790994876524
0.04419249648155803
0.044192201471482596
0.04419190596235847
0.04419160995191881
0.04419131343792222
0.044191016418152824
0.044190718890420505
0.04419042085256159
0.04419012230243855
0.04418982323794062
0.04418952365698401
0.04418922355751206
0.04418892293749565
0.044188621794933436
0.04418832012785205
0.044188017934306274
0.04418771521237965
0.04418741196018428
0.0441871081758614
0.044186803857581544
0.04418649900354469
0.044186193611980756
0.04418588768114953
0.04418558120934111
0.04418527419487618
0.04418496663610612
0.04418465853141328
0.04418434987921132
0.04418404067794518
0.044183730926091645
0.04418342062215939
0.04418310976468907
0.0441827983522537
0.04418248638345906
0.04418217385694348
0.04418186077137837
0.04418154712546825
0.04418123291795104
0.0441809181475983
0.044180602813215265
0.04418028691364118
0.044179970447749524
0.044179653414447906
0.04417933581267856
0.044179017641418475
0.04417869889967936
0.044178379586508
0.04417805970098633
0.044177739242231666
0.04417741820939683
0.044177096601670164
0.04417677441827588
0.04417645165847415
0.044176128321561044
0.044175804406868954
0.044175479913766524
0.044175154841658716
0.0441748291899873
0.04417450295823041
0.044174176145903035
0.044173848752557025
0.04417352077778113
0.04417319222120116
0.04417286308248005
0.04417253336131777
0.04417220305745175
0.04417187217065654
0.044171540700744256
0.044171208647564277
0.044170876011003515
0.04417054279098642
0.04417020898747506
0.04416987460046893
0.04416953963000519
0.04416920407615866
0.044168867939041706
0.04416853121880451
0.04416819391563475
0.044167856029757695
0.044167517561436304
0.044167178510971156
0.04416683887870034
0.04416649866499955
0.044166157870281816
0.04416581649499784
0.04416547453963556
0.04416513200472026
0.04416478889081461
0.044164445198518414
0.04416410092846849
0.04416375608133888
0.044163410657840456
0.04416306465872102
0.044162718084765025
0.044162370936793614
0.04416202321566447
0.04416167492227151
0.0441613260575451
0.044160976622451685
0.04416062661799354
0.044160276045208946
0.04415992490517181
0.04415957319899144
0.044159220927812624
0.044158868092815155
0.04415851469521389
0.04415816073625854
0.04415780621723322
0.04415745113945658
0.04415709550428143
0.04415673931309445
0.04415638256731606
0.0441560252684004
0.044155667417834624
0.044155309017139086
0.04415495006786684
0.04415459057160358
0.04415423052996716
0.044153869944607516
0.04415350881720639
0.0441531471494769
0.04415278494316337
0.044152422200041126
0.044152058921915954
0.04415169511062411
0.04415133076803176
0.04415096589603478
0.04415060049655838
0.04415023457155704
0.04414986812301378
0.04414950115294016
0.04414913366337566
0.044148765656387735
0.04414839713407098
0.04414802809854729
0.04414765855196506
0.04414728849649907
0.04414691793435013
0.04414654686774464
0.044146175298934186
0.04414580323019525
0.044145430663828825
0.044145057602159886
0.044144684047537276
0.04414431000233306
0.04414393546894228
0.044143560449782494
0.044143184947293315
0.04414280896393628
0.04414243250219397
0.04414205556457004
0.044141678153588666
0.04414130027179406
0.04414092192175003
0.04414054310603965
0.04414016382726493
0.044139784088046155
0.04413940389102148
0.044139023238846824
0.04413864213419499
0.04413826057975557
0.04413787857823438
0.044137496132352905
0.04413711324484814
0.0441367299184719
0.044136346155990436
0.04413596196018418
0.04413557733384694
0.04413519227978573
0.04413480680082039
0.04413442089978292
0.04413403457951701
0.04413364784287788
0.04413326069273151
0.04413287313195438
0.04413248516343314
0.04413209679006376
0.04413170801475142
0.04413131884041004
0.04413092926996175
0.04413053930633629
0.044130148952471
0.044129758211309836
0.04412936708580339
0.04412897557890822
0.044128583693586465
0.0441281914328052
0.04412779879953646
0.044127405796756385
0.04412701242744485
0.04412661869458528
0.04412622460116393
0.044125830150169576
0.044125435344593095
0.04412504018742703
0.04412464468166518
0.04412424883030206
0.0441238526363327
0.044123456102752076
0.04412305923255472
0.044122662028734154
0.04412226449428295
0.04412186663219175
0.04412146844544924
0.04412106993704167
0.04412067110995233
0.04412027196716132
0.044119872511645064
0.044119472746375926
0.04411907267432181
0.04411867229844601
0.044118271621706416
0.044117870647055454
0.044117469377439614
0.04411706781579912
0.04411666596506754
0.04411626382817139
0.04411586140802979
0.04411545870755421
0.04411505572964815
0.044114652477206494
0.04411424895311554
0.044113845160252414
0.0441134411014849
0.044113036779670996
0.04411263219765863
0.04411222735828555
0.04411182226437848
0.04411141691875353
0.04411101132421517
0.04411060548355654
0.04411019939955872
0.04410979307499078
0.04410938651260912
0.04410897971515759
0.04410857268536692
0.044108165425954596
0.044107757939624494
0.044107350229066686
0.04410694229695726
0.04410653414595792
0.04410612577871574
0.04410571719786315
0.04410530840601732
0.04410489940578028
0.04410449019973847
0.044104080790462734
0.04410367118050784
0.044103261372412376
0.04410285136869868
0.04410244117187245
0.04410203078442259
0.044101620208821135
0.04410120944752273
0.04410079850296507
0.04410038737756803
0.044099976073733865
0.04409956459384706
0.044099152940274
0.044098741115362924
0.044098329121443694
0.04409791696082776
0.04409750463580784
0.04409709214865797
0.04409667950163331
0.04409626669696988
0.04409585373688466
0.04409544062357521
0.04409502735921977
0.04409461394597711
0.04409420038598637
0.044093786681366834
0.04409337283421814
0.04409295884661986
0.0440925447206318
0.04409213045829336
0.04409171606162402
0.044091301532622876
0.04409088687326885
0.04409047208552033
0.044090057171315346
0.04408964213257135
0.04408922697118535
0.04408881168903357
0.04408839628797181
0.04408798076983489
0.04408756513643715
0.044087149389571936
0.044086733531011967
0.04408631756250908
0.04408590148579409
0.044085485302577235
0.04408506901454765
0.04408465262337356
0.04408423613070249
0.044083819538160755
0.044083402847354014
0.044082986059866804
0.04408256917726296
0.04408215220108528
0.044081735132855675
0.04408131797407535
0.04408090072622445
0.044080483390762336
0.04408006596912779
0.04407964846273856
0.04407923087299172
0.04407881320126376
0.0440783954489104
0.04407797761726669
0.04407755970764726
0.04407714172134614
0.04407672365963685
0.04407630552377241
0.044075887314985615
0.044075469034488925
0.044075050683474344
0.044074632263114095
0.04407421377455966
0.044073795218943154
0.04407337659737622
0.04407295791095069
0.04407253916073867
0.04407212034779241
0.044071701473144445
0.04407128253780775
0.044070863542775895
0.04407044448902282
0.044070025377503146
0.04406960620915235
0.04406918698488668
0.0440687677056032
0.044068348372180294
0.04406792898547717
0.044067509546334274
0.044067090055573604
0.04406667051399835
0.044066250922393226
0.04406583128152473
0.044065411592141
0.04406499185497194
0.04406457207072957
0.0440641522401078
0.044063732363782776
0.04406331244241305
0.04406289247663925
0.044062472467084925
0.04406205241435584
0.044061632319040984
0.0440612121817117
0.044060792002922636
0.044060371783211476
0.0440599515230991
0.044059531223089685
0.04405911088367099
0.04405869050531435
0.0440582700884747
0.04405784963359092
0.04405742914108584
0.04405700861136634
0.044056588044823645
0.044056167441833154
0.04405574680275485
0.04405532612793326
0.04405490541769771
0.04405448467236242
0.04405406389222638
0.04405364307757396
0.044053222228674714
0.04405280134578356
0.04405238042914073
0.04405195947897241
0.0440515384954905
0.04405111747889261
0.04405069642936255
0.04405027534707027
0.04404985423217205
0.044049433084810505
0.044049011905114906
0.04404859069320116
0.044048169449172093
0.04404774817311737
0.044047326865113784
0.04404690552522534
0.04404648415350342
0.04404606274998696
0.04404564131470231
0.0440452198476637
0.04404479834887332
0.044044376818321074
0.04404395525598527
0.04404353366183237
0.04404311203581725
0.04404269037788322
0.044042268687962294
0.044041846965975295
0.044041425211831874
0.04404100342543083
0.04404058160665991
0.04404015975539628
0.04403973787150653
0.04403931595484674
0.04403889400526254
0.04403847202258947
0.044038050006652917
0.04403762795726826
0.04403720587424112
0.0440367837573672
0.044036361606432796
0.044035939421214476
0.04403551720147963
0.044035094946986264
0.04403467265748337
0.04403425033271078
0.044033827972399395
0.04403340557627156
0.044032983144040604
0.044032560675411565
0.04403213817008082
0.044031715627736626
0.04403129304805883
0.044030870430719245
0.04403044777538155
0.04403002508170187
0.04402960234932808
0.044029179577900666
0.044028756767052514
0.04402833391640896
0.044027911025588
0.04402748809420042
0.044027065121849736
0.04402664210813266
0.04402621905263853
0.04402579595495034
0.04402537281464389
0.04402494963128862
0.0440245264044472
0.04402410313367606
0.044023679818525153
0.0440232564585381
0.044022833053252525
0.04402240960219983
0.04402198610490547
0.04402156256088902
0.0440211389696643
0.044020715330739354
0.044020291643616594
0.04401986790779291
0.04401944412275984
0.04401902028800345
0.04401859640300451
0.04401817246723871
0.04401774848017659
0.04401732444128361
0.04401690035002033
0.04401647620584245
0.04401605200820094
0.04401562775654191
0.04401520345030704
0.04401477908893328
0.044014354671853266
0.044013930198495095
0.04401350566828269
0.04401308108063564
0.04401265643496927
0.044012231730694955
0.044011806967220055
0.0440113821439477
0.04401095726027744
0.044010532315604804
0.04401010730932168
0.0440096822408161
0.04400925710947267
0.04400883191467221
0.04400840665579231
0.044007981332206826
0.04400755594328646
0.044007130488398424
0.04400670496690684
0.04400627937817252
0.04400585372155323
0.04400542799640346
0.04400500220207493
0.04400457633791619
0.04400415040327307
0.044003724397488245
0.044003298319901914
0.04400287216985128
0.04400244594667098
0.04400201964969288
0.044001593278246404
0.04400116683165824
0.04400074030925266
0.04400031371035158
0.043999887034274265
0.043999460280337827
0.04399903344785699
0.04399860653614408
0.04399817954450943
0.04399775247226101
0.04399732531870466
0.04399689808314412
0.04399647076488113
0.04399604336321539
0.04399561587744444
0.04399518830686419
0.043994760650768315
0.04399433290844885
0.0439939050791959
0.04399347716229768
0.04399304915704087
0.043992621062710124
0.04399219287858863
0.04399176460395787
0.04399133623809747
0.04399090778028584
0.04399047922979951
0.04399005058591348
0.04398962184790146
0.043989193015035476
0.04398876408658608
0.0439883350618226
0.0439879059400127
0.043987476720422886
0.043987047402318215
0.04398661798496242
0.0439861884676179
0.043985758849545774
0.04398532913000612
0.04398489930825746
0.0439844693835574
0.043984039355162076
0.043983609222326664
0.04398317898430513
0.04398274864035033
0.04398231818971401
0.043981887631646746
0.04398145696539817
0.04398102619021676
0.04398059530535006
0.04398016431004444
0.04397973320354548
0.043979301985097606
0.043978870653944305
0.04397843920932819
0.04397800765049078
0.04397757597667278
0.043977144187114
0.04397671228105319
0.04397628025772846
0.04397584811637678
0.0439754158562345
0.043974983476536805
0.043974550976518326
0.04397411835541272
0.04397368561245288
0.04397325274687074
0.04397281975789762
0.04397238664476383
0.043971953406699134
0.04397152004293232
0.04397108655269155
0.04397065293520397
0.043970219189696146
0.043969785315394035
0.043969351311522416
0.04396891717730566
0.04396848291196735
0.043968048514730185
0.043967613984816356
0.04396717932144707
0.04396674452384306
0.04396630959122405
0.04396587452280927
0.04396543931781725
0.04396500397546556
0.0439645684949713
0.04396413287555078
0.04396369711641959
0.0439632612167925
0.043962825175883735
0.04396238899290682
0.04396195266707442
0.04396151619759862
0.04396107958369067
0.04396064282456127
0.04396020591942026
0.04395976886747681
0.04395933166793946
0.04395889432001588
0.043958456822913154
0.04395801917583766
0.0439575813779948
0.04395714342858958
0.04395670532682602
0.043956267071907515
0.04395582866303685
0.043955390099415785
0.04395495138024557
0.043954512504726505
0.04395407347205835
0.04395363428143991
0.04395319493206944
0.04395275542314413
0.04395231575386072
0.0439518759234149
0.043951435931001634
0.04395099577581529
0.043950555457049255
0.04395011497389599
0.04394967432554744
0.04394923351119453
0.043948792530027384
0.04394835138123531
0.04394791006400685
0.043947468577529576
0.043947026920990256
0.04394658509357478
0.0439461430944682
0.04394570092285468
0.04394525857791748
0.043944816058838876
0.043944373364800456
0.043943930494982665
0.04394348744856513
0.04394304422472656
0.04394260082264469
0.04394215724149628
0.04394171348045721
0.04394126953870228
0.043940825415405387
0.04394038110973943
0.04393993662087631
0.0439394919479868
0.043939047090240865
0.04393860204680731
0.04393815681685383
0.04393771139954726
0.04393726579405319
0.043936819999536234
0.04393637401515988
0.04393592784008653
0.04393548147347752
0.04393503491449302
0.04393458816229204
0.04393414121603254
0.043933694074871264
0.043933246737963776
0.04393279920446453
0.04393235147352667
0.043931903544302334
0.04393145541594221
0.04393100708759602
0.04393055855841205
0.04393010982753732
0.04392966089411783
0.04392921175729801
0.04392876241622121
0.043928312870029344
0.04392786311786316
0.043927413158862026
0.04392696299216378
0.04392651261690517
0.0439260620322215
0.04392561123724671
0.04392516023111326
0.0439247090129523
0.043924257581893486
0.043923805937065186
0.04392335407759417
0.04392290200260573
0.043922449711223936
0.043921997202571075
0.043921544475768126
0.043921091529934446
0.043920638364188
0.043920184977645056
0.04391973136942047
0.04391927753862736
0.0439188234843775
0.04391836920578085
0.04391791470194587
0.04391745997197938
0.04391700501498659
0.04391654983007098
0.04391609441633439
0.04391563877287708
0.04391518289879746
0.043914726793192325
0.04391427045515671
0.043913813883784
0.04391335707816566
0.043912900037391546
0.0439124427605496
0.04391198524672611
0.043911527495005355
0.04391106950447006
0.04391061127420081
0.04391015280327659
0.04390969409077429
0.04390923513576917
0.04390877593733427
0.04390831649454099
0.04390785680645862
0.04390739687215465
0.0439069366906945
0.04390647626114163
0.04390601558255747
0.04390555465400157
0.043905093474531386
0.043904632043202184
0.04390417035906747
0.04390370842117846
0.04390324622858435
0.0439027837803322
0.04390232107546703
0.04390185811303165
0.043901394892066764
0.04390093141161093
0.04390046767070041
0.043900003668369436
0.0438995394036499
0.04389907487557151
0.04389861008316174
0.043898145025445874
0.04389767970144675
0.04389721411018495
0.04389674825067894
0.043896282121944644
0.04389581572299578
0.04389534905284356
0.04389488211049703
0.04389441489496266
0.04389394740524458
0.0438934796403446
0.04389301159926183
0.043892543280993346
0.0438920746845333
0.04389160580887362
0.04389113665300365
0.04389066721591025
0.04389019749657769
0.043889727493987715
0.043889257207119586
0.04388878663494977
0.04388831577645232
0.043887844630598624
0.043887373196357306
0.043886901472694514
0.04388642945857363
0.04388595715295531
0.043885484554797585
0.04388501166305576
0.04388453847668229
0.04388406499462697
0.04388359121583682
0.04388311713925608
0.04388264276382609
0.04388216808848541
0.04388169311216979
0.043881217833812096
0.04388074225234226
0.04388026636668739
0.04387979017577161
0.04387931367851628
0.043878836873839505
0.043878359760656696
0.043877882337880134
0.0438774046044192
0.043876926559180046
0.04387644820106615
0.04387596952897751
0.04387549054181133
0.04387501123846162
0.0438745316178193
0.043874051678772154
0.04387357142020474
0.04387309084099859
0.04387260994003195
0.04387212871617987
0.04387164716831424
0.043871165295303556
0.04387068309601326
0.043870200569305344
0.04386971771403864
0.04386923452906849
0.04386875101324705
0.04386826716542297
0.04386778298444176
0.04386729846914531
0.043866813618372184
0.043866328430957516
0.04386584290573295
0.04386535704152668
0.04386487083716344
0.043864384291464456
0.04386389740324736
0.04386341017132619
0.04386292259451159
0.043862434671610426
0.04386194640142614
0.04386145778275834
0.04386096881440311
0.0438604794951529
0.04385998982379624
0.04385949979911829
0.04385900941990017
0.04385851868491946
0.04385802759294976
0.04385753614276113
0.04385704433311963
0.04385655216278745
0.043856059630523095
0.043855566735081064
0.043855073475212024
0.043854579849662643
0.0438540858571757
0.04385359149648999
0.04385309676634039
0.043852601665457625
0.04385210619256851
0.04385161034639579
0.043851114125658154
0.04385061752907005
0.04385012055534201
0.043849623203180324
0.04384912547128709
0.04384862735836032
0.043848128863093735
0.04384762998417684
0.04384713072029489
0.04384663107012891
0.04384613103235556
0.0438456306056472
0.04384512978867188
0.043844628580093144
0.04384412697857046
0.043843624982758456
0.04384312259130762
0.04384261980286388
0.04384211661606871
0.043841613029558926
0.04384110904196706
0.04384060465192089
0.04384009985804368
0.04383959465895402
0.043839089053266
0.04383858303958886
0.0438380766165273
0.043837569782681295
0.04383706253664605
0.04383655487701196
0.04383604680236471
0.043835538311285165
0.04383502940234926
0.04383452007412822
0.04383401032518823
0.0438335001540907
0.04383298955939198
0.04383247853964336
0.04383196709339145
0.04383145521917757
0.043830942915538004
0.04383043018100403
0.043829917014101855
0.0438294034133524
0.043828889377271626
0.04382837490437004
0.043827859993153195
0.043827344642121256
0.04382682884976913
0.043826312614586464
0.043825795935057435
0.04382527880966099
0.043824761236870714
0.04382424321515467
0.04382372474297543
0.04382320581879021
0.04382268644105069
0.0438221666082029
0.043821646318687395
0.04382112557093918
0.04382060436338742
0.043820082694455885
0.04381956056256236
0.043819037966119155
0.04381851490353262
0.04381799137320355
0.043817467373526674
0.0438169429028909
0.04381641795967945
0.04381589254226931
0.043815366649031885
0.04381484027833223
0.04381431342852966
0.043813786097977196
0.04381325828502198
0.043812729988004846
0.04381220120526064
0.04381167193511788
0.04381114217589894
0.04381061192591986
0.0438100811834905
0.043809549946914245
0.04380901821448821
0.043808485984502994
0.043807953255242935
0.04380742002498563
0.04380688629200246
0.043806352054558025
0.04380581731091042
0.04380528205931108
0.04380474629800482
0.0438042100252297
0.04380367323921706
0.0438031359381914
Eitim Tamamland
5 numaral adaki hata: %5,637
