1.0
0.11064320760313741
0.10890949854578746
0.10797768828552326
0.10677215429672282
0.10499209869636156
0.10238492395008036
0.09891534045117507
0.09493000699439895
0.0910348507314228
0.08771406588919696
0.08511174482547662
0.08312847891302008
0.08159739331133088
0.08037682918153848
0.07936906391277303
0.07851151152183812
0.07776455505178903
0.0771025489237253
0.07650819577048512
0.07596924062231389
0.07547656297753862
0.07502307290450742
0.07460306259666195
0.0742118157432581
0.07384536385543151
0.07350032742400968
0.07317380698101879
0.07286330430159742
0.0725666624503216
0.07228201811958415
0.0720077623833987
0.07174250751654122
0.07148505841334317
0.07123438766172549
0.07098961364039202
0.07074998119696188
0.07051484458198376
0.07028365238761933
0.07005593428799341
0.069831289411416
0.0696093761990696
0.06938990362374388
0.06917262365741587
0.06895732488854771
0.06874382719897355
0.0685319774160576
0.06832164585833214
0.0681127236921652
0.06790512101347415
0.0676987655627212
0.06749360197423733
0.06728959145340264
0.06708671176854569
0.06688495743984942
0.06668434000623379
0.06648488825411274
0.06628664829980072
0.06608968343048677
0.06589407362694287
0.0656999147138237
0.0655073171093745
0.06531640417398668
0.06512731018443076
0.06494017798576097
0.06475515639394366
0.0645723974376875
0.06439205353674789
0.06421427471577897
0.06403920594791417
0.06386698471157572
0.06369773882888592
0.0635315846361064
0.06336862551742022
0.06320895081466756
0.06305263510860935
0.0628997378528736
0.06275030333046996
0.06260436089484697
0.06246192545277765
0.06232299814457709
0.062187567177775085
0.06205560877285155
0.0619270881834333
0.061801960757939874
0.0616801730146165
0.061561663706863806
0.06144636486050058
0.061334202768916525
0.06122509893588079
0.06111897095902867
0.061015733349760744
0.06091529828748421
0.06081757630785252
0.0607224769259935
0.06062990919669406
0.06053978221422207
0.06045200555493986
0.060366489666170184
0.0602831462049373
0.06020188833026787
0.06012263095271959
0.06004529094473146
0.0599697873152771
0.0598960413521584
0.05982397673511655
0.05975351962276395
0.059684598716157215
0.05961714530164979
0.05955109327547538
0.05948637915233276
0.05942294206006114
0.05936072372232405
0.05929966843105066
0.059239723010224135
0.05918083677245612
0.05912296146964158
0.05906605123885596
0.05901006254453125
0.05895495411783265
0.05890068689404916
0.05884722394871697
0.058794530433101795
0.05874257350958792
0.05869132228744612
0.05864074775938408
0.058590822739225994
0.05854152180100555
0.05849282121971058
0.058444698913867
0.05839713439010262
0.05835010868979415
0.05830360433785154
0.05825760529365941
0.05821209690414861
0.058167065858932575
0.05812250014739673
0.05807838901758445
0.0580347229366757
0.05799149355279986
0.05794869365787422
0.05790631715109734
0.05786435900266705
0.057822815217227895
0.05778168279648289
0.05774095970033842
0.057700644805871726
0.057660737863345635
0.05762123944841612
0.05758215090961302
0.05754347431010654
0.05750521236271505
0.05746736835705954
0.057429946077737694
0.05739294971236908
0.05735638374836754
0.057320252857327274
0.05728456176596631
0.05724931511267109
0.05721451728882525
0.05718017226429243
0.05714628339666951
0.05711285322422815
0.057079883242832835
0.057047373667564405
0.05701532318028591
0.05698372866497619
0.05695258493330362
0.05692188444363134
0.05689161701740572
0.05686176955767748
0.05683232577530337
0.056803265929153045
0.05677456658734962
0.05674620041716561
0.056718136011612595
0.0566903377609543
0.05666276577726939
0.056635375879739706
0.056608119647492225
0.056580944545543875
0.05655379412768214
0.05652660831797653
0.056499323770119465
0.05647187430103278
0.05644419139228839
0.05641620475005245
0.05638784291166998
0.05635903388486623
0.05632970580406079
0.05629978758762219
0.05626920958015405
0.05623790416513371
0.0562058063353713
0.056172854211689036
0.05613898950372757
0.05610415791059788
0.05606830946291086
0.05603139881123547
0.05599338546897671
0.05595423401981672
0.05591391430107664
0.05587240157457573
0.0558296766958063
0.05578572629061823
0.05574054294625707
0.05569412542073975
0.055646478871384214
0.05559761510005311
0.05554755280952322
0.05549631786251051
0.05544394353240322
0.05539047073276447
0.055335948211230654
0.05528043269257784
0.055223988955477685
0.05516668982781503
0.055108616086398055
0.05504985624844869
0.05499050624441283
0.05493066896435573
0.05487045367347604
0.0548099752960221
0.05474935357103771
0.05468871208776952
0.05462817721307787
0.05456787692759673
0.05450793959147533
0.054448492664065457
0.054389661404668214
0.05433156758323743
0.05427432823059083
0.05421805445713631
0.05416285036735378
0.054108812094370795
0.0540560269750628
0.05400457288141534
0.053954517718669756
0.05390591909530726
0.05385882416451614
0.05381326963168985
0.05376928191795718
0.053726877465931265
0.05368606317089772
0.053646836918598
0.05360918820960336
0.05357309884996074
0.05353854368822554
0.053505491380065086
0.05347390516316958
0.05344374362712203
0.053414961464998266
0.05338751019569337
0.05336133884818213
0.05333639460104286
0.05331262337254029
0.05328997035833571
0.053268380515437815
0.053247798992325866
0.05322817150625824
0.053209444669644786
0.053191566268020775
0.053174485492637376
0.05315815313100331
0.05314252171889354
0.05312754565741201
0.05311318129867564
0.05309938700359386
0.05308612317507426
0.053073352269801324
0.053061038791524795
0.05304914926857179
0.05303765221806409
0.05302651809909303
0.053015719256876724
0.0530052298597104
0.05299502583031347
0.052985084772986926
0.05297538589781756
0.05296590994300213
0.05295663909621718
0.052947556915828246
0.05293864825260969
0.052929899172540304
0.052921296881145684
0.05291282964977172
0.05290448674410034
0.05289625835515384
0.05288813553297545
0.05288011012312452
0.05287217470608277
0.05286432253962741
0.05285654750419903
0.052848844051260724
0.05284120715462444
0.052833632264698754
0.05282611526559799
0.05281865243503757
0.05281124040693013
0.052803876136588525
0.05279655686843564
0.05278928010611471
0.052782043584892566
0.05277484524624553
0.05276768321451576
0.05276055577552888
0.05275346135706241
0.052746398511057904
0.05273936589747204
0.05273236226966366
0.05272538646121969
0.05271843737412397
0.052711513968178164
0.05270461525158787
0.05269774027263168
0.0526908881123323
0.052684057878058105
0.05267724869798132
0.052670459716327604
0.05266369008935372
0.05265693898199319
0.05265020556511411
0.052643489013336306
0.052636788503358144
0.05263010321274549
0.0526234323191398
0.0526167749998431
0.05261013043174047
0.05260349779152466
0.05259687625618666
0.05259026500374019
0.05258366321415027
0.0525770700704356
0.05257048475991903
0.05256390647559942
0.05255733441762226
0.05255076779482579
0.05254420582634212
0.052537647743233634
0.05253109279014774
0.05252454022697088
0.052517989330469146
0.05251143939589966
0.052504889738579454
0.05249833969540236
0.05249178862629088
0.052485235915575086
0.05247868097329026
0.05247212323638586
0.0524655621698397
0.052458997267673016
0.052452428053861064
0.05244585408313742
0.052439274941689186
0.052432690247741665
0.05242609965203206
0.05241950283817258
0.05241289952290373
0.05240628945623905
0.05239967242150366
0.052393048235270086
0.0523864167471927
0.05237977783974665
0.052373131427873185
0.052366477458537786
0.052359815910203784
0.0523531467922279
0.0523464701441817
0.05233978603510537
0.05233309456269738
0.052326395852447465
0.05231969005671659
0.05231297735377068
0.052306257946772426
0.052299532062736756
0.05229279995145583
0.05228606188439754
0.05227931815358329
0.052272569070449255
0.0522658149646961
0.052259056183131196
0.05225229308850762
0.052245526058364265
0.05223875548386983
0.05223198176867519
0.05222520532777707
0.05221842658639586
0.05221164597887023
0.052204863947571865
0.05219808094184166
0.052191297416950555
0.05218451383308583
0.05217773065436523
0.05217094834788046
0.05216416738277043
0.05215738822932661
0.05215061135813063
0.052143837239224444
0.05213706634131512
0.05213029913101257
0.052123536072102586
0.05211677762485384
0.05211002424535936
0.0521032763849127
0.05209653448941754
0.052089798998831885
0.052083070346645347
0.052076348959388875
0.05206963525617763
0.05206292964828497
0.05205623253874753
0.05204954432200073
0.05204286538354375
0.052036196099632843
0.052029536837003024
0.05202288795261592
0.052016249793434194
0.052009622696220816
0.05200300698736265
0.051996402982716815
0.051989810987479936
0.05198323129607825
0.0519766641920781
0.05197010994811612
0.05196356882584775
0.05195704107591358
0.051950526937922015
0.051944026640448046
0.05193754040104679
0.05193106842628163
0.05192461091176489
0.05191816804221153
0.05191173999150418
0.05190532692276974
0.05189892898846519
0.051892546330473785
0.0518861790802094
0.05187982735872976
0.05187349127685606
0.05186717093530075
0.05186086642480043
0.051854577826255514
0.05184830521087398
0.05184204864032109
0.051835808166871965
0.051829583833568976
0.05182337567438164
0.05181718371436985
0.051811007969849124
0.05180484844855843
0.05179870514982925
0.05179257806475621
0.05178646717636891
0.0517803724598039
0.051774293882478395
0.05176823140426234
0.05176218497765234
0.05175615454794395
0.0517501400534042
0.05174414142544311
0.05173815858878463
0.05173219146163611
0.05172623995585739
0.05172030397712729
0.05171438342511027
0.05170847819361993
0.05170258817078213
0.05169671323919548
0.05169085327609061
0.05168500815348678
0.051679177738347584
0.05167336189273326
0.051667560473952504
0.05166177333471071
0.05165600032325701
0.051650241283528624
0.051644496055293566
0.05163876447429073
0.05163304637236783
0.05162734157761743
0.05162164991451069
0.05161597120402874
0.051610305263792386
0.05160465190818926
0.05159901094849936
0.05159338219301827
0.051587765447178205
0.05158216051366785
0.05157656719254939
0.051570985281374646
0.051565414575298466
0.05155985486719136
0.05155430594774977
0.05154876760560498
0.05154323962743072
0.051537721798048955
0.05153221390053458
0.05152671571631878
0.05152122702529106
0.051515747605900095
0.051510277235253796
0.05150481568921834
0.05149936274251591
0.05149391816882212
0.051488481740862714
0.051483053230509154
0.051477632408874464
0.05147221904640797
0.05146681291299013
0.051461413778026564
0.05145602141054311
0.0514506355792794
0.0514452560527837
0.051439882599507006
0.05143451498789821
0.051429152986499034
0.05142379636403978
0.05141844488953537
0.051413098332382466
0.05140775646245716
0.051402419050213304
0.05139708586678242
0.05139175668407417
0.051386431274878346
0.05138110941296814
0.05137579087320458
0.05137047543164306
0.0513651628656407
0.051359852953966056
0.05135454547691057
0.05134924021640141
0.05134393695611724
0.05133863548160515
0.051333335580400576
0.05132803704214882
0.051322739658729744
0.05131744322438383
0.05131214753584201
0.05130685239245736
0.051301557596339226
0.05129626295249101
0.05129096826894989
0.05128567335692998
0.051280378030967876
0.05127508210907157
0.05126978541287223
0.05126448776777875
0.05125918900313565
0.05125388895238353
0.05124858745322301
0.05124328434778146
0.05123797948278259
0.05123267270971878
0.051227363885026994
0.05122205287026656
0.05121673953230048
0.05121142374347834
0.051206105381822964
0.05120078433121847
0.05119546048160051
0.051190133729149385
0.05118480397648399
0.051179471132858
0.05117413511435718
0.05116879584409783
0.05116345325242622
0.05115810727711842
0.051152757863580235
0.051147404965047306
0.0511420485427841
0.05113668856628292
0.0511313250134604
0.051125957870852876
0.05112058713380917
0.0511152128066808
0.05110983490300826
0.05110445344570372
0.05109906846722919
0.05109368000976922
0.05108828812539776
0.0510828928762388
0.051077494334619535
0.05107209258321534
0.051066687715186694
0.05106127983430597
0.05105586905507434
0.051050455502827434
0.05104503931382943
0.05103962063535417
0.05103419962575299
0.05102877645450836
0.05102335130227167
0.05101792436088627
0.051012495833392575
0.05100706593401652
0.051001634888138976
0.05099620293224687
0.05099077031386377
0.050985337291460354
0.050979904134344084
0.05097447112252651
0.050969038546568944
0.050963606707405226
0.05095817591614097
0.050952746493830164
0.05094731877122719
0.05094189308851542
0.050936469795011645
0.050931049248846415
0.05092563181662049
0.05092021787303765
0.05091480780051379
0.05090940198876325
0.05090400083436264
0.05089860474029222
0.050893214115457296
0.05088782937418815
0.050882450935721364
0.05087707922366296
0.05087171466543446
0.05086635769170326
0.05086100873579896
0.050855668233116845
0.05085033662051074
0.05084501433567595
0.050839701816525286
0.05083439950055912
0.05082910782423192
0.05082382722231676
0.05081855812727086
0.05081330096860272
0.050808056172244445
0.050802824159930246
0.050797605348583845
0.05079240014971668
0.05078720896883874
0.05078203220488447
0.05077687024965523
0.0507717234872807
0.05076659229370009
0.050761477036166534
0.05075637807277434
0.05075129575201154
0.05074623041233974
0.050741182381801135
0.05073615197765445
0.050731139506041335
0.0507261452616827
0.050721169527606996
0.050716212574910026
0.050711274662546775
0.05070635603715595
0.05070145693291672
0.0506965775714374
0.050691718161676606
0.05068687889989581
0.0506820599696423
0.05067726154176355
0.05067248377444992
0.05066772681330682
0.05066299079145363
0.05065827582964958
0.050653582036444565
0.05064890950835354
0.05064425833005422
0.05063962857460463
0.050635020303681354
0.050630433567835365
0.050625868406764404
0.05062132484960059
0.05061680291521128
0.05061230261251222
0.050607823940790456
0.05060336689003699
0.050598931441286264
0.05059451756696191
0.050590125231226545
0.050585754390335955
0.05058140499299398
0.050577076980708666
0.050572770288148335
0.05056848484349511
0.05056422056879678
0.05055997738031442
0.05055575518886588
0.05055155390016386
0.05054737341514768
0.05054321363030847
0.050539074438007175
0.05053495572678397
0.05053085738165988
0.05052677928442934
0.05052272131394308
0.05051868334638226
0.050514665255522374
0.05051066691298724
0.05050668818849314
0.05050272895008238
0.050498789064347085
0.050494868396642856
0.050490966811291595
0.05048708417177503
0.05048322034091782
0.050479375181061166
0.05047554855422627
0.05047174032226903
0.050467950347024726
0.05046417849044428
0.05046042461472162
0.05045668858241228
0.05045297025654384
0.05044926950071886
0.05044558617920949
0.05044192015704523
0.05043827130009305
0.050434639475131514
0.05043102454991773
0.0504274263932484
0.05042384487501477
0.05042027986625272
0.05041673123918638
0.05041319886726757
0.050409682625210214
0.0504061823890206
0.050402698036022285
0.05039922944487901
0.05039577649561176
0.050392339069613955
0.05038891704966235
0.05038551031992579
0.0503821187659701
0.05037874227476163
0.05037538073466696
0.05037203403545176
0.050368702068276525
0.05036538472569096
0.05036208190162657
0.05035879349138761
0.050355519391640416
0.05035225950040191
0.05034901371702648
0.05034578194219214
0.050342564077885295
0.05033936002738535
0.05033616969524793
0.05033299298728793
0.05032982981056175
0.05032668007334915
0.05032354368513472
0.050320420556588905
0.050317310599549005
0.05031421372699982
0.05031112985305395
0.050308058892932495
0.05030500076294522
0.05030195538047104
0.05029892266393831
0.050295902532805165
0.05029289490754053
0.05028989970960416
0.05028691686142801
0.050283946286397
0.05028098790883016
0.05027804165396224
0.050275107447925446
0.05027218521773089
0.0502692748912514
0.05026637639720348
0.05026348966513027
0.050260614625384586
0.05025775120911213
0.05025489934823509
0.05025205897543626
0.05024923002414318
0.050246412428512445
0.05024360612341512
0.050240811044421366
0.0502380271277863
0.0502352543104356
0.050232492529951746
0.050229741724560205
0.05022700183311658
0.05022427279509327
0.0502215545505669
0.05021884704020612
0.0502161502052593
0.050213463987542846
0.0502107883294297
0.05020812317383799
0.05020546846422042
0.05020282414455311
0.05020019015932538
0.05019756645352981
0.050194952972651946
0.050192349662660896
0.05018975646999982
0.05018717334157668
0.05018460022475553
0.05018203706734745
0.05017948381760233
0.05017694042420028
0.05017440683624407
0.05017188300325067
0.05016936887514384
0.05016686440224683
0.05016436953527481
0.05016188422532787
0.05015940842388416
0.05015694208279296
0.050154485154268624
0.05015203759088331
0.050149599345561555
0.05014717037157388
0.05014475062253063
0.05014234005237662
0.05013993861538527
0.05013754626615308
0.0501351629595944
0.050132788650936046
0.050130423295712406
0.0501280668497604
0.05012571926921446
0.05012338051050228
0.050121050530339446
0.05011872928572578
0.050116416733940405
0.050114112832537694
0.05011181753934289
0.0501095308124484
0.050107252610209374
0.05010498289124022
0.050102721614410595
0.05010046873884176
0.05009822422390278
0.05009598802920755
0.05009376011461065
0.0500915404402045
0.050089328966315794
0.05008712565350245
0.05008493046255034
0.050082743354470244
0.050080564290495025
0.05007839323207658
0.05007623014088274
0.05007407497879488
0.05007192770790495
0.050069788290512736
0.05006765668912349
0.050065532866445196
0.050063416785385895
0.05006130840905169
0.05005920770074376
0.05005711462395654
0.050055029142375064
0.05005295121987293
0.05005088082050985
0.05004881790852982
0.05004676244835867
0.05004471440460212
0.05004267374204381
0.050040640425643296
0.050038614420534
0.05003659569202121
0.05003458420558061
0.05003257992685595
0.05003058282165754
0.050028592855960265
0.05002660999590227
0.05002463420778259
0.05002266545806015
0.050020703713351655
0.05001874894043014
0.05001680110622353
0.05001486017781282
0.050012926122430766
0.050010998907460184
0.05000907850043262
0.05000716486902712
0.050005257981068224
0.05000335780452524
0.05000146430751037
0.04999957745827751
0.04999769722522114
0.049995823576874744
0.04999395648190971
0.04999209590913386
0.04999024182749053
0.04998839420605711
0.04998655301404392
0.04998471822079302
0.04998288979577708
0.049981067708598316
0.049979251928987105
0.04997744242680118
0.049975639172024515
0.049973842134765904
0.04997205128525846
0.0499702665938582
0.049968488031042986
0.049966715567411876
0.04996494917368388
0.04996318882069683
0.0499614344794069
0.04995968612088712
0.049957943716327
0.04995620723703104
0.049954476654418364
0.04995275194002132
0.049951033065485186
0.04994932000256667
0.04994761272313366
0.049945911199163855
0.04994421540274432
0.049942525306070594
0.04994084088144573
0.04993916210127965
0.049937488938088304
0.049935821364493045
0.049934159353219494
0.04993250287709732
0.04993085190905911
0.04992920642213976
0.04992756638947577
0.0499259317843045
0.04992430257996366
0.04992267874989028
0.04992106026762036
0.049919447106787904
0.04991783924112456
0.04991623664445899
0.049914639290715615
0.04991304715391485
0.04991146020817188
0.04990987842769637
0.049908301786791585
0.04990673025985397
0.04990516382137264
0.04990360244592851
0.04990204610819394
0.049900494782932195
0.04989894844499685
0.04989740706933108
0.04989587063096726
0.049894339105026414
0.04989281246671778
0.049891290691338096
0.04988977375427122
0.04988826163098756
0.04988675429704359
0.04988525172808144
0.049883753899828305
0.049882260788095885
0.04988077236878018
0.04987928861786087
0.04987780951140071
0.04987633502554536
0.04987486513652264
0.04987339982064256
0.04987193905429616
0.049870482813955876
0.04986903107617457
0.049867583817585236
0.04986614101490066
0.049864702644913106
0.0498632686844937
0.049861839110592186
0.04986041390023645
0.04985899303053222
0.04985757647866274
0.04985616422188813
0.04985475623754537
0.04985335250304767
0.04985195299588438
0.04985055769362031
0.04984916657389564
0.0498477796144255
0.0498463967929997
0.049845018087482346
0.04984364347581137
0.04984227293599847
0.04984090644612876
0.04983954398436028
0.0498381855289238
0.04983683105812273
0.04983548055033227
0.04983413398399981
0.04983279133764404
0.04983145258985522
0.04983011771929445
0.04982878670469353
0.049827459524855
0.04982613615865128
0.04982481658502513
0.04982350078298868
0.04982218873162375
0.049820880410081224
0.049819575797581214
0.04981827487341236
0.04981697761693182
0.04981568400756532
0.0498143940248063
0.04981310764821623
0.049811824857424226
0.04981054563212679
0.04980926995208775
0.04980799779713778
0.04980672914717443
0.04980546398216197
0.04980420228213102
0.049802944027178386
0.04980168919746714
0.04980043777322597
0.04979918973474948
0.04979794506239766
0.049796703736595956
0.04979546573783497
0.049794231046670315
0.04979299964372258
0.049791771509676834
0.04979054662528301
0.04978932497135511
0.04978810652877172
0.049786891278475444
0.04978567920147271
0.049784470278833926
0.049783264491693326
0.04978206182124846
0.049780862248760493
0.0497796657555539
0.04977847232301625
0.04977728193259834
0.0497760945658138
0.04977491020423926
0.049773728829513905
0.049772550423339626
0.04977137496748094
0.049770202443764684
0.049769032834079914
0.049767866120378125
0.04976670228467268
0.049765541309039235
0.04976438317561519
0.04976322786659985
0.04976207536425428
0.04976092565090134
0.04975977870892516
0.04975863452077174
0.049757493068948305
0.049756354336023496
0.04975521830462735
0.0497540849574508
0.049752954277246283
0.049751826246827086
0.04975070084906763
0.04974957806690313
0.049748457883329905
0.049747340281404824
0.04974622524424569
0.04974511275503108
0.04974400279700004
0.04974289535345228
0.049741790407747975
0.049740687943308014
0.04973958794361351
0.049738490392206035
0.04973739527268753
0.04973630256872026
0.04973521226402661
0.049734124342389385
0.04973303878765127
0.04973195558371551
0.04973087471454503
0.04972979616416298
0.049728719916652564
0.049727645956156946
0.0497265742668792
0.04972550483308223
0.04972443763908911
0.04972337266928243
0.049722309908104806
0.0497212493400586
0.049720190949705846
0.04971913472166848
0.049718080640627944
0.04971702869132553
0.04971597885856203
0.049714931127197964
0.049713885482153476
0.04971284190840811
0.04971180039100116
0.049710760915031384
0.049709723465656996
0.04970868802809566
0.04970765458762467
0.04970662312958063
0.04970559363935956
0.04970456610241686
0.049703540504267396
0.049702516830485335
0.04970149506670419
0.049700475198616825
0.049699457211975315
0.049698441092590966
0.04969742682633456
0.04969641439913592
0.04969540379698419
0.04969439500592764
0.04969338801207372
0.049692382801589156
0.04969137936069971
0.0496903776756902
0.04968937773290478
0.04968837951874643
0.049687383019677324
0.049686388222218686
0.04968539511295073
0.049684403678512686
0.04968341390560272
0.04968242578097801
0.04968143929145468
0.04968045442390774
0.04967947116527106
0.04967848950253753
0.04967750942275869
0.04967653091304515
0.04967555396056616
0.049674578552549684
0.049673604676282644
0.04967263231911065
0.04967166146843792
0.04967069211172742
0.04966972423650077
0.04966875783033819
0.04966779288087862
0.04966682937581946
0.04966586730291663
0.04966490664998475
0.04966394740489675
0.04966298955558412
0.04966203309003679
0.049661077996302996
0.04966012426248941
0.049659171876761145
0.04965822082734132
0.04965727110251165
0.04965632269061187
0.049655375580040004
0.04965442975925228
0.0496534852167629
0.04965254194114435
0.049651599921026995
0.04965065914509932
0.04964971960210773
0.049648781280856584
0.04964784417020806
0.049646908259082356
0.04964597353645732
0.04964503999136855
0.049644107612909445
0.0496431763902311
0.04964224631254209
0.0496413173691087
0.04964038954925472
0.04963946284236132
0.04963853723786723
0.04963761272526844
0.04963668929411837
0.04963576693402762
0.04963484563466413
0.049633925385753015
0.04963300617707629
0.04963208799847312
0.04963117083983984
0.04963025469112955
0.04962933954235223
0.04962842538357478
0.04962751220492078
0.049626599996570576
0.04962568874876104
0.04962477845178574
0.04962386909599471
0.04962296067179439
0.04962205316964771
0.049621146580073716
0.049620240893647895
0.04961933610100178
0.04961843219282309
0.04961752915985552
0.049616626992898726
0.04961572568280834
0.049614825220495665
0.04961392559692791
0.04961302680312779
0.04961212883017372
0.049611231669199576
0.04961033531139465
0.04960943974800366
0.049608544970326615
0.04960765096971862
0.04960675773758981
0.04960586526540566
0.0496049735446863
0.04960408256700692
0.04960319232399725
0.04960230280734191
0.04960141400878007
0.049600525920105464
0.04959963853316613
0.0495987518398645
0.0495978658321573
0.04959698050205532
0.04959609584162346
0.04959521184298059
0.049594328498299464
0.049593445799806596
0.04959256373978214
0.0495916823105599
0.04959080150452701
0.04958992131412433
0.04958904173184567
0.049588162750238154
0.049587284361902066
0.04958640655949058
0.04958552933570968
0.049584652683318325
0.04958377659512805
0.04958290106400286
0.04958202608285941
0.049581151644666616
0.04958027774244558
0.049579404369269595
0.04957853151826405
0.049577659182606204
0.04957678735552508
0.049575916030301405
0.04957504520026762
0.04957417485880748
0.04957330499935612
0.049572435615400014
0.04957156670047669
0.049570698248174595
0.04956983025213345
0.04956896270604309
0.04956809560364468
0.04956722893872949
0.04956636270513939
0.0495654968967665
0.04956463150755314
0.04956376653149164
0.04956290196262424
0.04956203779504312
0.04956117402289
0.0495603106403562
0.049559447641682346
0.049558585021158785
0.04955772277312451
0.04955686089196782
0.04955599937212604
0.049555138208085006
0.04955427739437959
0.04955341692559272
0.049552556796356124
0.04955169700134967
0.049550837535301186
0.04954997839298687
0.04954911956923032
0.049548261058903274
0.049547402856924834
0.04954654495826174
0.04954568735792784
0.04954483005098432
0.049543973032539365
0.04954311629774814
0.049542259841812444
0.049541403659980776
0.04954054774754825
0.04953969209985615
0.04953883671229198
0.04953798158028948
0.04953712669932804
0.049536272064933204
0.04953541767267579
0.049534563518172245
0.04953370959708455
0.04953285590511957
0.04953200243802945
0.049531149191611154
0.04953029616170632
0.04952944334420146
0.04952859073502734
0.04952773833015907
0.049526886125616024
0.049526034117461475
0.04952518230180259
0.04952433067479028
0.049523479232619044
0.0495226279715267
0.049521776887794494
0.049520925977746606
0.04952007523775017
0.04951922466421525
0.049518374253594476
0.049517524002382955
0.04951667390711803
0.04951582396437957
0.04951497417078895
0.04951412452300983
0.04951327501774734
0.049512425651748196
0.04951157642180063
0.04951072732473384
0.049509878357418394
0.049509029516765536
0.04950818079972732
0.04950733220329646
0.04950648372450594
0.049505635360429075
0.04950478710817939
0.049503938964910114
0.04950309092781448
0.04950224299412509
0.04950139516111425
0.04950054742609333
0.04949969978641275
0.04949885223946222
0.04949800478266988
0.049497157413502614
0.04949631012946584
0.049495462928103036
0.04949461580699594
0.049493768763764226
0.04949292179606532
0.0494920749015942
0.049491228078083295
0.04949038132330238
0.049489534635058285
0.04948868801119461
0.049487841449591966
0.049486994948167294
0.04948614850487405
0.049485302117702024
0.04948445578467691
0.0494836095038603
0.04948276327334969
0.0494819170912778
0.04948107095581301
0.04948022486515877
0.04947937881755351
0.04947853281127055
0.04947768684461798
0.049476840915938146
0.04947599502360791
0.049475149166038186
0.049474303341673985
0.049473457548993766
0.049472611786510044
0.04947176605276859
0.04947092034634817
0.04947007466586107
0.04946922900995213
0.049468383377299044
0.04946753776661217
0.04946669217663401
0.049465846606139376
0.049465001053935115
0.04946415551885974
0.04946330999978365
0.0494624644956085
0.04946161900526741
0.049460773527724405
0.04945992806197472
0.04945908260704408
0.04945823716198883
0.04945739172589591
0.049456546297882154
0.04945570087709467
0.04945485546271032
0.049454010053935626
0.04945316465000664
0.049452319250188635
0.04945147385377614
0.04945062846009253
0.049449783068489885
0.04944893767834917
0.04944809228907925
0.049447246900117765
0.049446401510929966
0.04944555612100908
0.049444710729876204
0.04944386533707983
0.04944301994219555
0.049442174544826495
0.049441329144602364
0.04944048374117986
0.049439638334242295
0.049438792923499356
0.049437947508686915
0.049437102089566996
0.04943625666592747
0.049435411237581904
0.04943456580436949
0.04943372036615462
0.04943287492282696
0.04943202947430115
0.049431184020516675
0.049430338561437574
0.04942949309705247
0.04942864762737428
0.04942780215243997
0.04942695667231051
0.04942611118707051
0.0494252656968284
0.0494244202017158
0.04942357470188778
0.049422729197522386
0.049421883688820625
0.049421038176006245
0.049420192659325485
0.04941934713904709
0.04941850161546196
0.04941765608888317
0.049416810559645544
0.049415965028105815
0.049415119494642175
0.0494142739596542
0.04941342842356279
0.049412582886809886
0.04941173734985833
0.049410891813191825
0.0494100462773146
0.04940920074275126
0.04940835521004672
0.049407509679766204
0.049406664152494666
0.0494058186288371
0.04940497310941795
0.04940412759488141
0.04940328208589083
0.04940243658312883
0.04940159108729719
0.049400745599116565
0.04939990011932638
0.049399054648684645
0.04939820918796797
0.049397363737971295
0.04939651829950762
0.04939567287340825
0.049394827460522234
0.0493939820617166
0.04939313667787584
0.04939229130990221
0.04939144595871515
0.04939060062525159
0.049389755310465494
0.04938891001532782
0.04938806474082661
0.049387219487966406
0.049386374257768643
0.049385529051271276
0.04938468386952864
0.04938383871361137
0.049382993584606266
0.04938214848361635
0.04938130341176052
0.04938045837017363
0.04937961336000619
0.04937876838242449
0.04937792343861035
0.04937707852976097
0.04937623365708914
0.0493753888218226
0.04937454402520459
0.049373699268493255
0.04937285455296178
0.049372009879898336
0.0493711652506057
0.049370320666401735
0.0493694761286186
0.04936863163860325
0.049367787197717124
0.0493669428073362
0.0493660984688505
0.04936525418366457
0.049364409953197026
0.04936356577888084
0.049362721662162864
0.04936187760450407
0.04936103360737921
0.04936018967227718
0.04935934580070054
0.049358501994165686
0.049357658254202665
0.0493568145823553
0.04935597098018085
0.04935512744925024
0.049354283991147996
0.049353440607472
0.04935259729983348
0.049351754069857166
0.04935091091918109
0.0493500678494566
0.049349224862347996
0.04934838195953315
0.049347539142703005
0.04934669641356147
0.049345853773825665
0.04934501122522583
0.049344168769505
0.04934332640841943
0.049342484143738076
0.049341641977242924
0.049340799910728976
0.04933995794600377
0.04933911608488782
0.04933827432921445
0.049337432680829706
0.04933659114159212
0.049335749713373275
0.04933490839805709
0.04933406719754017
0.04933322611373173
0.049332385148553454
0.04933154430393955
0.04933070358183668
0.049329862984203846
0.04932902251301263
0.049328182170246725
0.049327341957902164
0.04932650187798743
0.04932566193252283
0.04932482212354113
0.04932398245308723
0.04932314292321781
0.04932230353600165
0.04932146429351975
0.049320625197864655
0.04931978625114084
0.0493189474554646
0.04931810881296387
0.04931727032577818
0.04931643199605868
0.04931559382596812
0.049314755817680335
0.04931391797338077
0.04931308029526595
0.049312242785543685
0.04931140544643256
0.04931056828016257
0.049309731288974076
0.04930889447511866
0.04930805784085815
0.04930722138846523
0.049306385120222736
0.04930554903842402
0.04930471314537241
0.049303877443381515
0.04930304193477473
0.049302206621885135
0.0493013715070556
0.04930053659263839
0.04929970188099515
0.049298867374496715
0.049298033075522774
0.049297198986462065
0.04929636510971185
0.049295531447677995
0.04929469800277461
0.049293864777423924
0.04929303177405615
0.049292198995109164
0.04929136644302845
0.04929053412026688
0.049289702029284274
0.04928887017254743
0.04928803855252984
0.04928720717171152
0.04928637603257851
0.04928554513762297
0.04928471448934283
0.04928388409024149
0.049283053942827566
0.049282224049614715
0.04928139441312125
0.04928056503587001
0.049279735920388174
0.04927890706920656
0.04927807848485998
0.049277250169886364
0.049276422126826876
0.049275594358225455
0.049274766866628635
0.049273939654585076
0.04927311272464538
0.049272286079361856
0.04927145972128817
0.049270633652978915
0.049269807876989466
0.04926898239587569
0.049268157212193256
0.04926733232849802
0.049266507747345076
0.04926568347128858
0.049264859502881814
0.04926403584467637
0.04926321249922197
0.0492623894690664
0.04926156675675485
0.04926074436482983
0.04925992229583061
0.049259100552293135
0.049258279136749475
0.04925745805172783
0.04925663729975173
0.04925581688334025
0.0492549968050071
0.049254177067260915
0.04925335767260438
0.049252538623534445
0.0492517199225414
0.04925090157210896
0.04925008357471411
0.0492492659328263
0.0492484486489074
0.0492476317254115
0.049246815164784345
0.04924599896946328
0.049245183141876654
0.0492443676844439
0.04924355259957495
0.04924273788967002
0.049241923557119316
0.04924110960430275
0.04924029603358988
0.049239482847339006
0.04923867004789774
0.04923785763760228
0.04923704561877665
0.049236233993733614
0.049235422764773454
0.04923461193418406
0.0492338015042408
0.049232991477205924
0.049232181855328586
0.04923137264084474
0.04923056383597658
0.04922975544293242
0.049228947463906596
0.04922813990107924
0.04922733275661604
0.04922652603266774
0.04922571973137056
0.0492249138548454
0.049224108405198114
0.04922330338451895
0.049222498794882705
0.049221694638348204
0.04922089091695863
0.04922008763274076
0.04921928478770526
0.04921848238384646
0.049217680423142014
0.049216878907552906
0.04921607783902338
0.04921527721948064
0.04921447705083497
0.049213677334979264
0.049212878073789386
0.04921207926912364
0.049211280922822696
0.04921048303671001
0.049209685612590946
0.04920888865225339
0.04920809215746731
0.04920729612998461
0.049206500571539434
0.04920570548384776
0.04920491086860735
0.04920411672749794
0.04920332306218105
0.04920252987429981
0.04920173716547924
0.04920094493732576
0.04920015319142772
0.04919936192935485
0.049198571152658535
0.04919778086287164
0.04919699106150876
0.04919620175006588
0.04919541293002058
0.04919462460283191
0.04919383676994051
0.04919304943276855
0.04919226259271975
0.049191476251179485
0.04919069040951447
0.049189905069073336
0.04918912023118606
0.04918833589716452
0.04918755206830213
0.0491867687458741
0.04918598593113738
0.04918520362533076
0.049184421829674876
0.049183640545372276
0.04918285977360743
0.04918207951554687
0.04918129977233917
0.04918052054511502
0.049179741834987356
0.04917896364305139
0.04917818597038449
0.049177408818046636
0.04917663218708026
0.049175856078510154
0.04917508049334401
0.04917430543257198
0.04917353089716727
0.04917275688808582
0.04917198340626647
0.04917121045263124
0.049170438028085364
0.04916966613351721
0.049168894769798535
0.04916812393778456
0.049167353638314065
0.0491665838722094
0.04916581464027678
0.04916504594330623
0.049164277782071886
0.049163510157331676
0.04916274306982798
0.049161976520287434
0.049161210509421044
0.0491604450379244
0.04915968010647781
0.04915891571574627
0.04915815186637965
0.049157388559013034
0.049156625794266516
0.04915586357274542
0.04915510189504064
0.0491543407617285
0.04915358017337099
0.04915282013051591
0.04915206063369701
0.049151301683434054
0.04915054328023303
0.049149785424586256
0.04914902811697257
0.049148271357857355
0.049147515147692666
0.049146759486917595
0.04914600437595814
0.04914524981522756
0.04914449580512631
0.04914374234604233
0.04914298943835129
0.04914223708241639
0.04914148527858878
0.04914073402720773
0.04913998332860065
0.049139233183083095
0.04913848359095936
0.04913773455252226
0.04913698606805321
0.0491362381378228
0.04913549076209047
0.04913474394110511
0.04913399767510475
0.04913325196431702
0.049132506808959205
0.0491317622092385
0.04913101816535192
0.04913027467748675
0.04912953174582046
0.049128789370520856
0.04912804755174665
0.04912730628964689
0.04912656558436174
0.049125825436022376
0.04912508584475105
0.049124346810661614
0.04912360833385916
0.04912287041444043
0.04912213305249414
0.04912139624810084
0.04912066000133317
0.049119924312256036
0.04911918918092686
0.049118454607395445
0.04911772059170447
0.04911698713388934
0.0491162542339785
0.04911552189199368
0.049114790107949634
0.04911405888185489
0.049113328213711345
0.0491125981035148
0.04911186855125488
0.04911113955691512
0.04911041112047363
0.049109683241902485
0.04910895592116831
0.049108229158232514
0.04910750295305107
0.04910677730557514
0.04910605221575058
0.04910532768351873
0.04910460370881604
0.049103880291574656
0.049103157431722146
0.04910243512918177
0.04910171338387304
0.049100992195711075
0.04910027156460737
0.04909955149046956
0.04909883197320181
0.04909811301270485
0.04909739460887603
0.049096676761609406
0.049095959470796216
0.049095242736324485
0.04909452655807967
0.04909381093594437
0.04909309586979856
0.04909238135952014
0.049091667404984315
0.04909095400606408
0.04909024116263059
0.049089528874552826
0.04908881714169808
0.04908810596393173
0.049087395341117716
0.04908668527311827
0.0490859757597943
0.049085266801005535
0.04908455839661022
0.0490838505464658
0.0490831432504286
0.049082436508354164
0.04908173032009713
0.04908102468551154
0.04908031960445086
0.04907961507676794
0.04907891110231556
0.049078207680945875
0.04907750481251101
0.04907680249686294
0.04907610073385366
0.0490753995233352
0.0490746988651597
0.049073998759179685
0.04907329920524773
0.04907260020321714
0.04907190175294157
0.04907120385427514
0.04907050650707272
0.0490698097111899
0.04906911346648308
0.04906841777280936
0.04906772263002698
0.049067028037995106
0.0490663339965739
0.04906564050562481
0.04906494756501037
0.04906425517459443
0.04906356333424208
0.0490628720438199
0.049062181303195895
0.049061491112239564
0.04906080147082201
0.049060112378815794
0.04905942383609527
0.04905873584253646
0.049058048398017244
0.0490573615024172
0.049056675155617784
0.04905598935750233
0.04905530410795618
0.04905461940686673
0.04905393525412314
0.049053251649617
0.04905256859324163
0.049051886084892804
0.04905120412446824
0.04905052271186812
0.04904984184699459
0.04904916152975215
0.04904848176004766
0.04904780253779035
0.04904712386289163
0.049046445735265363
0.04904576815482795
0.0490450911214981
0.049044414635196744
0.049043738695847806
0.04904306330337715
0.049042388457713464
0.04904171415878786
0.049041040406533835
0.04904036720088775
0.04903969454178821
0.04903902242917654
0.04903835086299656
0.04903767984319476
0.04903700936972017
0.04903633944252434
0.04903567006156154
0.04903500122678865
0.04903433293816502
0.0490336651956528
0.04903299799921649
0.04903233134882343
0.0490316652444434
0.04903099968604895
0.049030334673615145
0.0490296702071195
0.049029006286542526
0.04902834291186676
0.049027680083077736
0.049027017800163476
0.04902635606311429
0.04902569487192349
0.04902503422658648
0.04902437412710155
0.049023714573469226
0.04902305556569271
0.04902239710377755
0.04902173918773181
0.04902108181756604
0.04902042499329321
0.04901976871492878
0.0490191129824904
0.04901845779599834
0.049017803155474944
0.04901714906094514
0.04901649551243616
0.04901584250997741
0.049015190053600534
0.04901453814333963
0.0490138867792308
0.0490132359613125
0.04901258568962534
0.04901193596421193
0.04901128678511727
0.04901063815238818
0.04900999006607376
0.049009342526225
0.04900869553289497
0.04900804908613884
0.04900740318601351
0.04900675783257804
0.049006113025893125
0.049005468766021576
0.049004825053027966
0.04900418188697859
0.0490035392679416
0.04900289719598685
0.04900225567118596
0.04900161469361208
0.04900097426334026
0.0490003343804469
0.04899969504501015
0.04899905625710969
0.04899841801682659
0.04899778032424353
0.04899714317944463
0.04899650658251532
0.04899587053354241
0.04899523503261419
0.04899460007982014
0.04899396567525103
0.048993331818998835
0.048992698511156806
0.04899206575181928
0.048991433541081764
0.048990801879040854
0.048990170765794136
0.04898954020144038
0.04898891018607912
0.04898828071981096
0.04898765180273749
0.04898702343496095
0.04898639561658463
0.04898576834771253
0.04898514162844951
0.048984515458900924
0.04898388983917302
0.048983264769372745
0.04898264024960748
0.04898201627998531
0.04898139286061486
0.04898076999160527
0.04898014767306603
0.04897952590510725
0.04897890468783939
0.04897828402137317
0.0489776639058198
0.04897704434129075
0.04897642532789761
0.04897580686575228
0.048975188954967025
0.04897457159565399
0.048973954787925586
0.048973338531894166
0.04897272282767248
0.04897210767537288
0.04897149307510795
0.04897087902699018
0.048970265531131964
0.048969652587645365
0.04896904019664271
0.04896842835823588
0.048967817072536494
0.048967206339656046
0.048966596159705646
0.048965986532796206
0.04896537745903812
0.048964768938541535
0.048964160971416114
0.04896355355777122
0.04896294669771551
0.04896234039135729
0.048961734638804204
0.04896112944016336
0.04896052479554142
0.04895992070504434
0.04895931716877723
0.04895871418684474
0.04895811175935066
0.048957509886398104
0.04895690856808945
0.048956307804526145
0.04895570759580893
0.04895510794203756
0.04895450884331095
0.048953910299727246
0.0489533123113834
0.04895271487837549
0.0489521180007987
0.04895152167874719
0.048950925912313814
0.04895033070159063
0.048949736046668475
0.048949141947637206
0.04894854840458519
0.04894795541760006
0.04894736298676801
0.04894677111217399
0.048946179793901784
0.04894558903203388
0.04894499882665155
0.04894440917783467
0.04894382008566178
0.048943231550210124
0.048942643571555575
0.04894205614977254
0.048941469284934085
0.04894088297711176
0.048940297226375724
0.048939712032794694
0.04893912739643575
0.04893854331736465
0.048937959795645414
0.04893737683134065
0.04893679442451136
0.04893621257521692
0.04893563128351517
0.0489350505494623
0.048934470373112854
0.048933890754519656
0.048933311693734015
0.048932733190805336
0.04893215524578154
0.04893157785870869
0.04893100102963122
0.048930424758591655
0.048929849045630955
0.048929273890788175
0.0489286992941005
0.048928125255603534
0.04892755177533103
0.048926978853314665
0.0489264064895845
0.04892583468416881
0.048925263437093726
0.04892469274838368
0.04892412261806132
0.048923553046147185
0.04892298403265989
0.04892241557761634
0.0489218476810314
0.04892128034291795
0.04892071356328702
0.048920147342147564
0.04891958167950664
0.048919016575369345
0.04891845202973875
0.04891788804261596
0.04891732461400004
0.048916761743888065
0.048916199432275154
0.048915637679154314
0.04891507648451658
0.048914515848350965
0.048913955770644314
0.048913396251381636
0.04891283729054566
0.048912278888117236
0.04891172104407507
0.0489111637583958
0.04891060703105396
0.0489100508620221
0.048909495251270634
0.048908940198767806
0.04890838570448002
0.04890783176837115
0.04890727839040348
0.048906725570536914
0.04890617330872919
0.048905621604936125
0.04890507045911135
0.048904519871206316
0.04890396984117046
0.04890342036895121
0.04890287145449351
0.04890232309774065
0.04890177529863337
0.0489012280571106
0.04890068137310917
0.048900135246563364
0.048899589677405986
0.048899044665567167
0.04889850021097526
0.04889795631355627
0.04889741297323429
0.048896870189931184
0.04889632796356662
0.048895786294058365
0.04889524518132189
0.048894704625270576
0.04889416462581587
0.04889362518286683
0.048893086296330525
0.04889254796611204
0.048892010192114296
0.048891472974237855
0.04889093631238159
0.04889040020644211
0.04888986465631372
0.04888932966188905
0.04888879522305823
0.04888826133970957
0.04888772801172927
0.04888719523900134
0.04888666302140782
0.04888613135882867
0.0488856002511417
0.048885069698222795
0.04888453969994571
0.04888401025618211
0.04888348136680165
0.04888295303167209
0.0488824252506588
0.048881898023625504
0.048881371350433654
0.04888084523094277
0.04888031966501035
0.04887979465249183
0.048879270193240766
0.048878746287108615
0.048878222933944775
0.04887770013359678
0.04887717788591018
0.04887665619072844
0.04887613504789319
0.04887561445724399
0.048875094418618446
0.048874574931852315
0.04887405599677935
0.048873537613231294
0.04887301978103801
0.04887250250002753
0.0488719857700259
0.04887146959085711
0.04887095396234363
0.04887043888430542
0.048869924356561165
0.04886941037892734
0.04886889695121864
0.048868384073247895
0.048867871744825986
0.04886735996576201
0.04886684873586333
0.04886633805493522
0.04886582792278124
0.04886531833920328
0.048864809304001146
0.048864300816973086
0.04886379287791537
0.04886328548662252
0.0488627786428873
0.048862272346500785
0.04886176659725207
0.048861261394928676
0.04886075673931631
0.04886025263019885
0.04885974906735865
0.04885924605057617
0.04885874357963011
0.048858241654297606
0.04885774027435408
0.048857239439573104
0.04885673914972676
0.04885623940458528
0.04885574020391737
0.04885524154748996
0.048854743435068466
0.04885424586641652
0.04885374884129625
0.04885325235946802
0.04885275642069066
0.04885226102472135
0.048851766171315786
0.048851271860227995
0.048850778091210315
0.04885028486401367
0.04884979217838729
0.048849300034079036
0.04884880843083499
0.048848317368399924
0.04884782684651684
0.04884733686492742
0.04884684742337177
0.04884635852158841
0.048845870159314526
0.04884538233628557
0.04884489505223583
0.04884440830689793
0.04884392210000294
0.04884343643128085
0.04884295130045977
0.048842466707266705
0.048841982651426946
0.04884149913266465
0.04884101615070241
0.04884053370526144
0.0488400517960616
0.04883957042282129
0.048839089585257636
0.0488386092830864
0.0488381295160218
0.04883765028377697
0.048837171586063606
0.048836693422591934
0.04883621579307109
0.04883573869720874
0.04883526213471132
0.048834786105283884
0.04883431060863036
0.04883383564445317
0.04883336121245375
0.048832887312331964
0.04883241394378666
0.048831941106515404
0.0488314688002144
0.04883099702457876
0.04883052577930232
0.048830055064077636
0.04882958487859626
0.04882911522254838
0.04882864609562299
0.04882817749750809
0.048827709427890276
0.04882724188645514
0.04882677487288698
0.048826308386869244
0.048825842428083875
0.048825376996211915
0.04882491209093323
0.048824447711926566
0.048823983858869574
0.048823520531438805
0.048823057729309755
0.04882259545215679
0.04882213369965321
0.04882167247147123
0.0488212117672822
0.04882075158675606
0.048820291929562165
0.04881983279536832
0.048819374183841795
0.04881891609464853
0.04881845852745348
0.0488180014819208
0.048817544957713496
0.04881708895449359
0.04881663347192214
0.04881617850965918
0.048815724067363966
0.04881527014469458
0.048814816741308255
0.04881436385686131
0.04881391149100913
0.04881345964340601
0.048813008313705566
0.048812557501560314
0.048812107206622
0.048811657428541384
0.048811208166968316
0.04881075942155204
0.04881031119194038
0.048809863477780706
0.04880941627871946
0.04880896959440222
0.048808523424473685
0.048808077768577644
0.04880763262635715
0.048807187997454426
0.0488067438815108
0.04880630027816687
0.048805857187062374
0.04880541460783628
0.04880497254012668
0.04880453098357108
0.048804089937806
0.04880364940246716
0.048803209377189655
0.04880276986160784
0.04880233085535524
0.04880189235806459
0.04880145436936782
0.04880101688889641
0.04880057991628088
0.04880014345115092
0.048799707493135946
0.04879927204186406
0.0487988370969633
0.04879840265806036
0.048797968724781766
0.048797535296753
0.04879710237359915
0.04879666995494445
0.04879623804041246
0.04879580662962616
0.04879537572220778
0.04879494531777901
0.04879451541596083
0.048794086016373535
0.048793657118636875
0.0487932287223699
0.04879280082719112
0.048792373432718285
0.04879194653856865
0.048791520144358905
0.048791094249705
0.0487906688542223
0.04879024395752579
0.04878981955922954
0.048789395658947375
0.04878897225629223
0.048788549350876696
0.04878812694231278
0.04878770503021171
0.04878728361418453
0.048786862693841394
0.04878644226879216
0.048786022338645936
0.04878560290301139
0.04878518396149672
0.04878476551370955
0.0487843475592569
0.048783930097745495
0.048783513128781375
0.04878309665196999
0.04878268066691655
0.04878226517322556
0.04878185017050113
0.048781435658346924
0.0487810216363659
0.048780608104160864
0.048780195061333895
0.04877978250748675
0.048779370442220596
0.04877895886513633
0.048778547775834166
0.0487781371739141
0.048777727058975394
0.04877731743061725
0.04877690828843808
0.048776499632036015
0.04877609146100878
0.04877568377495363
0.04877527657346742
0.048774869856146534
0.04877446362258713
0.048774057872384695
0.04877365260513449
0.04877324782043134
0.04877284351786966
0.04877243969704335
0.048772036357546206
0.04877163349897143
0.04877123112091187
0.04877082922296003
0.04877042780470803
0.04877002686574763
0.04876962640567025
0.04876922642406687
0.048768826920528224
0.04876842789464459
0.048768029346005874
0.04876763127420184
0.048767233678821666
0.048766836559454324
0.0487664399156884
0.0487660437471122
0.0487656480533136
0.04876525283388027
0.048764858088399574
0.0487644638164583
0.04876407001764332
0.048763676691540865
0.04876328383773694
0.048762891455817435
0.04876249954536763
0.04876210810597278
0.048761717137217574
0.04876132663868674
0.04876093660996449
0.048760547050634685
0.048760157960281124
0.04875976933848719
0.048759381184836026
0.04875899349891044
0.04875860628029309
0.04875821952856632
0.048757833243312086
0.04875744742411232
0.04875706207054839
0.048756677182201634
0.04875629275865324
0.04875590879948373
0.04875552530427385
0.04875514227260378
0.04875475970405361
0.04875437759820309
0.048753995954631854
0.04875361477291921
0.04875323405264423
0.04875285379338586
0.048752473994722705
0.04875209465623322
0.048751715777495555
0.04875133735808776
0.048750959397587605
0.04875058189557266
0.048750204851620314
0.0487498282653076
0.04874945213621155
0.0487490764639089
0.04874870124797617
0.04874832648798967
0.04874795218352568
0.04874757833416
0.04874720493946842
0.048746831999026664
0.048746459512409815
0.048746087479193456
0.0487457158989524
0.0487453447712616
0.048744974095695566
0.04874460387182894
0.048744234099235985
0.04874386477749089
0.04874349590616765
0.04874312748483998
0.04874275951308173
0.04874239199046621
0.048742024916566956
0.04874165829095702
0.04874129211320944
0.04874092638289713
0.04874056109959286
0.04874019626286914
0.04873983187229841
0.048739467927453
0.04873910442790497
0.048738741373226396
0.0487383787629892
0.048738016596765014
0.04873765487412548
0.04873729359464207
0.048736932757886126
0.0487365723634288
0.048736212410841244
0.04873585289969434
0.048735493829559044
0.04873513520000595
0.04873477701060567
0.0487344192609287
0.048734061950545436
0.04873370507902604
0.04873334864594074
0.0487329926508595
0.04873263709335222
0.048732281972988775
0.04873192728933878
0.04873157304197202
0.048731219230457735
0.04873086585436551
0.04873051291326461
0.04873016040672412
0.04872980833431334
0.04872945669560118
0.04872910549015657
0.04872875471754837
0.04872840437734532
0.04872805446911608
0.04872770499242919
0.048727355946853235
0.048727007331956514
0.048726659147307415
0.048726311392474235
0.04872596406702502
0.048725617170528
0.048725270702551116
0.0487249246626624
0.04872457905042966
0.04872423386542065
0.04872388910720323
0.04872354477534512
0.04872320086941381
0.04872285738897684
0.048722514333601745
0.04872217170285597
0.048721829496306865
0.048721487713521666
0.04872114635406766
0.04872080541751205
0.04872046490342207
0.048720124811364646
0.04871978514090695
0.04871944589161579
0.04871910706305831
0.04871876865480124
0.04871843066641152
0.04871809309745598
0.04871775594750124
0.04871741921611407
0.0487170829028612
0.04871674700730927
0.048716411529024756
0.04871607646757437
0.04871574182252449
0.04871540759344171
0.04871507377989246
0.048714740381443127
0.04871440739766024
0.04871407482810994
0.04871374267235884
0.04871341092997295
0.04871307960051876
0.04871274868356252
0.04871241817867042
0.04871208808540865
0.04871175840334341
0.048711429132041
0.048711100271067426
0.04871077181998886
0.04871044377837146
0.048710116145781315
0.048709788921784576
0.04870946210594727
0.048709135697835464
0.0487088096970153
0.048708484103052695
0.048708158915513756
0.04870783413396446
0.04870750975797105
0.048707185787099296
0.04870686222091538
0.04870653905898523
0.04870621630087495
0.048705893946150464
0.04870557199437786
0.04870525044512313
0.04870492929795227
0.04870460855243144
0.04870428820812653
0.04870396826460356
0.04870364872142869
0.04870332957816786
0.048703010834387196
0.048702692489652775
0.04870237454353062
0.04870205699558695
0.048701739845387754
0.04870142309249919
0.04870110673648736
0.04870079077691851
0.04870047521335873
0.04870016004537425
0.048699845272531274
0.04869953089439599
0.048699216910534644
0.04869890332051361
0.048698590123899085
0.04869827732025738
0.04869796490915489
0.048697652890158045
0.04869734126283306
0.04869703002674652
0.04869671918146488
0.04869640872655445
0.04869609866158198
0.04869578898611382
0.04869547969971671
0.04869517080195712
0.04869486229240175
0.04869455417061726
0.048694246436170506
0.04869393908862809
0.04869363212755682
0.048693325552523585
0.04869301936309526
0.048692713558838786
0.048692408139320964
0.04869210310410898
0.04869179845276973
0.048691494184870475
0.048691190299978176
0.04869088679766015
0.048690583677483495
0.04869028093901554
0.04868997858182364
0.0486896766054752
0.04868937500953757
0.048689073793578196
0.048688772957164714
0.04868847249986469
0.04868817242124569
0.04868787272087543
0.04868757339832169
0.048687274453152254
0.04868697588493503
0.048686677693237916
0.048686379877628846
0.04868608243767585
0.04868578537294718
0.04868548868301082
0.04868519236743513
0.048684896425788354
0.048684600857638864
0.048684305662555064
0.048684010840105395
0.0486837163898585
0.04868342231138295
0.048683128604247436
0.04868283526802085
0.04868254230227179
0.0486822497065693
0.04868195748048237
0.048681665623580034
0.048681374135431374
0.04868108301560562
0.04868079226367206
0.048680501879199985
0.04868021186175891
0.04867992221091825
0.04867963292624761
0.04867934400731667
0.04867905545369517
0.04867876726495294
0.04867847944065991
0.04867819198038598
0.04867790488370129
0.04867761815017605
0.04867733177938042
0.04867704577088466
0.04867676012425931
0.048676474839074835
0.048676189914901774
0.04867590535131083
0.048675621147872834
0.04867533730415857
0.04867505381973905
0.048674770694185236
0.048674487927068376
0.04867420551795951
0.048673923466430125
0.04867364177205169
0.04867336043439548
0.048673079453033403
0.04867279882753684
0.048672518557477944
0.04867223864242839
0.048671959081960224
0.048671679875645545
0.04867140102305664
0.048671122523765854
0.048670844377345444
0.04867056658336793
0.04867028914140604
0.04867001205103258
0.0486697353118202
0.04866945892334193
0.04866918288517084
0.04866890719687997
0.04866863185804268
0.048668356868232364
0.04866808222702255
0.04866780793398662
0.04866753398869852
0.048667260390731916
0.04866698713966084
0.04866671423505928
0.048666441676501526
0.048666169463561726
0.048665897595814266
0.04866562607283376
0.04866535489419478
0.04866508405947211
0.048664813568240546
0.04866454342007519
0.048664273614551126
0.04866400415124356
0.04866373502972784
0.04866346624957947
0.048663197810374065
0.04866292971168738
0.04866266195309509
0.048662394534173474
0.048662127454498424
0.048661860713646206
0.04866159431119333
0.04866132824671606
0.04866106251979115
0.04866079712999541
0.04866053207690562
0.04866026736009881
0.048660002979152205
0.048659738933643004
0.048659475223148715
0.04865921184724681
0.04865894880551494
0.048658686097531115
0.048658423722873066
0.048658161681119104
0.04865789997184727
0.048657638594636114
0.048657377549064074
0.04865711683470983
0.04865685645115213
0.04865659639796997
0.048656336674742486
0.04865607728104874
0.04865581821646822
0.04865555948058045
0.048655301072965146
0.04865504299320197
0.04865478524087103
0.04865452781555223
0.04865427071682602
0.048654013944272774
0.04865375749747293
0.04865350137600733
0.048653245579456716
0.04865299010740217
0.04865273495942479
0.04865248013510597
0.04865222563402714
0.048651971455769855
0.048651717599915996
0.048651464066047416
0.048651210853746185
0.048650957962594714
0.048650705392175225
0.048650453142070386
0.04865020121186287
0.048649949601135625
0.04864969830947163
0.04864944733645408
0.04864919668166644
0.04864894634469221
0.048648696325115044
0.04864844662251881
0.048648197236487514
0.04864794816660544
0.04864769941245693
0.04864745097362639
0.048647202849698666
0.04864695504025849
0.04864670754489105
0.048646460363181356
0.04864621349471495
0.048645966939077356
0.048645720695854114
0.048645474764631276
0.048645229144994945
0.04864498383653125
0.04864473883882664
0.04864449415146766
0.04864424977404118
0.04864400570613401
0.048643761947333296
0.04864351849722639
0.048643275355400736
0.04864303252144402
0.048642789994944015
0.048642547775488786
0.04864230586266653
0.048642064256065515
0.048641822955274416
0.048641581959881976
0.048641341269477015
0.04864110088364883
0.04864086080198651
0.04864062102407966
0.048640381549517935
0.04864014237789112
0.0486399035087894
0.04863966494180288
0.04863942667652206
0.048639188712537446
0.04863895104944001
0.04863871368682058
0.04863847662427047
0.04863823986138099
0.048638003397743726
0.04863776723295041
0.04863753136659305
0.048637295798263744
0.04863706052755495
0.0486368255540591
0.048636590877368976
0.048636356497077496
0.04863612241277794
0.048635888624063484
0.048635655130527665
0.048635421931764386
0.048635189027367354
0.0486349564169309
0.04863472410004929
0.04863449207631705
0.04863426034532901
0.04863402890668005
0.04863379775996531
0.04863356690478022
0.04863333634072026
0.048633106067381325
0.048632876084359324
0.04863264639125046
0.04863241698765111
0.04863218787315791
0.04863195904736763
0.04863173050987735
0.04863150226028431
0.04863127429818593
0.048631046623179845
0.04863081923486397
0.04863059213283639
0.04863036531669543
0.048630138786039494
0.0486299125404674
0.04862968657957817
0.04862946090297083
0.04862923551024479
0.04862901040099974
0.0486287855748354
0.04862856103135175
0.048628336770149216
0.048628112790828085
0.04862788909298921
0.04862766567623344
0.048627442540161825
0.04862721968437587
0.04862699710847705
0.048626774812067175
0.04862655279474841
0.04862633105612283
0.048626109595793
0.048625888413361705
0.04862566750843169
0.04862544688060619
0.048625226529488676
0.04862500645468274
0.04862478665579211
0.04862456713242087
0.04862434788417352
0.04862412891065437
0.04862391021146825
0.04862369178622024
0.04862347363451545
0.04862325575595939
0.04862303815015778
0.04862282081671655
0.048622603755241765
0.04862238696533996
0.04862217044661762
0.04862195419868178
0.048621738221139445
0.04862152251359798
0.04862130707566492
0.04862109190694812
0.048620877007055696
0.04862066237559584
0.04862044801217717
0.04862023391640842
0.048620020087898716
0.04861980652625714
0.0486195932310933
0.048619380202016955
0.04861916743863806
0.048618954940566936
0.048618742707413946
0.04861853073878984
0.048618319034305565
0.04861810759357243
0.04861789641620183
0.04861768550180555
0.04861747484999548
0.048617264460383766
0.04861705433258296
0.04861684446620579
0.048616634860865156
0.04861642551617426
0.04861621643174651
0.04861600760719574
0.048615799042135865
0.04861559073618098
0.04861538268894572
0.0486151749000447
0.04861496736909292
0.04861476009570562
0.048614553079498274
0.04861434632008657
0.04861413981708656
0.04861393357011451
0.04861372757878693
0.04861352184272055
0.048613316361532294
0.04861311113483961
0.04861290616226007
0.0486127014434113
0.04861249697791149
0.04861229276537889
0.04861208880543213
0.04861188509769006
0.04861168164177175
0.04861147843729665
0.04861127548388429
0.04861107278115457
0.048610870328727844
0.048610668126224284
0.04861046617326469
0.04861026446947006
0.04861006301446157
0.04860986180786073
0.04860966084928924
0.04860946013836921
0.04860925967472284
0.04860905945797278
0.048608859487741865
0.048608659763653174
0.04860846028533004
0.048608261052396025
0.04860806206447531
0.04860786332119178
0.048607664822170084
0.04860746656703486
0.048607268555411136
0.04860707078692418
0.04860687326119957
0.04860667597786308
0.04860647893654082
0.0486062821368592
0.04860608557844478
0.048605889260924566
0.048605693183925776
0.04860549734707572
0.04860530175000235
0.04860510639233358
0.04860491127369776
0.04860471639372346
0.04860452175203957
0.04860432734827525
0.0486041331820599
0.04860393925302324
0.048603745560795185
0.048603552105006075
0.04860335888528649
0.04860316590126725
0.04860297315257938
0.04860278063885435
0.04860258835972386
0.048602396314819836
0.048602204503774525
0.04860201292622047
0.04860182158179059
Eitim Tamamland
12 numaral adaki hata: %4,308
