1.0
0.10794422363615677
0.10653408573465518
0.10483369442950835
0.1025501061659322
0.09973594677664294
0.09665481107819728
0.09368844053860234
0.09112806128633366
0.0890611817024569
0.08742503184279551
0.08610861434311608
0.08501283918042735
0.08406677519917537
0.08322428977849229
0.08245647586909535
0.08174527647193637
0.08107919515384689
0.08045066451112523
0.07985449483951344
0.0792869685519973
0.07874530528745145
0.07822733714114921
0.07773130432601492
0.07725572220228444
0.07679929279193305
0.0763608456038979
0.07593929866769182
0.07553363384381047
0.07514288222080985
0.07476611647060244
0.07440244777380017
0.07405102550422979
0.07371103833917574
0.07338171586115147
0.07306233004430088
0.07275219627642533
0.07245067375987743
0.07215716526773445
0.07187111631493091
0.071592013848104
0.07131938457363078
0.07105279304051877
0.07079183958142556
0.07053615819696539
0.07028541444946901
0.0700393034146858
0.06979754772455074
0.06955989572134032
0.06932611973313167
0.0690960144721562
0.0688693955510671
0.06864609810708287
0.068425975520262
0.06820889820974371
0.06799475249062668
0.06778343947426126
0.06757487399606278
0.06736898355745902
0.06716570727211714
0.0669649948109477
0.06676680534527193
0.06657110649262073
0.06637787327452457
0.06618708709996157
0.06599873479147166
0.06581280767297829
0.06562930073881192
0.06544821192211914
0.06526954147768345
0.06509329148922695
0.06491946550468143
0.06474806829504151
0.06457910572372418
0.06441258470451333
0.06424851321797055
0.06408690034958482
0.06392775630892347
0.06377109238859481
0.06361692082569628
0.0634652545369672
0.06331610671181682
0.06316949026376728
0.06302541715880719
0.06288389765629185
0.06274493951166334
0.06260854719802592
0.06247472120399802
0.06234345745807099
0.06221474691618378
0.06208857533180293
0.061964923209506965
0.06184376592682749
0.061725073997038346
0.06160881343872726
0.06149494621621669
0.06138343071723521
0.06127422223927703
0.061167273462399134
0.061062534892645876
0.06095995526610792
0.060859481908444646
0.06076106104845006
0.06066463808699518
0.060570157824599125
0.060477564652121785
0.06038680270977283
0.06029781601990881
0.06021054859903255
0.060124944554092265
0.06004094816767378
0.05995850397605339
0.05987755684338256
0.05979805203457016
0.059719935288740866
0.05964315289452349
0.05956765176786715
0.05949337953261875
0.05942028460371399
0.05934831627254251
0.05927742479382963
0.05920756147323129
0.0591386787547461
0.05907073030700661
0.05900367110750496
0.05893745752383003
0.05887204739104057
0.058807400084355935
0.05874347658642256
0.058680239548493
0.05861765334494485
0.05855568412065735
0.05849429983086066
0.05843347027316834
0.05837316711160514
0.05831336389253563
0.05825403605249754
0.05819516091803524
0.05813671769771253
0.05807868746656707
0.058021053143332765
0.0579637994608216
0.05790691292989858
0.05785038179751897
0.05779419599931817
0.05773834710724938
0.05768282827275921
0.05762763416597454
0.05757276091134283
0.05751820602013792
0.057463968320196804
0.057410047883214924
0.05735644594988048
0.05730316485309161
0.05725020793946286
0.057197579489302104
0.057145284635220873
0.057093329279532104
0.05704172001059341
0.056990464018266955
0.056939569008690356
0.05688904311858447
0.0568388948293629
0.05678913288135298
0.056739766188480534
0.05669080375381975
0.05664225458644919
0.05659412762009545
0.056546431634073316
0.05649917517705109
0.05645236649418162
0.056406013458133376
0.05636012350453998
0.056314703572358654
0.05626976004958418
0.056225298724714566
0.0561813247442952
0.05613784257680392
0.0560948559830537
0.056052367993210894
0.05601038089044105
0.055968896201109376
0.0559279146913836
0.05588743637000517
0.05584746049693011
0.05580798559747234
0.055769009481531545
0.05573052926744386
0.05569254140995634
0.05565504173180764
0.05561802545837955
0.055581487254883856
0.05554542126555169
0.05550982115430882
0.05547468014643868
0.05543999107076422
0.05540574640191005
0.05537193830224229
0.0553385586631236
0.05530559914515917
0.0552730512171522
0.05524090619352803
0.055209155270026115
0.055177789557498504
0.05514680011369025
0.05511617797291175
0.05508591417354547
0.055055999783358046
0.05502642592261634
0.054997183785026986
0.054968264656542004
0.0549396599320886
0.05491136113029522
0.0548833599063021
0.054855648062746
0.05482821755902585
0.05480106051895305
0.05477416923689758
0.0547475361825406
0.054721154004347614
0.05469501553186974
0.05466911377698399
0.054643441934175925
0.05461799337996705
0.05459276167158356
0.05456774054495698
0.05454292391214533
0.0545183058582533
0.05449388063792856
0.05446964267150221
0.054445586540837455
0.054421706984945285
0.054397998895418555
0.05437445731173189
0.054351077416450545
0.05432785453038362
0.05430478410771621
0.05428186173114733
0.054259083107058764
0.05423644406073533
0.05421394053165388
0.054191568568855174
0.054169324326409696
0.054147204058987215
0.05412520411753617
0.05410332094507703
0.05408155107261414
0.054059891115166014
0.054038337767916104
0.05401688780248083
0.053995538063295705
0.0539742854641157
0.05395312698462699
0.05393205966716802
0.053911080613552986
0.05389018698199828
0.05386937598414368
0.05384864488216641
0.053827990985983204
0.053807411650536506
0.05378690427315997
0.05376646629102039
0.05374609517863136
0.0537257884454355
0.053705543633451244
0.05368535831498165
0.05366523009038083
0.05364515658587662
0.053625135451445136
0.05360516435873578
0.053585240999043306
0.05356536308132589
0.0535455283302656
0.05352573448437092
0.05350597929411818
0.05348626052013163
0.05346657593139962
0.05344692330352614
0.05342730041701693
0.05340770505559839
0.0533881350045689
0.053368588049182285
0.05334906197306168
0.05332955455664462
0.05331006357565785
0.05329058679962247
0.05327112199038831
0.0532516669006988
0.05323221927278412
0.053212776836984776
0.05319333731040415
0.05317389839559048
0.05315445777924817
0.0531350131309788
0.05311556210205081
0.05309610232419843
0.053076631408450106
0.053057146943984716
0.05303764649701653
0.05301812760970779
0.05299858779910871
0.05297902455612388
0.05295943534450409
0.05293981759986317
0.05292016872871869
0.05290048610755419
0.05288076708190355
0.052861008965454155
0.052841209039167586
0.05282136455041771
0.052801472712141605
0.0527815307020035
0.05276153566156835
0.05274148469548377
0.05272137487066691
0.05270120321549517
0.05268096671899719
0.052660662330042435
0.052640286956526096
0.05261983746454772
0.052599310677579524
0.05257870337562354
0.05255801229435298
0.0525372341242368
0.05251636550964387
0.052495403047924064
0.05247434328846369
0.05245318273171276
0.052431917828180324
0.05241054497739615
0.05238906052683447
0.05236746077079823
0.052345741949258846
0.052323900246649666
0.05230193179060896
0.05227983265066888
0.05225759883688651
0.05223522629841316
0.052212710921997287
0.052190048530418115
0.05216723488084263
0.05214426566310476
0.0521211364978986
0.0520978429348832
0.05207438045069246
0.0520507444468453
0.05202693024755107
0.052002933097403996
0.05197874815896204
0.05195437051020225
0.05192979514184698
0.051905016954551825
0.05188003075594567
0.05185483125751048
0.05182941307128389
0.05180377070636519
0.05177789856519735
0.051751790939590495
0.05172544200644219
0.05169884582310014
0.051671996322295605
0.05164488730656384
0.05161751244204962
0.051589865251576474
0.05156193910684424
0.0515337272196015
0.05150522263162864
0.051476418203363516
0.051447306601004154
0.05141788028194341
0.05138813147842422
0.051358052179359244
0.05132763411034344
0.051296868711993654
0.051265747116894037
0.051234260125596606
0.05120239818233097
0.05117015135131166
0.0511375092947837
0.05110446125421845
0.05107099603634151
0.051037102005932075
0.05100276708756378
0.05096797877863438
0.05093272417614542
0.05089699001971418
0.05086076275322072
0.050824028607282315
0.05078677370441562
0.05074898418826189
0.05071064637763766
0.050671746945418726
0.05063227312139971
0.050592212917309684
0.05055155537114153
0.050510290806910066
0.05046841110493517
0.0504259099768045
0.05038278323836108
0.05033902907343846
0.05029464828068151
0.05024964449568541
0.050204024380899
0.050157797776279385
0.05011097780456033
0.0500635809261806
0.05001562694037236
0.049967138930573037
0.049918143154114886
0.049868668877982275
0.04981874816420752
0.04976841561011176
0.04971770805000074
0.049666664226030756
0.049615324436711225
0.04956373017189043
0.04951192374306791
0.049459947917521924
0.04940784556406918
0.04935565931734707
0.04930343126639468
0.04925120267207811
0.04919901371663069
0.04914690328732399
0.049094908795107084
0.04904306602799149
0.04899140903804931
0.04893997006014944
0.048888779459984905
0.048837865708548034
0.04878725537996112
0.04873697316946927
0.048687041928417295
0.048637482713141354
0.0485883148448907
0.04853955597813553
0.04849122217488299
0.04844332798291522
0.04839588651615288
0.04834890953563317
0.048302407529858975
0.04825638979352603
0.04821086450385645
0.04816583879396639
0.04812131882286536
0.04807730984183019
0.048033816257015687
0.04799084168826423
0.04794838902415063
0.04790646047336074
0.04786505761254461
0.04782418143081594
0.04778383237109031
0.04774401036846411
0.04770471488584094
0.04766594494701073
0.04762769916737943
0.047589975782540234
0.047552772674865434
0.04751608739828563
0.0474799172014114
0.04744425904913871
0.047409109642867354
0.04737446543944976
0.04734032266897577
0.04730667735148835
0.04727352531271652
0.047240862198901945
0.0472086834907875
0.047176984516830646
0.047145760465696386
0.04711500639808019
0.04708471725790461
0.04705488788293299
0.047025513014833466
0.04699658730872954
0.046968105342266586
0.04694006162422229
0.046912450602686465
0.046885266672834325
0.04685850418431391
0.046832157448268505
0.046806220744012715
0.04678068832537826
0.046755554426746594
0.046730813268782846
0.04670645906388444
0.046682486021358244
0.04665888835233692
0.04663566027444707
0.046612796016238835
0.04659028982138648
0.046568135952670495
0.04654632869574786
0.04652486236272063
0.04650373129550864
0.04648292986903502
0.04646245249422993
0.046442293620859935
0.04642244774018909
0.04640290938747669
0.04638367314431818
0.04636473364083405
0.04634608555771199
0.04632772362810715
0.04630964263940519
0.04629183743485341
0.04627430291506284
0.04625703403938777
0.04624002582718521
0.04622327335895957
0.04620677177739583
0.04619051628828604
0.046174502161352236
0.04615872473097031
0.04614317939679831
0.04612786162431298
0.04611276694525807
0.04609789095800834
0.04608322932785284
0.04606877778720037
0.0460545321357114
0.04604048824035906
0.04602664203542349
0.046012989522421326
0.04599952676997538
0.04598624991362612
0.04597315515558835
0.0459602387644572
0.04594749707486436
0.04593492648708941
0.045922523466627195
0.04591028454371588
0.04589820631282647
0.04588628543211706
0.04587451862285542
0.045862902668809706
0.04585143441561237
0.045840110770097614
0.04582892869961501
0.045817885231322374
0.04580697745145776
0.04579620250459482
0.04578555759288164
0.04577503997526543
0.045764646966705076
0.04575437593737258
0.045744224311844994
0.04573418956828871
0.04572426923763726
0.0457144609027637
0.045704762197648845
0.04569517080654741
0.04568568446315169
0.045676300949755236
0.045667018096416365
0.04565783378012356
0.045648745923962425
0.04563975249628632
0.04563085150988998
0.045622041021188386
0.04561331912940043
0.04560468397573814
0.045596133742602636
0.04558766665278693
0.04557928096868594
0.045570974991514274
0.04556274706053249
0.04555459555228167
0.045546518879827455
0.04553851549201262
0.04553058387271967
0.04552272254014326
0.04551493004607225
0.04550720497518231
0.04549954594433859
0.0454919516019091
0.04548442062708863
0.04547695172923337
0.045469543647206304
0.04546219514873348
0.04545490502977115
0.045447672113883834
0.04544049525163342
0.045433373319978876
0.04542630522168709
0.04541928988475473
0.045412326261840455
0.04540541332970821
0.04539855008868135
0.0453917355621069
0.04538496879583083
0.04537824885768364
0.0453715748369761
0.04536494584400553
0.04535836100957204
0.04535181948450472
0.045345320439197916
0.04533886306315734
0.04533244656455524
0.04532607016979605
0.04531973312309054
0.045313434686039517
0.04530717413722699
0.045300950771821405
0.04529476390118677
0.04528861285250149
0.0452824969683864
0.045276415606540624
0.04527036813938616
0.045264353953720256
0.04525837245037565
0.04525242304388878
0.04524650516217557
0.0452406182462146
0.04523476174973768
0.04522893513892779
0.045223137892123726
0.045217369499532055
0.04521162946294521
0.04520591729546726
0.045200232521244874
0.045194574675205754
0.045188943302802646
0.045183337959763765
0.045177758211848704
0.04517220363461083
0.04516667381316484
0.04516116834196006
0.04515568682455933
0.04515022887342302
0.045144794109698023
0.04513938216301265
0.04513399267127543
0.045128625280479534
0.04512327964451161
0.0451179554249654
0.04511265229095952
0.045107369918960215
0.045102107992608095
0.045096866202548824
0.04509164424626847
0.04508644182793268
0.04508125865822922
0.04507609445421525
0.04507094893916784
0.045065821842437785
0.045060712899307596
0.04505562185085277
0.045050548443806224
0.04504549243042606
0.04504045356836691
0.04503543162055387
0.04503042635505987
0.04502543754498603
0.04502046496834466
0.0450155084079453
0.04501056765128346
0.04500564249043225
0.04500073272193619
0.04499583814670807
0.04499095856992793
0.044986093800944885
0.044981243653180944
0.04497640794403718
0.04497158649480266
0.04496677913056471
0.04496198568012226
0.04495720597590063
0.044952439853868424
0.04494768715345696
0.04494294771748093
0.044938221392061384
0.044933508026550315
0.04492880747345739
0.04492411958837823
0.04491944422992401
0.04491478125965352
0.04491013054200625
0.044905491944237416
0.04490086533635408
0.04489625059105321
0.04489164758366128
0.04488705619207467
0.04488247629670224
0.04487790778040867
0.044873350528459546
0.04486880442846727
0.04486426937033904
0.04485974524622491
0.044855231950468186
0.044850729379556364
0.04484623743207314
0.0448417560086519
0.04483728501193026
0.04483282434650531
0.04482837391889017
0.044823933637471655
0.044819503412468625
0.04481508315589145
0.0448106727815026
0.04480627220477755
0.044801881342867424
0.04479750011456195
0.04479312844025307
0.04478876624190006
0.044784413442995025
0.04478006996852902
0.04477573574495944
0.044771410700177615
0.0447670947634777
0.04476278786552576
0.04475848993832979
0.04475420091521055
0.04474992073077282
0.04474564932087728
0.04474138662261359
0.04473713257427301
0.04473288711532274
0.044728650186380225
0.0447244217291881
0.0447202016865899
0.044715990002506
0.04471178662191059
0.04470759149080863
0.04470340455621354
0.04469922576612552
0.04469505506951028
0.04469089241627796
0.04468673775726299
0.04468259104420423
0.04467845222972516
0.04467432126731514
0.04467019811131065
0.04466608271687724
0.04466197503999155
0.04465787503742384
0.04465378266672149
0.04464969788619151
0.04464562065488502
0.04464155093258095
0.044637488679770625
0.0446334338576423
0.04462938642806665
0.04462534635358194
0.04462131359737987
0.044617288123291486
0.04461326989577404
0.044609258879897064
0.0446052550413297
0.044601258346327936
0.04459726876172191
0.04459328625490418
0.04458931079381724
0.044585342346942294
0.0445813808832876
0.04457742637237749
0.044573478784241186
0.04456953808940257
0.04456560425886914
0.044561677264122475
0.04455775707710758
0.044553843670223664
0.04454993701631417
0.044546037088657675
0.04454214386095859
0.0445382573073383
0.044534377402326374
0.04453050412085201
0.04452663743823561
0.04452277733018064
0.044518923772765506
0.04451507674243593
0.04451123621599699
0.04450740217060573
0.04450357458376402
0.04449975343331079
0.0444959386974157
0.04449213035457185
0.0444883283835891
0.044484532763587485
0.044480743473990836
0.04447696049452037
0.04447318380518868
0.04446941338629348
0.044465649218411875
0.04446189128239454
0.04445813955935994
0.04445439403068899
0.04445065467801958
0.04444692148324112
0.04444319442848957
0.04443947349614224
0.04443575866881279
0.044432049929346656
0.0444283472608158
0.04442465064651455
0.04442096006995473
0.04441727551486127
0.04441359696516806
0.044409924405013325
0.04440625781873563
0.044402597190869954
0.04439894250614338
0.04439529374947132
0.04439165090595394
0.04438801396087175
0.04438438289968262
0.044380757708017964
0.044377138371678934
0.04437352487663345
0.044369917209012406
0.04436631535510675
0.044362719301363915
0.04435912903438487
0.04435554454092113
0.0443519658078713
0.044348392822278496
0.04434482557132743
0.04434126404234139
0.04433770822277944
0.04433415810023404
0.044330613662427916
0.04432707489721177
0.044323541792561635
0.04432001433657636
0.04431649251747516
0.04431297632359523
0.04430946574338943
0.04430596076542386
0.04430246137837576
0.04429896757103126
0.044295479332283214
0.04429199665112891
0.04428851951666844
0.0442850479181022
0.04428158184472914
0.044278121285944744
0.044274666231239254
0.04427121667019568
0.04426777259248791
0.044264333987879115
0.04426090084621987
0.044257473157446305
0.04425405091157888
0.0442506340987201
0.04424722270905343
0.04424381673284143
0.04424041616042426
0.04423702098221825
0.044233631188714345
0.04423024677047644
0.04422686771814043
0.04422349402241242
0.04422012567406738
0.04421676266394801
0.04421340498296321
0.044210052622086896
0.044206705572356765
0.04420336382487279
0.044200027370796445
0.04419669620134914
0.04419337030781121
0.04419004968152083
0.044186734313872635
0.04418342419631691
0.04418011932035831
0.044176819677554935
0.04417352525951725
0.044170236057906924
0.04416695206443603
0.044163673270866066
0.04416039966900679
0.044157131250715506
0.04415386800789592
0.044150609932497406
0.04414735701651414
0.04414410925198403
0.04414086663098806
0.044137629145649365
0.044134396788132364
0.04413116955064202
0.044127947425423156
0.044124730404759296
0.04412151848097236
0.0441183116464217
0.044115109893503285
0.044111913214649134
0.04410872160232648
0.04410553504903735
0.04410235354731738
0.044099177089735736
0.04409600566889394
0.044092839277425584
0.04408967790799554
0.044086521553299396
0.044083370206062636
0.0440802238590405
0.044077082505017025
0.04407394613680448
0.044070814747242865
0.04406768832919959
0.0440645668755685
0.04406145037926972
0.0440583388332488
0.04405523223047655
0.044052130563948175
0.04404903382668297
0.04404594201172406
0.044042855112137375
0.04403977312101157
0.04403669603145756
0.04403362383660782
0.04403055652961626
0.044027494103657513
0.04402443655192665
0.04402138386763868
0.04401833604402824
0.04401529307434908
0.044012254951873664
0.04400922166989294
0.04400619322171569
0.04400316960066835
0.044000150800094645
0.043997136813355125
0.04399412763382668
0.0439911232549025
0.04398812366999163
0.043985128872518306
0.04398213885592224
0.04397915361365762
0.04397617313919322
0.04397319742601204
0.04397022646761074
0.0439672602574997
0.04396429878920245
0.04396134205625539
0.04395839005220771
0.04395544277062071
0.04395250020506804
0.043949562349134996
0.04394662919641845
0.04394370074052653
0.04394077697507834
0.04393785789370386
0.043934943490043336
0.04393203375774741
0.04392912869047689
0.04392622828190194
0.043923332525702595
0.04392044141556813
0.043917554945196786
0.043914673108295714
0.043911795898580845
0.04390892330977628
0.04390605533561438
0.043903191969835775
0.043900333206188566
0.0438974790384287
0.043894629460319357
0.043891784465631044
0.043888944048141317
0.04388610820163432
0.04388327691990134
0.04388045019673971
0.043877628025953214
0.043874810401351876
0.04387199731675157
0.04386918876597407
0.04386638474284664
0.04386358524120221
0.04386079025487885
0.04385799977772004
0.04385521380357406
0.043852432326294266
0.04384965533973855
0.04384688283776956
0.04384411481425433
0.04384135126306417
0.04383859217807462
0.0438358375531653
0.043833087382219825
0.0438303416591254
0.04382760037777308
0.04382486353205746
0.043822131115876475
0.0438194031231315
0.04381667954772713
0.043813960383570924
0.043811245624573635
0.04380853526464865
0.043805829297712415
0.04380312771768392
0.04380043051848462
0.043797737694038705
0.04379504923827261
0.04379236514511508
0.04378968540849711
0.04378701002235178
0.04378433898061417
0.043781672277221476
0.04377900990611255
0.043776351861228115
0.04377369813651062
0.043771048725904156
0.043768403623354345
0.0437657628228083
0.043763126318214544
0.04376049410352291
0.04375786617268458
0.04375524251965182
0.043752623138378265
0.04375000802281843
0.043747397166927965
0.043744790564663384
0.04374218820998221
0.04373959009684278
0.04373699621920417
0.04373440657102639
0.043731821146269896
0.04372923993889596
0.04372666294286641
0.0437240901521436
0.043721521560690514
0.043718957162470415
0.043716396951447155
0.043713840921584785
0.043711289066847916
0.04370874138120133
0.04370619785861012
0.04370365849303971
0.04370112327845551
0.043698592208823134
0.04369606527810871
0.04369354248027805
0.04369102380929718
0.04368850925913231
0.043685998823749475
0.043683492497114916
0.043680990273194754
0.043678492145955046
0.04367599810936188
0.04367350815738129
0.04367102228397899
0.0436685404831209
0.04366606274877267
0.04366358907489971
0.04366111945546744
0.043658653884441075
0.04365619235578556
0.04365373486346574
0.04365128140144619
0.0436488319636914
0.043646386544165576
0.043643945136832674
0.0436415077356564
0.04363907433460031
0.0436366449276278
0.0436342195087018
0.04363179807178516
0.04362938061084052
0.04362696711983013
0.04362455759271628
0.04362215202346061
0.04361975040602501
0.04361735273437076
0.043614959002459125
0.04361256920425099
0.04361018333370731
0.043607801384788536
0.04360542335145509
0.04360304922766714
0.043600679007384756
0.04359831268456779
0.04359595025317591
0.04359359170716873
0.043591237040505645
0.04358888624714598
0.04358653932104901
0.04358419625617372
0.043581857046479336
0.04357952168592481
0.04357719016846907
0.04357486248807113
0.04357253863868985
0.043570218614284346
0.04356790240881345
0.04356559001623634
0.04356328143051211
0.0435609766456
0.0435586756554594
0.04355637845404977
0.0435540850353308
0.043551795393262295
0.04354950952180443
0.043547227414917525
0.043544949066562026
0.043542674470698886
0.04354040362128934
0.04353813651229486
0.04353587313767737
0.04353361349139922
0.04353135756742308
0.04352910535971218
0.043526856862230234
0.043524612068941294
0.04352237097381031
0.04352013357080246
0.04351789985388371
0.043515669817020694
0.04351344345418056
0.04351122075933126
0.04350900172644157
0.043506786349480825
0.04350457462241936
0.04350236653922836
0.04350016209387964
0.043497961280346116
0.04349576409260166
0.04349357052462098
0.04349138057038002
0.04348919422385565
0.04348701147902567
0.043484832329869216
0.043482656770366564
0.04348048479449909
0.04347831639624948
0.0434761515696017
0.043473990308540926
0.04347183260705382
0.04346967845912826
0.04346752785875386
0.04346538079992128
0.04346323727662299
0.043461097282852926
0.04345896081260657
0.043456827859881114
0.04345469841867523
0.04345257248298957
0.04345045004682632
0.04344833110418948
0.04344621564908502
0.04344410367552057
0.04344199517750584
0.04343989014905246
0.04343778858417398
0.04343569047688599
0.04343359582120632
0.043431504611154734
0.04342941684075322
0.04342733250402599
0.0434252515949995
0.04342317410770256
0.04342110003616612
0.04341902937442371
0.0434169621165112
0.04341489825646698
0.04341283778833177
0.04341078070614909
0.043408727003964934
0.043406676675827836
0.04340462971578916
0.043402586117902944
0.043400545876226
0.04339850898481791
0.04339647543774119
0.043394445229061135
0.0433924183528462
0.043390394803167545
0.043388374574099574
0.04338635765971973
0.04338434405410846
0.04338233375134952
0.04338032674552982
0.04337832303073946
0.04337632260107195
0.04337432545062409
0.04337233157349599
0.04337034096379132
0.04336835361561714
0.04336636952308403
0.04336438868030616
0.043362411081401216
0.04336043672049073
0.04335846559169975
0.04335649768915705
0.04335453300699533
0.04335257153935099
0.04335061328036433
0.04334865822417964
0.04334670636494494
0.04334475769681248
0.043342812213938514
0.04334086991048322
0.04333893078061114
0.0433369948184908
0.04333506201829498
0.043333132374200826
0.04333120588038962
0.043329282531047
0.0433273623203632
0.043325445242532644
0.04332353129175445
0.04332162046223194
0.04331971274817315
0.04331780814379088
0.04331590664330237
0.04331400824092949
0.043312112930899045
0.043310220707442434
0.04330833156479589
0.04330644549720057
0.04330456249890245
0.04330268256415242
0.043300805687206415
0.04329893186232526
0.043297061083775006
0.04329519334582662
0.04329332864275629
0.043291466968845366
0.04328960831838045
0.04328775268565328
0.04328590006496101
0.04328405045060598
0.04328220383689617
0.04328036021814458
0.04327851958866999
0.043276681942796574
0.043274847274853916
0.04327301557917723
0.04327118685010739
0.04326936108199087
0.04326753826917985
0.04326571840603216
0.0432639014869114
0.043262087506187014
0.04326027645823417
0.04325846833743409
0.04325666313817366
0.04325486085484579
0.04325306148184952
0.043251265013589626
0.04324947144447718
0.04324768076892909
0.04324589298136862
0.043244108076224974
0.043242326047933724
0.0432405468909365
0.043238770599681356
0.04323699716862246
0.04323522659222039
0.04323345886494208
0.04323169398126085
0.043229931935656496
0.043228172722615074
0.04322641633662942
0.04322466277219861
0.04322291202382849
0.04322116408603135
0.04321941895332614
0.0432176766202385
0.04321593708130073
0.04321420033105179
0.04321246636403747
0.043210735174810194
0.04320900675792942
0.04320728110796123
0.04320555821947861
0.04320383808706154
0.04320212070529678
0.043200406068778154
0.0431986941721065
0.04319698500988947
0.043195278576741956
0.0431935748672858
0.04319187387615004
0.04319017559797069
0.04318848002739107
0.04318678715906156
0.04318509698763977
0.04318340950779065
0.04318172471418622
0.043180042601505916
0.04317836316443646
0.04317668639767192
0.04317501229591354
0.04317334085387027
0.04317167206625821
0.043170005927801076
0.04316834243322987
0.04316668157728316
0.0431650233547071
0.043163367760255186
0.04316171478868875
0.0431600644347763
0.043158416693294295
0.0431567715590267
0.04315512902676511
0.043153489091308755
0.04315185174746457
0.04315021699004727
0.043148584813879176
0.04314695521379049
0.04314532818461912
0.043143703721210715
0.043142081818418776
0.043140462471104805
0.04313884567413781
0.04313723142239496
0.043135619710761214
0.04313401053412945
0.04313240388740042
0.043130799765482855
0.04312919816329352
0.04312759907575702
0.043126002497806154
0.04312440842438151
0.0431228168504319
0.04312122777091408
0.04311964118079291
0.04311805707504132
0.04311647544864031
0.043114896296579094
0.0431133196138549
0.043111745395473196
0.04311017363644745
0.04310860433179955
0.04310703747655938
0.043105473065765135
0.04310391109446312
0.043102351557707974
0.04310079445056256
0.043099239768097986
0.04309768750539345
0.04309613765753685
0.04309459021962399
0.04309304518675918
0.04309150255405501
0.043089962316632285
0.043088424469620336
0.04308688900815684
0.04308535592738764
0.04308382522246709
0.04308229688855805
0.04308077092083147
0.04307924731446702
0.043077726064652586
0.04307620716658457
0.04307469061546768
0.04307317640651535
0.04307166453494916
0.043070154995999324
0.043068647784904455
0.04306714289691169
0.043065640327276625
0.04306414007126327
0.04306264212414425
0.04306114648120071
0.043059653137722274
0.04305816208900697
0.04305667333036157
0.04305518685710127
0.04305370266454967
0.04305222074803916
0.04305074110291046
0.04304926372451308
0.043047788608204865
0.043046315749352394
0.04304484514333068
0.04304337678552342
0.04304191067132284
0.04304044679612972
0.0430389851553535
0.04303752574441218
0.0430360685587322
0.04303461359374903
0.04303316084490617
0.0430317103076561
0.043030261977459926
0.04302881584978702
0.04302737192011576
0.043025930183932894
0.04302449063673386
0.0430230532740227
0.04302161809131209
0.043020185084123204
0.04301875424798605
0.04301732557843912
0.043015899071029456
0.04301447472131286
0.043013052524853705
0.043011632477224976
0.043010214574008235
0.043008798810793746
0.04300738518318029
0.04300597368677537
0.043004564317195
0.0430031570700639
0.0430017519410154
0.04300034892569133
0.04299894801974213
0.042997549218827105
0.042996152518613925
0.04299475791477876
0.0429933654030068
0.04299197497899131
0.042990586638434546
0.04298920037704722
0.04298781619054858
0.042986434074666555
0.04298505402513755
0.04298367603770668
0.04298230010812749
0.042980926232162216
0.04297955440558158
0.04297818462416489
0.04297681688370006
0.042975451179983415
0.04297408750882003
0.0429727258660233
0.04297136624741543
0.04297000864882681
0.04296865306609665
0.042967299495072574
0.042965947931610675
0.042964598371575624
0.042963250810840646
0.042961905245287216
0.04296056167080558
0.04295922008329435
0.04295788047866061
0.04295654285281992
0.04295520720169636
0.04295387352122229
0.04295254180733882
0.0429512120559952
0.042949884263149274
0.04294855842476727
0.04294723453682388
0.04294591259530218
0.042944592596193557
0.04294327453549793
0.04294195840922349
0.04294064421338699
0.04293933194401338
0.04293802159713601
0.04293671316879656
0.04293540665504511
0.04293410205194011
0.0429327993555482
0.04293149856194447
0.04293019966721219
0.04292890266744311
0.042927607558737035
0.04292631433720223
0.042925022998955224
0.042923733540120676
0.04292244595683158
0.04292116024522919
0.04291987640146293
0.042918594421690465
0.04291731430207772
0.04291603603879867
0.04291475962803574
0.04291348506597916
0.04291221234882773
0.04291094147278808
0.04290967243407522
0.04290840522891204
0.042907139853529834
0.042905876304167784
0.04290461457707332
0.04290335466850185
0.04290209657471697
0.042900840291990136
0.04289958581660116
0.04289833314483761
0.042897082272995254
0.04289583319737786
0.0428945859142971
0.042893340420072805
0.04289209671103255
0.04289085478351219
0.0428896146338552
0.04288837625841331
0.04288713965354596
0.04288590481562057
0.04288467174101254
0.04288344042610515
0.0428822108672894
0.042880983060964314
0.042879757003536856
0.04287853269142157
0.042877310121041026
0.042876089288825595
0.0428748701912134
0.04287365282465033
0.042872437185590154
0.042871223270494294
0.04287001107583203
0.04286880059808028
0.042867591833723746
0.04286638477925487
0.042865179431173704
0.042863975785988016
0.04286277384021329
0.0428615735903726
0.04286037503299675
0.042859178164624
0.04285798298180046
0.04285678948107974
0.04285559765902294
0.04285440751219882
0.04285321903718373
0.042852032230561575
0.042850847088923644
0.04284966360886892
0.04284848178700382
0.04284730161994221
0.04284612310430552
0.04284494623672249
0.04284377101382945
0.0428425974322702
0.042841425488695795
0.04284025517976476
0.042839086502143
0.04283791945250397
0.04283675402752813
0.042835590223903604
0.042834428038325705
0.04283326746749706
0.04283210850812764
0.04283095115693476
0.04282979541064284
0.04282864126598367
0.04282748871969625
0.04282633776852697
0.04282518840922909
0.042824040638563356
0.042822894453297636
0.04282174985020692
0.042820606826073394
0.04281946537768627
0.04281832550184218
0.04281718719534446
0.042816050455003855
0.04281491527763811
0.042813781660071965
0.042812649599137276
0.042811519091672905
0.04281039013452474
0.042809262724545716
0.04280813685859573
0.042807012533541605
0.04280588974625723
0.04280476849362341
0.042803648772527764
0.042802530579865036
0.04280141391253667
0.04280029876745109
0.04279918514152368
0.04279807303167646
0.04279696243483854
0.04279585334794566
0.042794745767940526
0.04279363969177255
0.042792535116397905
0.04279143203877955
0.04279033045588731
0.042789230364697665
0.042788131762193704
0.04278703464536545
0.042785939011209445
0.04278484485672894
0.04278375217893387
0.042782660974840965
0.04278157124147323
0.04278048297586064
0.042779396175039654
0.04277831083605325
0.04277722695595112
0.042776144531789295
0.042775063560630565
0.042773984039544244
0.042772905965605984
0.04277182933589809
0.042770754147509284
0.04276968039753483
0.04276860808307634
0.04276753720124196
0.0427664677491462
0.04276539972391007
0.04276433312266079
0.04276326794253227
0.04276220418066451
0.04276114183420391
0.04276008090030337
0.04275902137612196
0.0427579632588251
0.04275690654558443
0.04275585123357805
0.04275479731999019
0.04275374480201139
0.04275269367683841
0.04275164394167414
0.042750595593727764
0.042749548630214754
0.04274850304835664
0.042747458845381066
0.042746416018521936
0.042745374565019326
0.04274433448211924
0.04274329576707396
0.042742258417141854
0.042741222429587264
0.042740187801680644
0.04273915453069858
0.04273812261392361
0.04273709204864426
0.0427360628321552
0.0427350349617569
0.042734008434755985
0.042732983248464966
0.04273195940020225
0.042730936887292396
0.04272991570706558
0.042728895856858184
0.042727877334012246
0.04272686013587582
0.042725844259802824
0.04272482970315296
0.04272381646329184
0.04272280453759086
0.04272179392342726
0.042720784618184016
0.04271977661924992
0.042718769924019705
0.04271776452989352
0.04271676043427755
0.04271575763458364
0.04271475612822921
0.04271375591263757
0.0427127569852376
0.04271175934346394
0.042710762984756886
0.042709767906562286
0.0427087741063317
0.04270778158152235
0.04270679032959697
0.04270580034802403
0.04270481163427735
0.042703824185836604
0.04270283800018683
0.042701853074818656
0.04270086940722826
0.04269988699491741
0.042698905835393236
0.04269792592616841
0.04269694726476106
0.042695969848694955
0.042694993675499095
0.042694018742707965
0.04269304504786157
0.04269207258850531
0.042691101362189905
0.04269013136647155
0.04268916259891171
0.04268819505707743
0.04268722873854082
0.04268626364087953
0.04268529976167655
0.04268433709851996
0.042683375649003465
0.04268241541072579
0.04268145638129099
0.04268049855830852
0.04267954193939298
0.04267858652216417
0.042677632304247294
0.0426766792832725
0.04267572745687541
0.04267477682269666
0.0426738273783821
0.042672879121582824
0.042671932049954994
0.042670986161159934
0.042670041452864134
0.04266909792273915
0.04266815556846163
0.04266721438771347
0.04266627437818146
0.04266533553755753
0.04266439786353873
0.04266346135382704
0.04266252600612957
0.04266159181815839
0.042660658787630694
0.042659726912268506
0.042658796189799036
0.04265786661795423
0.04265693819447119
0.042656010917091994
0.0426550847835635
0.042654159791637634
0.04265323593907114
0.0426523132236258
0.042651391643068116
0.04265047119516967
0.04264955187770676
0.042648633688460696
0.04264771662521751
0.04264680068576813
0.042645885867908295
0.04264497216943852
0.042644059588164335
0.042643148121895826
0.04264223776844798
0.042641328525640544
0.04264042039129799
0.04263951336324965
0.042638607439329415
0.042637702617376115
0.04263679889523316
0.042635896270748756
0.0426349947417757
0.04263409430617165
0.04263319496179878
0.042632296706523985
0.04263139953821884
0.04263050345475954
0.04262960845402696
0.04262871453390652
0.04262782169228836
0.042626929927067174
0.04262603923614219
0.04262514961741734
0.04262426106880105
0.042623373588206226
0.04262248717355059
0.04262160182275619
0.04262071753374964
0.04261983430446214
0.0426189521328293
0.04261807101679137
0.042617190954293
0.042616311943283317
0.04261543398171601
0.04261455706754908
0.04261368119874514
0.042612806373271216
0.04261193258909861
0.04261105984420317
0.04261018813656532
0.042609317464169565
0.04260844782500505
0.04260757921706512
0.04260671163834764
0.04260584508685484
0.04260497956059322
0.04260411505757361
0.042603251575811296
0.04260238911332579
0.04260152766814097
0.04260066723828505
0.04259980782179043
0.04259894941669387
0.042598092021036434
0.04259723563286345
0.042596380250224504
0.04259552587117335
0.04259467249376812
0.04259382011607108
0.04259296873614875
0.042592118352071835
0.04259126896191537
0.04259042056375844
0.04258957315568435
0.042588726735780694
0.04258788130213909
0.042587036852855316
0.04258619338602949
0.04258535089976565
0.042584509392172044
0.04258366886136118
0.0425828293054495
0.04258199072255754
0.04258115311081011
0.04258031646833601
0.04257948079326806
0.042578646083743316
0.04257781233790264
0.042576979553891246
0.04257614772985817
0.04257531686395665
0.04257448695434382
0.042573657999180836
0.04257282999663298
0.04257200294486942
0.04257117684206347
0.04257035168639221
0.04256952747603689
0.04256870420918271
0.04256788188401861
0.0425670604987378
0.0425662400515372
0.04256542054061785
0.042564601964184476
0.04256378432044598
0.04256296760761498
0.04256215182390817
0.04256133696754597
0.042560523036752805
0.04255971002975693
0.0425588979447904
0.042558086780089315
0.04255727653389344
0.04255646720444652
0.04255565878999604
0.04255485128879344
0.042554044699093796
0.042553239019156204
0.042552434247243344
0.0425516303816219
0.0425508274205622
0.04255002536233854
0.04254922420522875
0.04254842394751456
0.04254762458748141
0.04254682612341858
0.04254602855361905
0.042545231876379444
0.0425444360900002
0.04254364119278553
0.04254284718304317
0.04254205405908482
0.04254126181922563
0.04254047046178464
0.04253967998508438
0.04253889038745125
0.042538101667215125
0.0425373138227097
0.042536526852272154
0.042535740754243566
0.04253495552696835
0.04253417116879478
0.04253338767807467
0.042532605053163385
0.042531823292419974
0.04253104239420706
0.042530262356890884
0.04252948317884128
0.04252870485843149
0.042527927394038656
0.0425271507840431
0.04252637502682898
0.04252560012078395
0.04252482606429916
0.042524052855769205
0.04252328049359239
0.04252250897617037
0.04252173830190846
0.04252096846921541
0.04252019947650345
0.04251943132218831
0.04251866400468917
0.04251789752242884
0.04251713187383337
0.04251636705733247
0.042515603071359195
0.04251483991435003
0.04251407758474494
0.042513316080987434
0.04251255540152429
0.04251179554480575
0.04251103650928548
0.04251027829342057
0.04250952089567145
0.042508764314502026
0.042508008548379585
0.042507253595774605
0.042506499455161294
0.042505746125016834
0.042504993603822025
0.04250424189006101
0.04250349098222109
0.042502740878793105
0.04250199157827107
0.042501243079152456
0.042500495379937935
0.04249974847913162
0.042499002375240826
0.042498257066776166
0.04249751255225163
0.04249676883018438
0.04249602589909494
0.04249528375750714
0.042494542403947885
0.04249380183694754
0.04249306205503967
0.042492323056761004
0.04249158484065162
0.04249084740525468
0.042490110749116766
0.04248937487078754
0.04248863976881992
0.04248790544176998
0.04248717188819714
0.04248643910666386
0.042485707095735785
0.042484975853981824
0.04248424537997404
0.042483515672287676
0.04248278672950103
0.04248205855019572
0.0424813311329564
0.0424806044763709
0.042479878579030135
0.04247915343952818
0.04247842905646236
0.0424777054284329
0.04247698255404327
0.04247626043190008
0.04247553906061278
0.04247481843879427
0.042474098565060334
0.04247337943802986
0.04247266105632474
0.04247194341857016
0.04247122652339407
0.04247051036942767
0.04246979495530522
0.04246908027966387
0.04246836634114399
0.0424676531383888
0.04246694067004465
0.042466228934760875
0.042465517931189925
0.042464807657987026
0.04246409811381065
0.04246338929732215
0.04246268120718575
0.04246197384206892
0.04246126720064191
0.042460561281577956
0.042459856083553356
0.04245915160524723
0.04245844784534181
0.04245774480252204
0.042457042475476096
0.04245634086289486
0.04245563996347223
0.04245493977590503
0.042454240298892984
0.04245354153113874
0.04245284347134778
0.042452146118228624
0.042451449470492536
0.04245075352685377
0.042450058286029366
0.04244936374673937
0.042448669907706585
0.04244797676765666
0.042447284325318274
0.04244659257942272
0.04244590152870433
0.04244521117190011
0.042444521507750105
0.042443832534997034
0.042443144252386475
0.04244245665866678
0.04244176975258923
0.04244108353290772
0.042440397998379294
0.042439713147763306
0.042439028979822255
0.04243834549332136
0.04243766268702847
0.04243698055971444
0.04243629911015272
0.042435618337119514
0.04243493823939385
0.04243425881575746
0.042433580064994904
0.0424329019858934
0.04243222457724287
0.04243154783783604
0.042430871766468314
0.04243019636193783
0.04242952162304541
0.0424288475485946
0.04242817413739166
0.04242750138824547
0.04242682929996776
0.04242615787137273
0.04242548710127741
0.042424816988501396
0.04242414753186705
0.04242347873019933
0.04242281058232587
0.04242214308707694
0.04242147624328548
0.042420810049787046
0.042420144505419775
0.04241947960902456
0.042418815359444854
0.0424181517555266
0.042417488796118556
0.04241682648007202
0.04241616480624077
0.04241550377348133
0.042414843380652774
0.04241418362661666
0.04241352451023727
0.04241286603038142
0.04241220818591839
0.042411550975720226
0.04241089439866131
0.04241023845361867
0.042409583139471935
0.042408928455103176
0.04240827439939701
0.042407620971240824
0.042406968169524085
0.04240631599313916
0.04240566444098074
0.04240501351194608
0.042404363204934986
0.042403713518849695
0.04240306445259496
0.042402416005078
0.042401768175208514
0.042401120961898825
0.04240047436406344
0.04239982838061967
0.04239918301048699
0.04239853825258757
0.0423978941058458
0.04239725056918872
0.04239660764154576
0.04239596532184869
0.042395323609031824
0.04239468250203186
0.042394041999787906
0.042393402101241526
0.0423927628053366
0.04239212411101959
0.04239148601723913
0.04239084852294643
0.04239021162709506
0.04238957532864095
0.04238893962654224
0.04238830451975986
0.042387670007256704
0.04238703608799823
0.04238640276095228
0.04238577002508884
0.042385137879380495
0.042384506322802114
0.04238387535433077
0.042383244972945995
0.04238261517762963
0.04238198596736587
0.04238135734114113
0.04238072929794431
0.04238010183676643
0.042379474956600896
0.04237884865644346
0.04237822293529212
0.0423775977921472
0.04237697322601123
0.042376349235889094
0.042375725820787954
0.04237510297971721
0.042374480711688506
0.04237385901571579
0.042373237890815284
0.04237261733600546
0.042371997350306924
0.042371377932742676
0.042370759082337874
0.04237014079811993
0.042369523079118426
0.04236890592436528
0.04236828933289452
0.0423676733037424
0.042367057835947436
0.04236644292855034
0.042365828580593956
0.04236521479112343
0.04236460155918598
0.0423639888838311
0.042363376764110346
0.04236276519907762
0.04236215418778885
0.04236154372930216
0.042360933822677915
0.04236032446697852
0.042359715661268595
0.04235910740461491
0.0423584996960863
0.04235789253475383
0.0423572859196907
0.04235667984997215
0.042356074324675606
0.04235546934288056
0.04235486490366871
0.04235426100612376
0.04235365764933163
0.04235305483238011
0.042352452554359425
0.04235185081436164
0.04235124961148094
0.04235064894481369
0.042350048813458135
0.04234944921651487
0.04234885015308634
0.04234825162227712
0.042347653623193836
0.042347056154945176
0.04234645921664182
0.042345862807396606
0.042345266926324364
0.04234467157254185
0.04234407674516801
0.04234348244332373
0.0423428886661319
0.0423422954127175
0.042341702682207494
0.042341110473730806
0.04234051878641833
0.04233992761940309
0.042339336971820095
0.042338746842806134
0.04233815723150023
0.042337568137043306
0.042336979558578174
0.04233639149524971
0.04233580394620464
0.0423352169105919
0.042334630387562175
0.04233404437626805
0.0423334588758643
0.04233287388550743
0.042332289404355954
0.04233170543157031
0.042331121966312946
0.04233053900774811
0.04232995655504213
0.0423293746073631
0.04232879316388108
0.04232821222376802
0.04232763178619787
0.042327051850346346
0.042326472415391184
0.0423258934805119
0.042325315044889955
0.04232473710770877
0.04232415966815343
0.042323582725411084
0.04232300627867071
0.04232243032712311
0.04232185486996105
0.04232127990637895
0.042320705435573244
0.042320131456742245
0.04231955796908597
0.04231898497180642
0.04231841246410729
0.0423178404451942
0.04231726891427461
0.04231669787055768
0.04231612731325463
0.04231555724157816
0.0423149876547431
0.04231441855196585
0.042313849932464793
0.04231328179545995
0.042312714140173256
0.04231214696582841
0.04231158027165082
0.042311014056867755
0.042310448320708224
0.042309883062403075
0.04230931828118479
0.04230875397628777
0.042308190146948046
0.04230762679240354
0.04230706391189375
0.04230650150466004
0.04230593956994555
0.04230537810699512
0.04230481711505518
0.042304256593374126
0.04230369654120195
0.04230313695779048
0.04230257784239308
0.042302019194264864
0.0423014610126629
0.04230090329684565
0.042300346046073446
0.04229978925960828
0.04229923293671389
0.042298677076655584
0.042298121678700534
0.042297566742117376
0.0422970122661766
0.042296458250150284
0.04229590469331224
0.04229535159493795
0.042294798954304436
0.04229424677069047
0.04229369504337652
0.04229314377164461
0.042292592954778524
0.04229204259206352
0.0422914926827867
0.04229094322623662
0.042290394221703574
0.04228984566847947
0.04228929756585787
0.042288749913133805
0.04228820270960411
0.04228765595456712
0.042287109647322754
0.04228656378717266
0.04228601837342004
0.042285473405369575
0.04228492888232765
0.04228438480360226
0.04228384116850295
0.04228329797634077
0.04228275522642852
0.04228221291808035
0.04228167105061219
0.04228112962334138
0.04228058863558691
0.04228004808666932
0.04227950797591067
0.0422789683026346
0.04227842906616627
0.04227789026583236
0.04227735190096121
0.04227681397088258
0.04227627647492782
0.04227573941242972
0.04227520278272265
0.042274666585142555
0.042274130819026846
0.04227359548371445
0.0422730605785458
0.04227252610286281
0.042271992056008956
0.042271458437329136
0.04227092524616988
0.04227039248187897
0.04226986014380592
0.04226932823130163
0.042268796743718445
0.04226826568041022
0.0422677350407323
0.04226720482404149
0.042266675029696006
0.042266145657055644
0.0422656167054815
0.04226508817433625
0.04226456006298398
0.04226403237079022
0.042263505097121956
0.04226297824134758
0.04226245180283704
0.04226192578096144
0.04226140017509366
0.04226087498460782
0.04226035020887943
0.04225982584728551
0.042259301899204404
0.042258778364016016
0.04225825524110154
0.04225773252984354
0.04225721022962611
0.04225668833983467
0.042256166859855934
0.04225564578907829
0.042255125126891176
0.042254604872685696
0.04225408502585411
0.04225356558579017
0.0422530465518891
0.04225252792354726
0.04225200970016251
0.04225149188113418
0.04225097446586269
0.04225045745375005
0.04224994084419949
0.04224942463661573
0.04224890883040466
0.042248393424973656
0.042247878419731356
0.04224736381408775
0.04224684960745418
0.0422463357992433
0.04224582238886912
0.0422453093757469
0.042244796759293254
0.04224428453892621
0.042243772714064924
0.04224326128413002
0.0422427502485434
0.042242239606728155
0.04224172935810885
0.04224121950211115
0.04224071003816221
0.04224020096569029
0.04223969228412513
0.0422391839928976
0.042238676091439935
0.042238168579185525
0.04223766145556922
0.042237154720027
0.04223664837199618
0.042236142410915285
0.042235636836224125
0.04223513164736379
0.04223462684377653
0.04223412242490603
0.04223361839019706
0.04223311473909571
0.04223261147104925
0.042232108585506224
0.04223160608191649
0.04223110395973099
0.042230602218402004
0.04223010085738292
0.042229599876128544
0.04222909927409473
0.042228599050738586
0.04222809920551847
0.04222759973789394
0.042227100647325724
0.042226601933275834
0.042226103595207384
0.04222560563258471
0.04222510804487342
0.042224610831540256
0.04222411399205305
0.04222361752588108
0.042223121432494556
0.042222625711364925
0.042222130361964885
0.042221635383768254
0.04222114077625009
0.042220646538886436
0.04222015267115475
0.04221965917253337
0.04221916604250208
0.042218673280541616
0.04221818088613397
0.04221768885876223
0.04221719719791065
0.04221670590306462
0.042216214973710656
0.0422157244093365
0.042215234209430894
0.042214744373483735
0.042214254900986195
0.042213765791430394
0.04221327704430968
0.04221278865911842
0.04221230063535228
0.042211812972507784
0.042211325670082844
0.04221083872757629
0.04221035214448807
0.04220986592031931
0.04220938005457225
0.04220889454675013
0.042208409396357234
0.04220792460289925
0.04220744016588255
0.042206956084814895
0.042206472359204945
0.04220598898856253
0.04220550597239856
0.04220502331022492
0.04220454100155476
0.0422040590459021
0.04220357744278208
0.04220309619171098
0.042202615292206085
0.04220213474378573
0.04220165454596925
0.04220117469827725
0.04220069520023105
0.0422002160513533
0.0421997372511676
0.04219925879919859
0.04219878069497186
0.04219830293801413
0.04219782552785319
0.04219734846401781
0.042196871746037756
0.042196395373443864
0.042195919345767906
0.04219544366254282
0.04219496832330248
0.04219449332758175
0.042194018674916525
0.04219354436484371
0.042193070396901323
0.042192596770628144
0.04219212348556419
0.042191650541250306
0.042191177937228465
0.042190705673041555
0.04219023374823347
0.042189762162349057
0.04218929091493427
0.04218882000553596
0.042188349433701824
0.042187879198980816
0.04218740930092266
0.0421869397390781
0.042186470512998904
0.04218600162223777
0.04218553306634827
0.04218506484488513
0.04218459695740383
0.04218412940346098
0.04218366218261403
0.04218319529442147
0.042182728738442615
0.042182262514237914
0.04218179662136848
0.04218133105939665
0.04218086582788561
0.04218040092639943
0.04217993635450306
0.0421794721117626
0.042179008197744866
0.04217854461201771
0.04217808135414985
0.04217761842371099
0.04217715582027167
0.042176693543403414
0.04217623159267865
0.04217576996767073
0.042175308667953916
0.04217484769310332
0.04217438704269496
0.0421739267163058
0.042173466713513796
0.04217300703389761
0.042172547677036945
0.04217208864251227
0.042171629929905106
0.042171171538797715
0.042170713468773366
0.04217025571941612
0.04216979829031092
0.04216934118104371
0.04216888439120109
0.04216842792037084
0.04216797176814125
0.04216751593410182
0.04216706041784267
0.0421666052189549
0.04216615033703051
0.04216569577166222
0.04216524152244375
0.04216478758896956
0.042164333970835056
0.042163880667636516
0.04216342767897093
0.04216297500443626
0.042162522643631246
0.04216207059615554
0.04216161886160953
0.04216116743959458
0.04216071632971266
0.04216026553156686
0.042159815044760934
0.04215936486889952
0.04215891500358801
0.0421584654484327
0.04215801620304062
0.042157567267019774
0.04215711863997884
0.042156670321527395
0.04215622231127571
0.042155774608835045
0.04215532721381735
0.04215488012583539
0.042154433344502806
0.04215398686943393
0.04215354070024404
0.042153094836549
0.042152649277965706
0.04215220402411172
0.042151759074605416
0.04215131442906599
0.042150870087113344
0.04215042604836821
0.04214998231245221
0.04214953887898759
0.042149095747597426
0.042148652917905594
0.04214821038953674
0.042147768162116295
0.04214732623527044
0.04214688460862614
0.04214644328181109
0.04214600225445382
0.04214556152618356
0.04214512109663031
0.04214468096542485
0.04214424113219878
0.04214380159658423
0.04214336235821441
0.04214292341672304
0.04214248477174464
0.04214204642291454
0.04214160836986872
0.04214117061224403
0.042140733149677964
0.042140295981808705
0.04213985910827539
0.04213942252871764
0.04213898624277594
0.0421385502500915
0.0421381145503063
0.04213767914306283
0.04213724402800468
0.042136809204775805
0.042136374673021074
0.042135940432386075
0.04213550648251701
0.042135072823060844
0.04213463945366536
0.04213420637397889
0.04213377358365057
0.04213334108233022
0.04213290886966839
0.04213247694531633
0.04213204530892594
0.04213161396014988
0.04213118289864147
0.04213075212405479
0.042130321636044514
0.042129891434266147
0.04212946151837576
0.042129031888030175
0.04212860254288684
0.04212817348260406
0.04212774470684054
0.04212731621525596
0.04212688800751047
0.04212646008326501
0.04212603244218121
0.0421256050839213
0.04212517800814821
0.042124751214525503
0.04212432470271753
0.04212389847238923
0.04212347252320622
0.04212304685483477
0.04212262146694171
0.042122196359194855
0.04212177153126234
0.04212134698281311
0.042120922713516695
0.042120498723043416
0.04212007501106408
0.04211965157725025
0.04211922842127409
0.042118805542808474
0.04211838294152682
0.04211796061710334
0.04211753856921269
0.042117116797530336
0.04211669530173228
0.042116274081495285
0.04211585313649656
0.04211543246641411
0.04211501207092652
0.042114591949713
0.04211417210245335
0.04211375252882808
0.04211333322851826
0.04211291420120566
0.0421124954465725
0.042112076964301845
0.04211165875407725
0.0421112408155829
0.04211082314850364
0.0421104057525248
0.042109988627332506
0.04210957177261336
0.042109155188054685
0.04210873887334429
0.042108322828170675
0.04210790705222286
0.04210749154519059
0.04210707630676407
0.04210666133663426
0.042106246634492625
0.04210583220003117
0.04210541803294264
0.04210500413292025
0.04210459049965789
0.042104177132849974
0.042103764032191515
0.04210335119737816
0.04210293862810615
0.04210252632407225
0.04210211428497376
0.042101702510508716
0.042101291000375636
0.042100879754273575
0.04210046877190232
0.04210005805296204
0.04209964759715366
0.042099237404178466
0.042098827473738554
0.04209841780553635
0.042098008399275064
0.0420975992546583
0.04209719037139041
0.04209678174917608
0.0420963733877208
0.04209596528673031
0.042095557445911286
0.042095149864970705
0.04209474254361613
0.04209433548155576
0.04209392867849823
0.042093522134152905
0.04209311584822948
0.042092709820438425
0.04209230405049055
0.042091898538097326
0.04209149328297076
0.042091088284823386
0.04209068354336825
0.042090279058319
0.04208987482938976
0.04208947085629523
0.042089067138750644
0.0420886636764718
0.04208826046917492
0.04208785751657685
0.042087454818394994
0.04208705237434714
0.0420866501841518
0.04208624824752782
0.042085846564194715
0.04208544513387249
0.04208504395628162
0.04208464303114312
0.04208424235817855
0.042083841937109935
0.04208344176765998
0.04208304184955162
0.04208264218250855
0.042082242766254906
0.04208184360051526
0.0420814446850148
0.04208104601947917
0.0420806476036345
0.042080249437207486
0.0420798515199253
0.04207945385151558
0.042079056431706535
0.04207865926022682
0.042078262336805596
0.042077865661172595
0.042077469233057906
0.042077073052192236
0.042076677118306725
0.04207628143113307
0.042075885990403315
0.04207549079585021
0.04207509584720681
0.04207470114420672
0.04207430668658411
0.04207391247407345
0.04207351850640985
0.042073124783328926
0.042072731304566624
0.04207233806985952
0.04207194507894456
0.04207155233155919
0.04207115982744142
0.04207076756632958
0.042070375547962696
0.042069983772080044
0.04206959223842146
0.042069200946727316
0.04206880989673834
0.04206841908819579
0.04206802852084137
0.0420676381944173
0.04206724810866619
0.04206685826333112
0.042066468658155776
0.04206607929288403
0.042065690167260535
0.04206530128103014
0.0420649126339383
0.04206452422573083
0.04206413605615411
0.042063748124954836
0.04206336043188029
0.042062972976678194
0.04206258575909657
0.0420621987788841
0.04206181203578974
0.04206142552956301
0.04206103925995383
0.04206065322671251
0.04206026742958991
0.042059881868337284
0.04205949654270625
0.042059111452449054
0.04205872659731825
0.042058341977066815
0.04205795759144816
0.042057573440216225
0.04205718952312532
0.04205680583993021
0.042056422390386046
0.042056039174248466
0.04205565619127353
0.04205527344121772
0.04205489092383789
0.042054508638891444
0.042054126586136074
0.04205374476533001
0.042053363176231894
0.04205298181860066
0.04205260069219585
0.042052219796777306
0.0420518391321053
0.042051458697940546
0.04205107849404427
0.042050698520177864
0.042050318776103414
0.042049939261583284
0.04204955997638018
0.04204918092025738
0.0420488020929785
0.04204842349430756
0.04204804512400898
0.042047666981847594
0.04204728906758871
0.04204691138099785
0.042046533921841246
0.04204615668988525
0.042045779684896804
0.042045402906643124
0.042045026354891914
0.04204465002941125
0.04204427392996956
0.04204389805633579
0.04204352240827912
0.0420431469855694
0.04204277178797642
0.04204239681527084
0.042042022067223406
0.04204164754360543
0.0420412732441885
0.042040899168744636
0.04204052531704627
0.04204015168886621
0.04203977828397766
0.04203940510215412
0.04203903214316962
0.04203865940679847
0.042038286892815455
0.04203791460099562
0.04203754253111449
0.04203717068294794
0.042036799056272244
0.04203642765086402
0.04203605646650025
0.042035685502958366
0.042035314760016124
0.042034944237451674
0.042034573935043465
0.042034203852570486
0.04203383398981194
0.04203346434654747
0.04203309492255709
0.04203272571762119
0.042032356731520414
0.042031987964036066
0.04203161941494944
0.04203125108404249
0.042030882971097396
0.04203051507589669
0.04203014739822337
0.042029779937860695
0.042029412694592407
0.042029045668202404
0.042028678858475124
0.042028312265195385
0.042027945888148205
0.04202757972711905
0.04202721378189376
0.04202684805225851
0.04202648253799976
0.0420261172389045
0.0420257521547599
0.04202538728535355
0.0420250226304734
0.04202465818990768
0.04202429396344512
0.04202392995087468
0.04202356615198564
0.0420232025665677
0.042022839194410924
0.04202247603530568
0.0420221130890427
0.04202175035541297
0.04202138783420796
0.04202102552521942
0.04202066342823939
0.042020301543060336
0.042019939869475026
0.04201957840727656
0.0420192171562584
0.04201885611621432
0.042018495286938407
0.04201813466822516
0.04201777425986937
0.04201741406166616
0.042017054073410894
0.04201669429489956
0.04201633472592806
0.04201597536629302
0.04201561621579113
0.042015257274219536
0.042014898541375634
0.04201454001705723
0.04201418170106248
0.04201382359318973
0.042013465693237696
0.042013108001005516
0.04201275051629257
0.04201239323889858
0.04201203616862354
0.042011679305267904
0.042011322648632284
0.04201096619851773
0.042010609954725525
0.04201025391705735
0.04200989808531509
0.04200954245930113
0.04200918703881798
0.04200883182366856
0.042008476813656104
0.042008122008584226
0.042007767408256624
0.042007413012477596
0.04200705882105153
0.04200670483378324
0.04200635105047788
0.04200599747094079
0.04200564409497767
0.04200529092239465
0.042004937952997916
0.04200458518659421
0.042004232622990405
0.04200388026199385
0.042003528103412
0.04200317614705277
0.042002824392724264
0.04200247284023501
0.042002121489393744
0.04200177034000958
0.04200141939189175
0.042001068644850086
0.042000718098694455
0.042000367753235165
0.04200001760828273
0.041999667663648085
0.04199931791914228
0.04199896837457686
0.0419986190297635
0.041998269884514265
0.041997920938641554
0.04199757219195787
0.04199722364427622
0.041996875295409755
0.04199652714517207
0.041996179193376844
0.0419958314398382
0.041995483884370514
0.04199513652678847
0.04199478936690696
0.0419944424045412
0.04199409563950678
0.0419937490716195
0.041993402700695334
0.04199305652655076
0.041992710549002395
0.04199236476786718
0.04199201918296237
0.0419916737941054
0.04199132860111407
0.041990983603806445
0.04199063880200093
0.041990294195516066
0.0419899497841708
0.04198960556778425
0.04198926154617597
0.04198891771916558
0.04198857408657317
0.041988230648218994
0.04198788740392357
0.041987544353507766
0.041987201496792685
0.0419868588335997
0.04198651636375046
0.04198617408706689
0.041985832003371144
0.041985490112485715
0.04198514841423335
0.041984806908437027
0.041984465594919966
0.04198412447350582
0.04198378354401822
0.041983442806281426
0.04198310226011963
0.04198276190535751
0.041982421741819854
0.04198208176933188
0.04198174198771897
0.04198140239680673
0.04198106299642112
0.04198072378638829
0.04198038476653466
0.041980045936687
0.041979707296672185
0.04197936884631752
0.04197903058545044
0.04197869251389873
0.04197835463149034
0.041978016938053496
0.04197767943341679
0.04197734211740893
0.04197700498985897
0.04197666805059614
0.04197633129945001
0.04197599473625037
0.04197565836082719
0.04197532217301085
0.041974986172631866
0.04197465035952104
0.041974314733509335
0.041973979294428136
0.04197364404210892
0.04197330897638356
0.041972974097084004
0.04197263940404268
0.04197230489709196
0.04197197057606474
0.04197163644079404
0.04197130249111307
0.04197096872685543
0.04197063514785485
0.04197030175394535
0.041969968544961204
0.04196963552073689
0.04196930268110713
0.041968970025906945
0.04196863755497153
0.04196830526813642
0.041967973165237205
0.041967641246109945
0.04196730951059076
0.04196697795851606
0.0419666465897226
0.04196631540404723
0.04196598440132705
0.04196565358139946
0.041965322944102136
0.04196499248927282
0.04196466221674966
0.04196433212637101
0.04196400221797534
0.041963672491401496
0.04196334294648848
0.04196301358307557
0.041962684401002176
0.04196235540010809
0.041962026580233194
0.04196169794121771
0.0419613694829021
0.04196104120512691
0.04196071310773306
Eitim Tamamland
15 numaral adaki hata: %4,131
