1.0
0.11289325356063412
0.11190329340035192
0.11145489516403473
0.11097936360585874
0.11033137517262114
0.10933652649293873
0.10778917584019743
0.10551044582913446
0.10248395515109156
0.09898727808053119
0.09551414774051008
0.09247745001136243
0.09002180062570184
0.08808631077152151
0.08654211590846801
0.08527213987527867
0.08419219280044327
0.08324700278290324
0.08240123172167345
0.0816320828514119
0.08092441983099141
0.08026780135156945
0.07965472821224717
0.07907960285065556
0.07853809653604309
0.07802675038527129
0.07754271376334133
0.07708356681119166
0.0766471973020611
0.07623171463461656
0.0758353905142447
0.07545661946634974
0.07509389424143534
0.07474579222696119
0.0744109696332708
0.07408816072101687
0.07377617980762609
0.07347392427106812
0.0731803772532885
0.07289460922407076
0.07261577796701729
0.07234312686986472
0.07207598163206322
0.071813745646947
0.07155589438661822
0.07130196913228376
0.07105157036934626
0.07080435112112078
0.07056001044026014
0.07031828722166476
0.07007895445028224
0.06984181395451815
0.06960669170182618
0.06937343364705796
0.06914190212529464
0.06891197276786473
0.06868353191175053
0.06845647446741518
0.0682307022072524
0.06800612243559191
0.06778264700093282
0.06756019161144648
0.06733867541558076
0.06711802081071509
0.06689815344425289
0.066679002373342
0.06646050035162998
0.06624258421413079
0.06602519533439948
0.06580828013171272
0.06559179060972033
0.06537568491187587
0.06515992788265444
0.0649444916268565
0.0647293560619344
0.06451450946001315
0.06429994897693268
0.06408568116508963
0.06387172246508671
0.06365809966828812
0.0634448503385436
0.0632320231769191
0.0630196783087067
0.06280788746784402
0.06259673405075135
0.062386313010114804
0.06217673055984527
0.06196810366572035
0.061760559302245166
0.06155423346493849
0.06134926993814513
0.06114581883087678
0.06094403490613196
0.06074407574154769
0.06054609976996727
0.0603502642565836
0.060156723273987245
0.05996562573730075
0.05977711355859958
0.059591319973332044
0.05940836808214061
0.05922836964020139
0.0590514241139427
0.058877618012727326
0.05870702449164436
0.05853970321163097
0.05837570043517
0.058215049330016644
0.05805777044979558
0.05790387235872804
0.05775335236791307
0.057606197352152784
0.05746238461890253
0.05732188280419172
0.05718465277397437
0.05705064851306752
0.05691981798742789
0.056792103968836945
0.05666744481404865
0.05654577519303266
0.056427026763123195
0.056311128787666975
0.056198008699181706
0.056087592608133875
0.055979805759261
0.055874572937943554
0.05577181882952188
0.0556714683346812
0.0555734468441416
0.055477680475902236
0.055384096278237024
0.05529262240153315
0.05520318824192358
0.05511572455950444
0.055030163573749284
0.054946439038553535
0.054864486299158625
0.05478424233302679
0.054705645776564664
0.0546286369394288
0.054553157807988924
0.05447915203938027
0.05440656494743684
0.05433534348167242
0.054265436200358175
0.05419679323863735
0.054129366272517826
0.05406310847949394
0.05399797449646515
0.053933920375542156
0.053870903538266186
0.05380888272870074
0.053747817965802615
0.05368767049542553
0.053628402742267496
0.05356997826202831
0.05351236169401115
0.05345551871436813
0.053399415990161084
0.053344021134383884
0.05328930266207158
0.053235229947601145
0.053181773183272885
0.053128903339247566
0.05307659212490241
0.053024811951658445
0.05297353589732569
0.052922737672004255
0.052872391585576044
0.052822472516818084
0.052772955884166424
0.05272381761815979
0.052675034135590285
0.05262658231539241
0.05257843947630286
0.05253058335632653
0.05248299209404752
0.05243564421183216
0.05238851860096999
0.05234159450881225
0.052294851527966785
0.0522482695876203
0.052201828947062275
0.05215551019149492
0.05210929423021804
0.05206316229728722
0.052017095954748266
0.05197107709855904
0.05192508796731269
0.05187911115388289
0.05183312962011181
0.051787126714664795
0.051741086194171906
0.05169499224777283
0.05164882952517421
0.05160258316831605
0.05155623884672704
0.05150978279662734
0.05146320186380996
0.0514164835502957
0.05136961606471785
0.05132258837633988
0.05127539027255455
0.0512280124196442
0.05118044642650718
0.05113268491097283
0.05108472156823253
0.05103655124081659
0.050988169989439634
0.050939575163927366
0.05089076547332246
0.050841741054155856
0.05079250353575892
0.05074305610138826
0.05069340354384339
0.0506435523141799
0.05059351056206443
0.05054328816628512
0.05049289675392862
0.05044234970676817
0.05039166215347607
0.05034085094638848
0.05028993462170734
0.050238933342231444
0.050187868821958886
0.050136764232205554
0.05008564408922315
0.05003453412368544
0.0499834611328167
0.04993245281637299
0.04988153759812127
0.049830744434893104
0.04978010261569651
0.0497296415537296
0.04967939057444381
0.04962937870302425
0.049579634454783916
0.049530185631995
0.04948105913058708
0.04943228075994668
0.04938387507874404
0.04933586524930854
0.049288272912597055
0.049241118085258426
0.04919441907972707
0.0491481924476999
0.04910245294678644
0.04905721352959925
0.04901248535408289
0.048968277813486505
0.048924598584067905
0.04888145368838846
0.0488388475719134
0.04879678319056534
0.04875526210688772
0.048714284592544406
0.04867384973500395
0.04863395554641761
0.04859459907289239
0.048555776502567344
0.04851748327111756
0.04847971416353024
0.048442463411204756
0.04840572478363241
0.04836949167409463
0.04833375717898913
0.04829851417054147
0.04826375536279418
0.048229473370876914
0.04819566076365722
0.04816231010995282
0.04812941401854811
0.04809696517231138
0.04806495635674646
0.04803338048334173
0.0480022306081004
0.04797149994564435
0.04794118187929414
0.04791126996752186
0.04788175794717392
0.04785263973384738
0.04782390941979485
0.047795561269716264
0.04776758971478002
0.047739989345196236
0.047712754901646365
0.04768588126585075
0.04765936345053444
0.047633196589029446
0.0476073759247275
0.0475818968005754
0.04755675464878267
0.04753194498088545
0.047507463378294014
0.04748330548342398
0.04745946699149475
0.047435943643057435
0.04741273121729757
0.047389825526137914
0.0473672224091561
0.047344917729312076
0.04732290736947206
0.047301187229702855
0.04727975322530115
0.04725860128551492
0.047237727352908106
0.04721712738331385
0.04719679734631913
0.04717673322622244
0.04715693102340192
0.04713738675603539
0.047118096462112555
0.04709905620168241
0.04708026205927994
0.04706171014648272
0.0470433966045466
0.047025317607079516
0.04700746936271034
0.04698984811771965
0.04697245015859886
0.04695527181451211
0.04693830945963625
0.04692155951536145
0.04690501845233482
0.046888682792337565
0.04687254910998524
0.046856614034246465
0.04684087424977621
0.046825326498064354
0.04680996757839996
0.046794794348655445
0.04677980372589506
0.04676499268681447
0.046750358268018294
0.046735897566144505
0.04672160773784352
0.046707485999622524
0.04669352962756342
0.04667973595692511
0.04666610238163936
0.04665262635370993
0.046639305382524913
0.04662613703409081
0.046613118930197664
0.04660024874752431
0.04658752421669029
0.04657494312126389
0.046562503296732144
0.04655020262944057
0.04653803905550782
0.04652601055972176
0.04651411517442236
0.04650235097837556
0.04649071609564297
0.046479208694451275
0.04646782698606536
0.046456569223667143
0.04644543370124438
0.0464344187524908
0.04642352274972041
0.04641274410279763
0.0464020812580849
0.04639153269740842
0.04638109693704488
0.046370772526728145
0.04636055804867789
0.0463504521166502
0.04634045337501096
0.04633056049783147
0.046320772188008015
0.04631108717640333
0.04630150422101201
0.04629202210614821
0.04628263964165616
0.04627335566214335
0.04626416902623534
0.04625507861585283
0.046246083335509766
0.04623718211163264
0.046228373891900126
0.046219657644602785
0.04621103235802251
0.046202497039831154
0.04619405071650729
0.046185692432771853
0.04617742125104064
0.04616923625089453
0.04616113652856589
0.04615312119644176
0.0461451893825819
0.04613734023025297
0.04612957289747677
0.04612188655659289
0.04611428039383567
0.04610675360892422
0.04609930541466512
0.0460919350365688
0.046084641712477
0.04607742469220245
0.04607028323718027
0.04606321662013029
0.046056224124729726
0.046049305045296716
0.046042458686483705
0.04603568436298079
0.04602898139922798
0.046022349129137094
0.04601578689582216
0.046009294051338766
0.04600286995643092
0.04599651398028707
0.04599022550030257
0.04598400390185085
0.0459778485780612
0.04597175892960338
0.04596573436448009
0.04595977429782494
0.04595387815170718
0.04594804535494314
0.045942275342913015
0.04593656755738363
0.045930921446337133
0.04592533646380501
0.04591981206970702
0.04591434772969605
0.04590894291500712
0.045903597102311504
0.04589830977357618
0.04589308041592661
0.04588790852151461
0.04588279358739081
0.045877735115380215
0.04587273261196276
0.045867785588157114
0.04586289355940882
0.04585805604548117
0.045853272570350406
0.045848542662104405
0.045843865852843946
0.04583924167858769
0.04583466967918037
0.0458301493982039
0.045825680382891046
0.0458212621840424
0.04581689435594655
0.04581257645630127
0.045808308046139286
0.04580408868975537
0.0457999179546361
0.045795795411392184
0.0457917206336931
0.045787693198203305
0.045783712684521895
0.045779778675123124
0.04577589075529935
0.045772048513106484
0.04576825153931066
0.04576449942733688
0.045760791773220004
0.04575712817555687
0.04575350823546042
0.04574993155651528
0.04574639774473536
0.045742906408522216
0.04573945715862619
0.04573604960810759
0.045732683372300104
0.045729358068775865
0.04572607331731079
0.045722828739852436
0.04571962396048833
0.04571645860541571
0.045713332302912656
0.045710244683310156
0.04570719537896542
0.045704184024236136
0.04570121025545604
0.045698273710911286
0.04569537403081802
0.04569251085730071
0.04568968383437154
0.04568689260791069
0.04568413682564765
0.04568141613714316
0.045678730193772214
0.045676078648707694
0.04567346115690489
0.04567087737508694
0.04566832696173064
0.0456658095770535
0.045663324883000976
0.04566087254323465
0.04565845222312145
0.04565606358972255
0.04565370631178397
0.04565138005972719
0.045649084505640314
0.045646819323270194
0.0456445841880148
0.0456423787769161
0.045640202768654194
0.04563805584354051
0.04563593768351305
0.04563384797213114
0.04563178639457108
0.045629752637621986
0.0456277463896822
0.04562576734075636
0.04562381518245248
0.04562188960797956
0.04561999031214575
0.04561811699135679
0.04561626934361476
0.04561444706851715
0.04561264986725658
0.04561087744262041
0.04560912949899089
0.04560740574234573
0.04560570588025884
0.04560402962190125
0.045602376678042435
0.04560074676105216
0.04559913958490178
0.04559755486516681
0.045595992319029034
0.045594451665279125
0.04559293262431925
0.045591434918166224
0.045589958270454554
0.0455885024064398
0.04558706705300236
0.04558565193865069
0.045584256793525464
0.04558288134940387
0.04558152533970332
0.04558018849948588
0.04557887056546298
0.04557757127599961
0.04557629037111914
0.0455750275925083
0.045573782683521885
0.045572555389187475
0.04557134545621111
0.045570152632981704
0.045568976669576926
0.04556781731776789
0.04556667433102485
0.045565547464522294
0.045564436475144535
0.045563341121491026
0.04556226116388187
0.04556119636436315
0.04556014648671272
0.045559111296445395
0.04555809056081845
0.04555708404883727
0.04555609153126081
0.04555511278060675
0.045554147571157194
0.045553195678963966
0.04555225688185385
0.045551330959434116
0.04555041769309748
0.04554951686602747
0.045548628263203474
0.04554775167140575
0.04554688687922055
0.045546033677044885
0.04554519185709143
0.045544361213393086
0.04554354154180774
0.04554273264002274
0.04554193430755936
0.045541146345777064
0.04554036855787757
0.045539600748909295
0.04553884272577072
0.04553809429721488
0.04553735527385241
0.04553662546815531
0.045535904694460644
0.045535192768973554
0.04553448950976984
0.045533794736799964
0.045533108271890846
0.04553242993874909
0.045531759562963216
0.04553109697200583
0.0455304419952359
0.04552979446390059
0.04552915421113705
0.04552852107197391
0.04552789488333283
0.04552727548402923
0.045526662714773874
0.045526056418173165
0.04552545643873001
0.04552486262284401
0.04552427481881189
0.04552369287682726
0.04552311664898031
0.045522545989257694
0.04552198075354144
0.04552142079960843
0.04552086598712916
0.04552031617766629
0.045519771234673316
0.04551923102349264
0.04551869541135368
0.045518164267370674
0.04551763746254014
0.04551711486973814
0.04551659636371751
0.045516081821104844
0.04551557112039677
0.045515064141956635
0.0455145607680106
0.04551406088264341
0.045513564371794386
0.04551307112325263
0.04551258102665218
0.04551209397346755
0.04551160985700773
0.04551112857241113
0.045510650016639814
0.045510174088473486
0.04550970068850329
0.04550922971912544
0.04550876108453444
0.04550829469071641
0.04550783044544145
0.04550736825825706
0.04550690804047978
0.045506449705187704
0.04550599316721262
0.045505538343131154
0.045505085151256876
0.045504633511630956
0.045504183346013784
0.045503734577875245
0.04550328713238568
0.04550284093640609
0.04550239591847818
0.045501952008814586
0.04550150913928802
0.04550106724342147
0.045500626256377
0.04550018611494498
0.0454997467575329
0.045499308124154085
0.04549887015641607
0.04549843279750905
0.04549799599219375
0.045497559686789125
0.04549712382916062
0.04549668836870704
0.04549625325634817
0.045495818444511844
0.04549538388712076
0.04549494953957948
0.0454945153587606
0.045494081302991755
0.04549364733204127
0.04549321340710455
0.04549277949079
0.04549234554710462
0.04549191154143995
0.04549147744055687
0.04549104321257167
0.04549060882694088
0.04549017425444609
0.04548973946717912
0.04548930443852679
0.045488869143155246
0.04548843355699497
0.04548799765722465
0.04548756142225566
0.045487124831716554
0.04548668786643639
0.04548625050842936
0.045485812740878345
0.04548537454811865
0.04548493591562177
0.045484496829978946
0.04548405727888468
0.04548361725112002
0.04548317673653625
0.04548273572603776
0.04548229421156546
0.04548185218608022
0.04548140964354543
0.04548096657891055
0.04548052298809369
0.0454800788679652
0.045479634216329876
0.045479189031910436
0.045478743314330244
0.045478297064096014
0.045477850282580945
0.045477402972007294
0.04547695513542959
0.04547650677671689
0.045476057900536083
0.0454756085123346
0.04547515861832338
0.045474708225459404
0.04547425734142908
0.04547380597463078
0.04547335413415787
0.04547290182978191
0.045472449071935664
0.04547199587169573
0.04547154224076625
0.045471088191461825
0.0454706337366908
0.04547017888993865
0.04546972366525113
0.04546926807721808
0.045468812140956556
0.04546835587209499
0.045467899286756236
0.04546744240154204
0.0454669852335162
0.04546652780018936
0.045466070119502405
0.04546561220981108
0.04546515408987013
0.0454646957788179
0.045464237296160614
0.04546377866175743
0.04546331989580475
0.04546286101882167
0.0454624020516347
0.04546194301536309
0.04546148393140421
0.0454610248214191
0.045460565707318
0.04546010661124611
0.045459647555569804
0.04545918856286248
0.04545872965589102
0.045458270857602116
0.045457812191108886
0.04545735367967789
0.04545689534671566
0.04545643721575646
0.045455979310448785
0.04545552165454362
0.045455064271881784
0.04545460718638161
0.045454150422027446
0.04545369400285759
0.045453237952952766
0.0454527822964248
0.04545232705740552
0.045451872260035685
0.045451417928454085
0.04545096408678731
0.0454505107591392
0.04545005796958043
0.04544960574213889
0.04544915410078985
0.04544870306944634
0.045448252671949796
0.045447802932060986
0.04544735387345086
0.04544690551969225
0.045446457894250974
0.045446011020477656
0.0454455649215997
0.04544511962071323
0.045444675140775645
0.045444231504597865
0.0454437887348375
0.04544334685399129
0.04544290588438854
0.0454424658481846
0.045442026767354156
0.04544158866368509
0.0454411515587727
0.04544071547401357
0.04544028043060008
0.045439846449515126
0.045439413551526836
0.045438981757183305
0.04543855108680823
0.04543812156049611
0.04543769319810789
0.04543726601926635
0.045436840043352765
0.0454364152895025
0.04543599177660174
0.04543556952328381
0.045435148547925804
0.04543472886864601
0.0454343105033004
0.045433893469480166
0.04543347778450918
0.04543306346544163
0.04543265052905979
0.045432238991871855
0.04543182887011025
0.045431420179729926
0.045431012936406466
0.04543060715553542
0.045430202852230206
0.04542980004132165
0.045429398737356866
0.045428998954598614
0.04542860070702441
0.045428204008326034
0.04542780887190974
0.04542741531089531
0.04542702333811641
0.045426632966120595
0.04542624420716932
0.04542585707323869
0.045425471576019144
0.045425087726916884
0.045424705537053904
0.0454243250172689
0.04542394617811856
0.04542356902987797
0.04542319358254208
0.04542281984582695
0.04542244782917098
0.04542207754173606
0.04542170899240954
0.04542134218980542
0.04542097714226627
0.04542061385786481
0.0454202523444059
0.04541989260942828
0.045419534660206824
0.04541917850375422
0.045418824146823564
0.045418471595910045
0.04541812085725368
0.04541777193684121
0.045417424840408956
0.04541707957344479
0.04541673614119096
0.0454163945486463
0.04541605480056915
0.04541571690147966
0.045415380855662796
0.045415046667170784
0.045414714339826016
0.04541438387722358
0.045414055282734456
0.045413728559508114
0.0454134037104752
0.045413080738350806
0.04541275964563711
0.04541244043462665
0.04541212310740474
0.045411807665852844
0.04541149411165153
0.045411182446283095
0.04541087267103532
0.04541056478700352
0.04541025879509428
0.04540995469602816
0.045409652490343
0.04540935217839636
0.04540905376036918
0.04540875723626844
0.045408462605930205
0.04540816986902288
0.045407879025049724
0.045407590073352294
0.04540730301311325
0.045407017843359196
0.045406734562963805
0.04540645317065079
0.04540617366499653
0.04540589604443332
0.04540562030725203
0.04540534645160507
0.04540507447550911
0.04540480437684814
0.04540453615337596
0.04540426980271906
0.04540400532237956
0.0454037427097377
0.04540348196205463
0.04540322307647502
0.04540296605002983
0.045402710879638514
0.045402457562112294
0.045402206094156086
0.04540195647237142
0.04540170869325849
0.045401462753219234
0.0454012186485591
0.04540097637548988
0.04540073593013201
0.04540049730851648
0.045400260506587936
0.045400025520206035
0.04539979234514834
0.04539956097711203
0.04539933141171649
0.045399103644505105
0.04539887767094741
0.04539865348644122
0.045398431086314674
0.04539821046582791
0.04539799162017542
0.0453977745444876
0.04539755923383281
0.04539734568321936
0.04539713388759692
0.045396923841858394
0.04539671554084192
0.045396508979332326
0.04539630415206267
0.04539610105371637
0.04539589967892812
0.04539570002228589
0.04539550207833223
0.045395305841565974
0.045395111306443435
0.04539491846738021
0.04539472731875186
0.0453945378548962
0.045394350070113776
0.04539416395866952
0.045393979514794194
0.04539379673268526
0.0453936156065082
0.04539343613039772
0.045393258298458944
0.04539308210476833
0.04539290754337488
0.045392734608301004
0.045392563293544026
0.045392393593076445
0.0453922255008475
0.0453920590107837
0.04539189411679
0.045391730812750615
0.04539156909252987
0.045391408949972734
0.045391250378906164
0.0453910933731394
0.045390937926465064
0.04539078403265966
0.04539063168548429
0.045390480878685455
0.04539033160599581
0.045390183861134435
0.04539003763780787
0.045389892929710275
0.045389749730524516
0.045389608033922224
0.04538946783356477
0.04538932912310336
0.04538919189617999
0.045389056146427374
0.04538892186747008
0.04538878905292433
0.04538865769639885
0.04538852779149512
0.04538839933180782
0.045388272310925286
0.04538814672242955
0.04538802255989718
0.04538789981689919
0.045387778487001776
0.045387658563766094
0.045387540040749144
0.04538742291150365
0.045387307169578534
0.04538719280851907
0.04538707982186721
0.04538696820316175
0.045386857945938754
0.04538674904373155
0.04538664149007095
0.045386535278485726
0.04538643040250247
0.04538632685564603
0.04538622463143944
0.04538612372340445
0.04538602412506139
0.045385925829929286
0.045385828831526275
0.04538573312336963
0.04538563869897585
0.045385545551860876
0.045385453675540054
0.04538536306352836
0.04538527370934075
0.04538518560649169
0.04538509874849594
0.04538501312886819
0.0453849287411233
0.0453848455787765
0.045384763635343224
0.04538468290433939
0.04538460337928162
0.045384525053687
0.04538444792107323
0.04538437197495904
0.045384297208863826
0.0453842236163079
0.04538415119081283
0.04538407992590076
0.0453840098150956
0.045383940851922065
0.045383873029906034
0.045383806342575224
0.045383740783458214
0.045383676346085505
0.04538361302398887
0.045383550810701806
0.04538348969975952
0.04538342968469877
0.04538337075905832
0.045383312916378725
0.04538325615020246
0.04538320045407399
0.04538314582153993
0.04538309224614902
0.045383039721452106
0.0453829882410024
0.045382937798355436
0.04538288838706915
0.04538284000070405
0.04538279263282305
0.04538274627699186
0.04538270092677879
0.045382656575755034
0.045382613217494636
0.045382570845574656
0.045382529453574925
0.045382489035078716
0.04538244958367238
0.04538241109294547
0.04538237355649108
0.04538233696790571
0.04538230132078934
0.04538226660874566
0.045382232825382264
0.045382199964310393
0.04538216801914518
0.045382136983506106
0.04538210685101653
0.0453820776153042
0.045382049270001085
0.04538202180874388
0.04538199522517362
0.04538196951293607
0.04538194466568184
0.04538192067706652
0.04538189754075069
0.04538187525039993
0.045381853799685255
0.045381833182283116
0.045381813391875386
0.04538179442214951
0.045381776266798776
0.04538175891952255
0.0453817423740259
0.045381726624020215
0.04538171166322321
0.04538169748535888
0.04538168408415795
0.045381671453357836
0.0453816595867025
0.04538164847794331
0.04538163812083835
0.04538162850915315
0.045381619636660764
0.04538161149714166
0.045381604084383714
0.045381597392183184
0.045381591414344
0.04538158614467823
0.04538158157700622
0.045381577705156856
0.04538157452296757
0.04538157202428445
0.0453815702029625
0.04538156905286588
0.04538156856786783
0.045381568741850994
0.045381569568707515
0.04538157104233924
0.04538157315665775
0.045381575905584684
0.045381579283051816
0.04538158328300127
0.04538158789938543
0.04538159312616755
0.04538159895732144
0.045381605386832
0.04538161240869514
0.045381620016918076
0.04538162820551939
0.045381636968529246
0.04538164629998959
0.04538165619395426
0.0453816666444891
0.04538167764567213
0.04538168919159385
0.045381701276357246
0.0453817138940779
0.04538172703888445
0.04538174070491832
0.045381754886334294
0.04538176957730043
0.04538178477199808
0.04538180046462245
0.04538181664938251
0.045381833320501025
0.0453818504722151
0.04538186809877597
0.04538188619444928
0.0453819047535152
0.04538192377026875
0.045381943239019604
0.04538196315409274
0.04538198350982808
0.045382004300580904
0.045382025520722125
0.04538204716463796
0.04538206922673083
0.04538209170141846
0.045382114583135215
0.045382137866331274
0.04538216154547332
0.04538218561504441
0.045382210069544335
0.0453822349034896
0.04538226011141351
0.04538228568786653
0.0453823116274162
0.04538233792464735
0.04538236457416236
0.045382391570581014
0.04538241890854081
0.04538244658269729
0.045382474587723654
0.04538250291831129
0.04538253156916986
0.04538256053502717
0.04538258981062972
0.04538261939074235
0.045382649270148644
0.045382679443651056
0.045382709906070955
0.04538274065224861
0.045382771677043576
0.04538280297533462
0.04538283454201993
0.04538286637201709
0.04538289846026326
0.045382930801715356
0.045382963391350103
0.04538299622416407
0.04538302929517381
0.04538306259941608
0.04538309613194763
0.045383129887845756
0.04538316386220802
0.04538319805015232
0.045383232446817454
0.045383267047362556
0.04538330184696777
0.04538333684083391
0.045383372024182723
0.04538340739225706
0.045383442940320796
0.04538347866365903
0.045383514557578046
0.04538355061740532
0.04538358683849018
0.04538362321620289
0.04538365974593562
0.045383696423101985
0.04538373324313737
0.04538377020149891
0.04538380729366555
0.04538384451513808
0.0453838818614393
0.04538391932811395
0.04538395691072886
0.04538399460487317
0.04538403240615787
0.04538407031021644
0.04538410831270455
0.04538414640930026
0.045384184595703994
0.045384222867638505
0.04538426122084942
0.04538429965110437
0.045384338154194
0.0453843767259314
0.045384415362152285
0.04538445405871515
0.04538449281150118
0.04538453161641434
0.045384570469381505
0.04538460936635232
0.04538464830329919
0.04538468727621767
0.04538472628112605
0.04538476531406582
0.04538480437110106
0.045384843448319265
0.045384882541830915
0.04538492164776932
0.045384960762291024
0.04538499988157585
0.045385039001826194
0.045385078119268375
0.045385117230151206
0.0453851563307469
0.04538519541735101
0.045385234486282025
0.04538527353388179
0.04538531255651531
0.04538535155057074
0.04538539051245973
0.04538542943861677
0.04538546832549998
0.04538550716959027
0.04538554596739225
0.04538558471543353
0.04538562341026496
0.045385662048460666
0.045385700626617925
0.045385739141357496
0.045385777589322975
0.04538581596718153
0.04538585427162335
0.04538589249936187
0.04538593064713374
0.04538596871169867
0.04538600668983967
0.045386044578362976
0.04538608237409766
0.045386120073896294
0.04538615767463433
0.04538619517321033
0.04538623256654591
0.04538626985158597
0.04538630702529814
0.04538634408467323
0.045386381026724945
0.04538641784849021
0.04538645454702853
0.04538649111942248
0.0453865275627778
0.04538656387422263
0.045386600050908395
0.04538663609000898
0.045386671988721296
0.04538670774426488
0.045386743353881986
0.04538677881483782
0.045386814124419785
0.04538684927993844
0.045386884278726475
0.04538691911813944
0.04538695379555536
0.045386988308374655
0.0453870226540203
0.04538705682993767
0.04538709083359456
0.04538712466248092
0.04538715831410919
0.04538719178601419
0.045387225075752574
0.04538725818090364
0.045387291099068375
0.04538732382787035
0.04538735636495466
0.04538738870798893
0.045387420854662436
0.04538745280268649
0.045387484549794195
0.045387516093740664
0.04538754743230269
0.04538757856327882
0.045387609484489284
0.045387640193776044
0.045387670689002534
0.045387700968053876
0.045387731028836656
0.045387760869278856
0.0453877904873299
0.045387819880960745
0.0453878490481634
0.04538787798695121
0.045387906695358894
0.04538793517144203
0.04538796341327757
0.04538799141896342
0.045388019186618396
0.04538804671438247
0.04538807400041628
0.045388101042901474
0.045388127840040454
0.04538815439005626
0.0453881806911928
0.045388206741714475
0.04538823253990615
0.04538825808407349
0.04538828337254247
0.045388308403659344
0.04538833317579098
0.045388357687324424
0.045388381936666916
0.045388405922245884
0.045388429642508964
0.045388453095923806
0.045388476280978154
0.045388499196179516
0.04538852184005558
0.04538854421115364
0.04538856630804092
0.04538858812930435
0.04538860967355055
0.0453886309394057
0.04538865192551545
0.045388672630545225
0.04538869305317971
0.04538871319212297
0.045388733046098445
0.045388752613848955
0.045388771894136266
0.04538879088574157
0.04538880958746503
0.04538882799812577
0.045388846116562166
0.04538886394163133
0.045388881472209174
0.04538889870719064
0.04538891564548922
0.045388932286037284
0.04538894862778568
0.045388964669703935
0.04538898041078006
0.045388995850020666
0.045389010986450457
0.04538902581911286
0.0453890403470693
0.04538905456939979
0.045389068485202244
0.04538908209359271
0.04538909539370535
0.04538910838469243
0.04538912106572418
0.04538913343598859
0.045389145494691654
0.04538915724105703
0.04538916867432617
0.04538917979375814
0.045389190598629885
0.0453892010882355
0.04538921126188707
0.045389221118913706
0.04538923065866231
0.04538923988049678
0.045389248783798575
0.04538925736796644
0.04538926563241605
0.04538927357658038
0.045389281199909474
0.04538928850187054
0.0453892954819475
0.045389302139641534
0.045389308474470424
0.04538931448596888
0.045389320173688484
0.045389325537197406
0.04538933057608058
0.04538933528993958
0.045389339678392523
0.04538934374107391
0.04538934747763501
0.04538935088774347
0.04538935397108308
0.0453893567273542
0.04538935915627339
0.04538936125757343
0.045389363031003445
0.0453893644763285
0.04538936559332994
0.04538936638180493
0.04538936684156706
0.045389366972445444
0.04538936677428529
0.04538936624694793
0.045389365390310105
0.045389364204264676
0.0453893626887201
0.0453893608436006
0.045389358668845976
0.04538935616441188
0.04538935333026928
0.04538935016640491
0.04538934667282086
0.045389342849534796
0.04538933869657974
0.045389334214004116
0.04538932940187169
0.04538932426026176
0.045389318789268565
0.04538931298900186
0.0453893068595864
0.04538930040116229
0.04538929361388469
0.04538928649792395
0.04538927905346532
0.04538927128070935
0.04538926317987138
0.04538925475118186
0.04538924599488612
0.04538923691124455
0.04538922750053215
0.04538921776303912
0.045389207699070205
0.0453891973089452
0.04538918659299859
0.045389175551579466
0.04538916418505191
0.04538915249379456
0.04538914047820072
0.045389128138678486
0.04538911547565032
0.0453891024895537
0.0453890891808404
0.045389075549976884
0.04538906159744408
0.04538904732373758
0.04538903272936741
0.04538901781485809
0.045389002580748725
0.045388987027592614
0.045388971155958
0.0453889549664271
0.04538893845959677
0.045388921636078376
0.04538890449649734
0.04538888704149383
0.04538886927172237
0.045388851187851555
0.04538883279056473
0.04538881408055928
0.04538879505854714
0.04538877572525461
0.04538875608142222
0.04538873612780477
0.045388715865171694
0.045388695294306405
0.04538867441600691
0.04538865323108549
0.045388631740368605
0.04538860994469732
0.04538858784492685
0.04538856544192687
0.04538854273658124
0.04538851972978837
0.04538849642246088
0.04538847281552595
0.04538844890992489
0.045388424706613625
0.04538840020656242
0.04538837541075583
0.04538835032019305
0.0453883249358876
0.045388299258867434
0.04538827329017503
0.04538824703086741
0.04538822048201605
0.04538819364470712
0.04538816652004098
0.04538813910913301
0.04538811141311283
0.04538808343312503
0.045388055170328546
0.04538802662589728
0.04538799780101964
0.04538796869689883
0.045387939314753045
0.04538790965581492
0.045387879721332305
0.045387849512567684
0.045387819030798554
0.04538778827731744
0.045387757253431735
0.045387725960464045
0.04538769439975186
0.045387662572648015
0.0453876304805203
0.04538759812475196
0.0453875655067414
0.04538753262790239
0.045387499489664106
0.045387466093470885
0.0453874324407831
0.04538739853307611
0.04538736437184126
0.04538732995858538
0.04538729529483106
0.04538726038211666
0.04538722522199669
0.04538718981604105
0.045387154165836024
0.04538711827298391
0.0453870821391031
0.04538704576582805
0.04538700915480987
0.04538697230771574
0.04538693522622936
0.04538689791205109
0.04538686036689764
0.045386822592502714
0.04538678459061661
0.045386746363006616
0.045386707911456936
0.04538666923776885
0.045386630343760816
0.04538659123126856
0.04538655190214522
0.04538651235826129
0.04538647260150487
0.045386432633781865
0.045386392457015735
0.04538635207314817
0.045386311484138506
0.04538627069196452
0.04538622969862214
0.045386188506125455
0.04538614711650748
0.04538610553181951
0.04538606375413181
0.04538602178553334
0.04538597962813221
0.045385937284055655
0.045385894755450254
0.04538585204448196
0.04538580915333632
0.04538576608421875
0.045385722839354464
0.04538567942098857
0.04538563583138662
0.04538559207283437
0.045385548147638205
0.04538550405812513
0.045385459806643026
0.045385415395560735
0.04538537082726844
0.045385326104177705
0.04538528122872155
0.04538523620335475
0.0453851910305542
0.045385145712818604
0.04538510025266942
0.04538505465265029
0.04538500891532777
0.04538496304329127
0.04538491703915347
0.04538487090555013
0.045384824645141056
0.04538477826060942
0.045384731754662726
0.04538468513003253
0.04538463838947501
0.045384591535771075
0.045384544571726526
0.045384497500172476
0.0453844503239655
0.04538440304598784
0.04538435566914775
0.04538430819637992
0.04538426063064518
0.045384212974931545
0.04538416523225386
0.04538411740565457
0.04538406949820338
0.04538402151299829
0.04538397345316544
0.04538392532185949
0.04538387712226394
0.0453838288575915
0.045383780531084245
0.045383732146014225
0.04538368370568363
0.04538363521342497
0.04538358667260161
0.045383538086608353
0.04538348945887111
0.04538344079284795
0.04538339209202912
0.04538334335993755
0.04538329460012894
0.04538324581619275
0.04538319701175183
0.04538314819046348
0.04538309935601951
0.04538305051214668
0.04538300166260722
0.04538295281119917
0.045382903961756836
0.04538285511815118
0.045382806284290526
0.045382757464120696
0.04538270866162549
0.045382659880827514
0.04538261112578824
0.04538256240060867
0.045382513709430035
0.04538246505643375
0.045382416445842594
0.04538236788192085
0.04538231936897469
0.04538227091135334
0.04538222251344876
0.04538217417969698
0.04538212591457832
0.045382077722617944
0.04538202960838652
0.045381981576500925
0.04538193363162452
0.045381885778468196
0.0453818380217908
0.04538179036639968
0.04538174281715162
0.04538169537895303
0.04538164805676137
0.04538160085558494
0.045381553780484286
0.04538150683657274
0.04538146002901683
0.04538141336303743
0.045381366843910385
0.04538132047696718
0.04538127426759561
0.04538122822124092
0.04538118234340651
0.045381136639654436
0.045381091115606724
0.04538104577694571
0.04538100062941551
0.045380955678822305
0.045380910931035565
0.04538086639198899
0.04538082206768123
0.04538077796417701
0.04538073408760811
0.04538069044417407
0.04538064704014362
0.045380603881855226
0.045380560975718555
0.04538051832821529
0.0453804759459001
0.04538043383540209
0.045380392003425585
0.045380350456751435
0.045380309202238046
0.04538026824682271
0.045380227597522665
0.045380187261436424
0.04538014724574471
0.045380107557712414
0.04538006820468902
0.04538002919411041
0.04537999053350034
0.045379952230471476
0.04537991429272664
0.04537987672806091
0.045379839544362234
0.045379802749613514
0.045379766351893704
0.04537973035937964
0.045379694780347354
0.04537965962317375
0.04537962489633817
0.04537959060842433
0.04537955676812139
0.045379523384226315
0.04537949046564512
0.04537945802139481
0.045379426060605334
0.04537939459252127
0.04537936362650382
0.045379333172032334
0.04537930323870703
0.04537927383625009
0.045379244974508376
0.045379216663455145
0.04537918891319236
0.04537916173395267
0.04537913513610164
0.045379109130140184
0.045379083726706446
0.045379058936578696
0.04537903477067715
0.04537901124006678
0.045378988355959375
0.04537896612971681
0.045378944572852783
0.04537892369703586
0.04537890351409222
0.04537888403600814
0.04537886527493311
0.045378847243182245
0.04537882995323969
0.04537881341776127
0.045378797649577494
0.04537878266169696
0.04537876846730926
0.045378755079788134
0.04537874251269503
0.04537873077978233
0.04537871989499682
0.045378709872483
0.04537870072658707
0.04537869247186034
0.04537868512306276
0.04537867869516719
0.04537867320336333
0.04537866866306089
0.045378665089894604
0.04537866249972808
0.045378660908657914
0.04537866033301805
0.045378660789384566
0.04537866229457968
0.04537866486567692
0.045378668520005425
0.045378673275155205
0.045378679148981756
0.045378686159611215
0.045378694325445876
0.045378703665169044
0.045378714197750636
0.04537872594245279
0.04537873891883556
0.04537875314676244
0.045378768646406976
0.04537878543825778
0.0453788035431259
0.04537882298215028
0.04537884377680486
0.04537886594890484
0.04537888952061385
0.045378914514450634
0.0453789409532964
0.04537896886040203
0.045378998259395446
0.04537902917428977
0.045379061629490534
0.0453790956498043
0.0453791312604463
0.04537916848704954
0.04537920735567302
0.045379247892810476
0.04537929012539995
0.04537933408083269
0.045379379786962756
0.0453794272721169
0.04537947656510437
0.04537952769522734
0.04537958069229146
0.0453796355866165
0.04537969240904734
0.04537975119096558
0.04537981196430088
0.04537987476154315
0.04537993961575455
0.045380006560582074
0.04538007563027053
0.04538014685967567
0.045380220284277656
0.04538029594019514
0.04538037386419945
0.04538045409372928
0.04538053666690538
0.04538062162254666
0.04538070900018549
0.0453807988400841
0.0453808911832515
0.04538098607146035
0.04538108354726485
0.045381183654018636
0.04538128643589357
0.04538139193789873
0.04538150020590024
0.04538161128664117
0.04538172522776272
0.045381842077825155
0.04538196188632997
0.0453820847037425
0.04538221058151495
0.04538233957211037
0.04538247172902724
0.045382607106824666
0.045382745761148355
0.045382887748757365
0.045383033127551826
0.045383181956600877
0.04538333429617219
0.04538349020776168
0.04538364975412475
0.045383812999307924
0.04538398000868178
0.04538415084897422
0.04538432558830602
0.04538450429622628
0.045384687043749386
0.04538487390339308
0.045385064949217624
0.045385260256866705
0.04538545990360852
0.04538566396837945
0.04538587253182775
0.04538608567635997
0.045386303486187794
0.04538652604737695
0.04538675344789718
0.045386985777674846
0.045387223128645654
0.04538746559481063
0.04538771327229303
0.045387966259397027
0.04538822465666939
0.04538848856696174
0.04538875809549614
0.04538903334993186
0.04538931444043528
0.045389601479751525
0.045389894583279126
0.045390193869146125
0.04539049945829032
0.04539081147454094
0.045391130044704166
0.0453914552986508
0.04539178736940769
0.04539212639325174
0.04539247250980783
0.04539282586215005
0.045393186596906235
0.04539355486436683
0.04539393081859708
0.04539431461755383
0.04539470642320636
0.045395106401661826
0.045395514723294735
0.04539593156288232
0.04539635709974423
0.04539679151788725
0.04539723500615666
0.04539768775839159
0.045398149973588375
0.04539862185606829
0.04539910361565325
0.045399595467847484
0.045400097634026464
0.045400610341633736
0.04540113382438514
0.04540166832248106
0.045402214082827595
0.04540277135926676
0.04540334041281489
0.04540392151191264
0.04540451493268347
0.045405120959204064
0.04540573988378532
0.04540637200726529
0.04540701763931486
0.04540767709875514
0.04540835071389019
0.04540903882285257
0.04540974177396437
0.04541045992611367
0.045411193649148106
0.04541194332428474
0.04541270934453875
0.04541349211517127
0.045414292054157035
0.045415109592672684
0.045415945175608444
0.04541679926210183
0.045417672326096864
0.045418564856928835
0.0454194773599361
0.04542041035710075
0.04542136438771955
0.04542234000910706
0.04542333779733126
0.0454243583479861
0.04542540227700015
0.045426470221485535
0.04542756284062803
0.045428680816621485
0.04542982485564853
0.04543099568891023
0.04543219407370809
0.04543342079458031
0.045434676664496756
0.04543596252611477
0.045437279253100135
0.045438627751517045
0.04544000896129065
0.04544142385774688
0.045442873453234216
0.045444358798831574
0.045445880986149205
0.04544744114922547
0.045449040466528576
0.04545068016306723
0.045452361512617744
0.045454085840075174
0.04545585452393558
0.04545766899891759
0.045459530758732956
0.0454614413590137
0.0454634024204074
0.04546541563185006
0.045467482754028926
0.04546960562304591
0.0454717861542954
0.04547402634657034
0.04547632828641002
0.045478694152705584
0.04548112622158053
0.04548362687156188
0.04548619858906254
0.045488843974192776
0.04549156574692303
0.04549436675361936
0.045497249973974696
0.045500218528361364
0.04550327568562918
0.04550642487137793
0.04550966967673056
0.045513013867638084
0.045516461394745696
0.04552001640385157
0.04552368324698994
0.0455274664941718
0.04553137094581395
0.04553540164588942
0.045539563895829305
0.04554386326920436
0.04554830562721238
0.04555289713499181
0.045557644278777704
0.045562553883905184
0.045567633133658816
0.04557288958894758
0.04557833120877183
0.04558396637142187
0.045589803896320155
0.04559585306638259
0.04560212365072732
0.04560862592750062
0.04561537070651796
0.04562236935132688
0.045629633800185226
0.0456371765853061
0.04564501084954935
0.04565315035951611
0.04566160951373737
0.04567040334430869
0.04567954750990404
0.04568905827758582
0.045698952490178565
0.045709247515172205
0.045719961170122385
0.04573111161826955
0.04574271722655341
0.045754796376274935
0.04576736721426076
0.045780447329415844
0.04579405333585607
0.04580820033925147
0.045822901257380845
0.045838165959003724
0.04585400017676456
0.0458704041397692
0.045887370859560316
0.045904883989525476
0.04592291516263838
0.04594142069688064
0.04596033754380775
0.045979578347505996
0.04599902548569054
0.046018523993825854
0.046037873346029545
0.04605681821238228
0.04607503857295968
0.046092139998722234
0.046107645567342134
0.046120991807185235
0.0461315322193516
0.04613855310797432
0.046141307139175934
0.046139069324963304
0.046131216750238346
0.046117326337602495
0.04609727472863317
0.04607131424778777
0.04604009519776685
0.046004613797511536
0.045966087696173566
0.04592578831843421
0.04588487632844901
0.04584428284894488
0.04580465753779527
0.04576637872692271
0.04572960386908803
0.045694335115748504
0.04566048110429682
0.045627905299516915
0.04559645878221798
0.04556599963838486
0.04553640258141624
0.04550756229347905
0.045479393176147964
0.045451827326890584
0.04542481184750197
0.045398306094058
0.045372279164670556
0.04534670773962572
0.04532157429179077
0.04529686563920342
0.045272571794032844
0.04524868505892465
0.04522519932530349
0.045202109534301795
0.04517941126750821
0.0451571004407433
0.0451351730792326
0.04511362515681736
0.04509245248530317
0.04507165064281928
0.04505121493228096
0.04503114036281772
0.04501142164845179
0.04499205321945733
0.04497302924275263
0.04495434364843463
0.04493599016017234
0.04491796232767898
0.04490025355988916
0.04488285715780035
0.04486576634620805
0.04484897430378345
0.044832474191115815
0.04481625917648543
0.04480032245923865
0.04478465729072634
0.044769256992827994
0.044754114974136505
0.04473922474391039
0.04472457992392525
0.044710174258371586
0.04469600162195515
0.04468205602635632
0.044668331625206996
0.04465482271773717
0.044641523751236735
0.04462842932247228
0.04461553417818657
0.04460283321480124
0.044590321477432485
0.04457799415832043
0.04456584659476245
0.04455387426663296
0.04454207279356273
0.04453043793184239
0.044518965571109674
0.0445076517308686
0.04449649255688816
0.04448548431751674
0.04447462339994766
0.04446390630646414
0.04445332965068805
0.04444289015385417
0.044432584641127044
0.04442241003797534
0.04441236336661534
0.0444024417425342
0.04439264237109961
0.04438296254426294
0.04437339963735879
0.04436395110600639
0.044354614483112446
0.04434538737597788
0.04433626746350886
0.044327252493530055
0.044318340280201624
0.04430952870153537
0.04430081569701074
0.0442921992652872
0.04428367746201007
0.04427524839770857
0.044266910235781276
0.0442586611905682
0.04425049952550411
0.04424242355135265
0.0442344316245155
0.044226522145415496
0.04421869355695026
0.04421094434301194
0.04420327302707251
0.04419567817082998
0.04418815837291302
0.04418071226764194
0.04417333852384291
0.04416603584371292
0.044158802961733176
0.044151638643628435
0.04414454168537039
0.0441375109122225
0.04413054517782432
0.04412364336331379
0.04411680437648505
0.04411002715098046
0.0441033106455145
0.044096653843128726
0.0440900557504759
0.0440835153971313
0.04407703183493104
0.04407060413733503
0.04406423139881354
0.04405791273425666
0.04405164727840527
0.044045434185302386
0.04403927262776345
0.044033161796866456
0.04402710090145817
0.044021089167678315
0.04401512583849923
0.04400921017328088
0.04400334144734074
0.04399751895153715
0.043991741991866715
0.04398600988907317
0.043980321978269975
0.04397467760857331
0.043969076142746866
0.04396351695685717
0.04395799943993922
0.043952522993671535
0.04394708703206157
0.04394169098113924
0.04393633427865986
0.04393101637381517
0.043925736726952214
0.0439204948093009
0.043915290102707935
0.043910122099379015
0.04390499030162717
0.043899894221628634
0.043894833381184765
0.04388980731149029
0.043884815552908164
0.04387985765474946
0.043874933175060034
0.04387004168041206
0.043865182745701135
0.04386035595394853
0.04385556089610877
0.04385079717088222
0.043846064384531654
0.04384136215070468
0.04383669009025966
0.04383204783109666
0.04382743500799235
0.04382285126243942
0.043818296242489625
0.043813769602600826
0.043809271003488415
0.04380480011197976
0.04380035660087276
0.04379594014879793
0.04379155044008358
0.04378718716462488
0.04378285001775563
0.04377853870012401
0.043774252917570686
0.04376999238101026
0.04376575680631604
0.043761545914206994
0.0437573594301385
0.04375319708419437
0.0437490586109835
0.043744943749537274
0.043740852243211004
0.043736783839586756
0.043732738290379505
0.043728715351344684
0.043724714782189235
0.04372073634648393
0.04371677981157833
0.0437128449485176
0.043708931531962196
0.04370503934010843
0.04370116815461204
0.04369731776051286
0.04369348794616252
0.04368967850315232
0.04368588922624487
0.04368211991330592
0.04367837036523827
0.04367464038591812
0.04367092978213209
0.04366723836351639
0.043663565942497144
0.043659912334232436
0.0436562773565561
0.043652660829922404
0.043649062577352155
0.043645482424380815
0.043641920199007124
0.04363837573164379
0.04363484885506834
0.04363133940437648
0.043627847216935835
0.043624372132340945
0.04362091399236948
0.043617472640939625
0.04361404792406851
0.04361063968983149
0.04360724778832264
0.04360387207161606
0.04360051239372847
0.04359716861058219
0.043593840579969935
0.0435905281615189
0.043587231216657835
0.04358394960858307
0.043580683202226175
0.043577431864222964
0.043574195462881875
0.04357097386815444
0.04356776695160551
0.04356457458638503
0.04356139664719964
0.043558233010285746
0.04355508355338275
0.043551948155706906
0.04354882669792636
0.04354571906213569
0.04354262513183237
0.043539544791892856
0.04353647792854933
0.043533424429367605
0.04353038418322483
0.04352735708028784
0.04352434301199245
0.04352134187102276
0.04351835355129114
0.0435153779479187
0.0435124149572158
0.04350946447666394
0.043506526404896606
0.04350360064168221
0.043500687087906
0.043497785645553164
0.04349489621769209
0.04349201870845789
0.043489153023036464
0.043486299067648726
0.04348345674953559
0.04348062597694208
0.04347780665910391
0.04347499870623191
0.0434722020294986
0.04346941654102435
0.04346664215386374
0.04346387878199209
0.043461126340292894
0.04345838474454525
0.043455653911410735
0.043452933758421956
0.04345022420397002
0.043447525167293374
0.04344483656846576
0.0434421583283853
0.043439490368763725
0.043436832612114736
0.04343418498174429
0.043431547401739434
0.04342891979695887
0.04342630209302198
0.04342369421629996
0.0434210960939056
0.04341850765368375
0.0434159288242024
0.04341335953474348
0.04341079971529342
0.0434082492965349
0.043405708209837995
0.043403176387251795
0.04340065376149573
0.04339814026595175
0.04339563583465616
0.0433931404022916
0.04339065390417928
0.04338817627627149
0.04338570745514404
0.043383247377988585
0.04338079598260587
0.043378353207398045
0.04337591899136201
0.043373493274082554
0.04337107599572499
0.04336866709702932
0.043366266519302824
0.043363874204414274
0.04336149009478693
0.04335911413339288
0.04335674626374646
0.04335438642989824
0.043352034576429055
0.04334969064844438
0.043347354591568056
0.043345026351936974
0.043342705876195264
0.043340393111488684
0.04333808800545951
0.04333579050624072
0.04333350056245102
0.04333121812318942
0.04332894313803024
0.043326675557018
0.043324415330662454
0.04332216240993355
0.043319916746256626
0.043317678291507844
0.04331544699800917
0.04331322281852386
0.04331100570625199
0.04330879561482574
0.043306592498305076
0.04330439631117332
0.04330220700833279
0.04330002454510059
0.04329784887720442
0.04329567996077828
0.043293517752358505
0.04329136220887962
0.043289213287670526
0.043287070946450394
0.04328493514332492
0.0432828058367822
0.043280682985689344
0.043278566549288564
0.0432764564871935
0.04327435275938547
0.04327225532621017
0.04327016414837382
0.04326807918693981
0.04326600040332547
0.043263927759298104
0.043261861216972265
0.04325980073880598
0.043257746287597786
0.04325569782648324
0.043253655318931855
0.043251618728743974
0.04324958802004753
0.04324756315729512
0.04324554410526093
0.04324353082903769
0.043241523294033586
0.04323952146596962
0.04323752531087664
0.04323553479509215
0.043233549885258044
0.0432315705483173
0.043229596751511806
0.04322762846237889
0.0432256656487493
0.04322370827874423
0.04322175632077283
0.0432198097435294
0.04321786851599104
0.04321593260741517
0.043214001987336825
0.04321207662556625
0.04321015649218661
0.04320824155755122
0.04320633179228185
0.0432044271672654
0.04320252765365245
0.04320063322285443
0.04319874384654166
0.043196859496640795
0.043194980145332774
0.04319310576505082
0.04319123632847789
0.04318937180854469
0.04318751217842769
0.043185657411546785
0.04318380748156339
0.04318196236237822
0.04318012202812974
0.04317828645319131
0.043176455612170136
0.043174629479904414
0.04317280803146235
0.043170991242139314
0.04316917908745659
0.04316737154315924
0.04316556858521431
0.04316377018980897
0.04316197633334865
0.04316018699245532
0.043158402143965886
0.043156621764929994
0.04315484583260882
0.04315307432447292
0.04315130721820072
0.04314954449167686
0.04314778612299053
0.04314603209043375
0.04314428237249989
0.043142536947881886
0.0431407957954707
0.04313905889435385
0.043137326223813714
0.043135597763326185
0.04313387349255895
0.043132153391369984
0.04313043743980626
0.043128725618102055
0.043127017906677605
0.04312531428613768
0.04312361473727013
0.04312191924104434
0.04312022777860997
0.04311854033129568
0.0431168568806075
0.04311517740822766
0.04311350189601298
0.04311183032599404
0.04311016268037347
0.043108498941524645
0.04310683909199064
0.04310518311448273
0.043103530991879226
0.04310188270722423
0.04310023824372645
0.04309859758475771
0.0430969607138521
0.04309532761470464
0.04309369827116991
0.04309207266726115
0.04309045078714898
0.043088832615160076
0.04308721813577651
0.0430856073336339
0.043084000193521016
0.043082396700378146
0.043080796839296366
0.04307920059551626
0.043077607954426736
0.04307601890156427
0.0430744334226116
0.04307285150339672
0.04307127312989192
0.043069698288212846
0.04306812696461725
0.043066559145504064
0.043064994817412494
0.04306343396702101
0.04306187658114638
0.04306032264674242
0.04305877215089957
0.04305722508084361
0.043055681423934566
0.04305414116766614
0.0430526042996646
0.0430510708076878
0.043049540679624416
0.043048013903493075
0.04304649046744122
0.043044970359744465
0.04304345356880565
0.043041940083153964
0.04304042989144407
0.043038922982455326
0.04303741934509083
0.043035918968376656
0.043034421841461085
0.04303292795361363
0.043031437294224366
0.04302994985280304
0.043028465618978246
0.043026984582496805
0.04302550673322287
0.043024032061136815
0.043022560556335465
0.04302109220902984
0.04301962700954576
0.043018164948322356
0.043016706015911586
0.04301525020297726
0.043013797500294645
0.043012347898749456
0.04301090138933733
0.043009457963162905
0.04300801761143927
0.043006580325487355
0.04300514609673474
0.043003714916715736
0.043002286777070034
0.04300086166954238
0.042999439585981694
0.04299802051834052
0.04299660445867445
0.04299519139914129
0.04299378133200034
0.042992374249612095
0.04299097014443723
0.04298956900903621
0.04298817083606841
0.042986775618291825
0.04298538334856217
0.042983994019832314
0.042982607625151666
0.04298122415766574
0.04297984361061529
0.04297846597733582
0.0429770912512571
0.0429757194259023
0.04297435049488768
0.042972984451921874
0.04297162129080532
0.04297026100542966
0.04296890358977725
0.042967549037920494
0.042966197344021385
0.042964848502330795
0.04296350250718812
0.04296215935302049
0.04296081903434253
0.04295948154575553
0.042958146881946914
0.04295681503768998
0.04295548600784298
0.04295415978734909
0.04295283637123528
0.04295151575461217
0.042950197932673545
0.04294888290069569
0.04294757065403682
0.04294626118813668
0.04294495449851608
0.042943650580776364
0.04294234943059869
0.04294105104374389
0.04293975541605169
0.042938462543440366
0.04293717242190625
0.04293588504752307
0.0429346004164417
0.042933318524889554
0.04293203936917014
0.042930762945662435
0.042929489250820824
0.04292821828117404
0.042926950033325174
0.04292568450395101
0.04292442168980156
0.04292316158769966
0.0429219041945404
0.042920649507290805
0.042919397522989323
0.04291814823874527
0.04291690165173859
0.042915657759219294
0.042914416558506835
0.04291317804699003
0.04291194222212627
0.04291070908144129
0.042909478622528634
0.04290825084304933
0.042907025740731325
0.04290580331336899
0.04290458355882293
0.04290336647501942
0.042902152059949863
0.0429009403116705
0.042899731228302096
0.04289852480802918
0.04289732104909975
0.0428961199498253
0.04289492150857959
0.04289372572379885
0.04289253259398117
0.04289134211768605
0.04289015429353386
0.0428889691202059
0.04288778659644326
0.042886606721047014
0.0428854294928778
0.04288425491085485
0.04288308297395615
0.04288191368121767
0.042880747031733356
0.04287958302465431
0.0428784216591885
0.04287726293460057
0.0428761068502112
0.042874953405396696
0.04287380259958885
0.04287265443227419
0.04287150890299384
0.042870366011343024
0.04286922575697061
0.04286808813957877
0.0428669531589228
0.04286582081481018
0.04286469110710069
0.04286356403570585
0.04286243960058836
0.042861317801761924
0.04286019863929086
0.04285908211328938
0.042857968223921725
0.04285685697140125
0.042855748355990354
0.042854642378
0.042853539037789316
0.04285243833576507
0.042851340272381536
0.04285024484813986
0.042849152063587935
0.04284806191931974
0.042846974415974924
0.04284588955423876
0.04284480733484144
0.04284372775855764
0.042842650826206474
0.042841576538650686
0.04284050489679662
0.04283943590159361
0.04283836955403348
0.04283730585515051
0.04283624480602068
0.04283518640776143
0.04283413066153145
0.042833077568529804
0.042832027129996
0.04283097934720947
0.04282993422148884
0.042828891754192154
0.0428278519467159
0.04282681480049483
0.04282578031700173
0.04282474849774673
0.04282371934427708
0.04282269285817666
0.042821669041065664
0.04282064789460021
0.042819629420471655
0.04281861362040668
0.04281760049616651
0.042816590049546424
0.0428155822823759
0.04281457719651771
0.042813574793867354
0.042812575076353485
0.04281157804593651
0.04281058370460889
0.04280959205439431
0.04280860309734757
0.0428076168355539
0.04280663327112876
0.04280565240621734
0.042804674242993904
0.04280369878366206
0.042802726030453556
0.04280175598562825
0.04280078865147361
0.04279982403030448
0.04279886212446233
0.04279790293631506
0.04279694646825656
0.04279599272270605
0.04279504170210808
0.04279409340893167
0.0427931478456702
0.04279220501484064
0.042791264918983704
0.04279032756066268
0.04278939294246346
0.042788461066994056
0.042787531936884095
0.042786605554784356
0.04278568192336635
0.042784761045321924
0.042783842923362805
0.04278292756022006
0.04278201495864381
0.04278110512140277
0.04278019805128357
0.04277929375109058
0.04277839222364521
0.04277749347178589
0.04277659749836706
0.04277570430625903
0.04277481389834757
0.04277392627753334
0.04277304144673139
0.04277215940887079
0.04277128016689418
0.042770403723757185
0.04276953008242813
0.042768659245887394
0.042767791217127094
0.042766925999150475
0.04276606359497165
0.04276520400761492
0.04276434724011431
0.042763493295513245
0.04276264217686404
0.042761793887227235
0.042760948429671375
0.04276010580727244
0.04275926602311334
0.04275842908028315
0.042757594981877416
0.04275676373099676
0.04275593533074711
0.04275510978423856
0.04275428709458555
0.042753467264905864
0.04275265029832053
0.0427518361979529
0.04275102496692844
0.042750216608374435
0.04274941112541883
0.04274860852119064
0.042747808798818517
0.04274701196143096
0.04274621801215548
0.042745426954118176
0.04274463879044329
0.04274385352425262
0.04274307115866494
0.04274229169679572
0.042741515141756475
0.04274074149665443
0.042739970764591524
0.04273920294866467
0.04273843805196452
0.04273767607757543
0.04273691702857477
0.042736160908032235
0.04273540771900993
0.042734657464560996
0.042733910147729995
0.04273316577155166
0.04273242433905076
0.04273168585324167
0.04273095031712744
0.04273021773369988
0.04272948810593827
0.042728761436809724
0.042728037729268024
0.04272731698625334
0.042726599210691656
0.042725884405494345
0.04272517257355764
0.04272446371776204
0.042723757840971814
0.04272305494603461
0.042722355035780674
0.042721658113022636
0.042720964180554905
0.04272027324115297
0.04271958529757306
0.04271890035255181
0.04271821840880521
0.04271753946902871
0.042716863535896266
0.04271619061206011
0.042715520700149986
0.04271485380277291
0.04271418992251243
0.04271352906192834
0.04271287122355587
0.04271221640990558
0.042711564623462504
0.04271091586668588
0.04271027014200853
0.04270962745183634
0.04270898779854784
0.042708351184493745
0.042707717611996356
0.04270708708334914
0.04270645960081629
0.04270583516663183
0.042705213782999865
0.04270459545209346
0.04270398017605451
0.04270336795699293
0.04270275879698673
0.04270215269808088
0.042701549662287286
0.04270094969158419
0.04270035278791566
0.0426997589531912
0.04269916818928528
0.042698580498036695
0.04269799588124853
0.042697414340687134
0.0426968358780822
0.04269626049512608
0.042695688193473046
0.042695118974739765
0.042694552840503656
0.042693989792303266
0.04269342983163779
0.04269287295996624
0.04269231917870753
0.042691768489239515
0.04269122089289901
0.04269067639098136
0.042690134984739544
0.04268959667538443
0.042689061464083994
0.042688529351963045
0.042688000340102755
0.042687474429540295
0.04268695162126855
0.042686431916235716
0.04268591531534481
0.042685401819453364
0.04268489142937325
0.04268438414587002
0.042683879969662795
0.04268337890142384
0.042682880941778086
0.04268238609130305
0.0426818943505284
0.042681405719935554
0.04268092019995748
0.042680437790978236
0.04267995849333297
0.04267948230730721
0.04267900923313694
0.04267853927100801
0.04267807242105612
0.042677608683366425
0.042677148057973124
0.042676690544859563
0.0426762361439576
0.04267578485514754
0.042675336678258
0.04267489161306533
0.042674449659293845
0.04267401081661519
0.04267357508464836
0.042673142462959404
0.04267271295106138
0.04267228654841378
0.04267186325442288
0.042671443068440985
0.04267102598976686
0.04267061201764504
0.042670201151265984
0.04266979338976573
0.042669388732226046
0.04266898717767391
0.042668588725081585
0.0426681933733667
0.042667801121391694
0.042667411967963954
0.0426670259118359
0.04266664295170448
0.04266626308621144
0.04266588631394312
0.04266551263343033
0.04266514204314836
0.042664774541516966
0.04266441012690023
0.04266404879760664
0.042663690551888823
0.042663335387943944
0.04266298330391324
0.042662634297882376
0.042662288367881114
0.04266194551188376
0.042661605727808756
0.04266126901351889
0.042660935366821355
0.04266060478546781
0.04266027726715431
0.04265995280952145
0.042659631410154435
0.04265931306658306
0.042658997776282105
0.0426586855366709
0.04265837634511384
0.042658070198920386
0.04265776709534512
0.042657467031587896
0.04265717000479394
0.042656876012054055
0.04265658505040484
0.04265629711682833
0.042656012208253095
0.04265573032155342
0.04265545145355014
0.04265517560101047
0.04265490276064842
0.04265463292912483
0.04265436610304762
0.04265410227897195
0.04265384145340065
0.042653583622784125
0.04265332878352075
0.042653076931957176
0.04265282806438844
0.04265258217705832
0.0426523392661593
0.04265209932783342
0.04265186235817181
0.04265162835321566
0.04265139730895597
0.04265116922133416
0.04265094408624211
0.04265072189952277
0.042650502656970145
0.042650286354329756
0.042650072987299024
0.042649862551527425
0.04264965504261704
0.0426494504561225
0.04264924878755175
0.042649050032366236
0.042648854185981015
0.042648661243765644
0.04264847120104384
0.04264828405309442
0.04264809979515139
0.04264791842240444
0.042647739929999026
0.042647564313037324
0.042647391566578034
0.04264722168563701
0.04264705466518763
0.0426468905001612
0.042646729185447416
0.04264657071589458
0.0426464150863102
0.042646262291461214
0.04264611232607458
0.04264596518483752
0.04264582086239809
0.042645679353365544
0.042645540652310694
0.042645404753766374
0.042645271652227736
0.042645141342153116
0.04264501381796399
0.042644889074045504
0.042644767104747114
0.0426446479043828
0.04264453146723164
0.04264441778753811
0.04264430685951287
0.0426441986773326
0.042644093235140984
0.04264399052704904
0.042643890547135334
0.04264379328944662
0.0426436987479983
0.042643606916774816
0.04264351778973008
0.04264343136078786
0.042643347623842434
0.042643266572758846
0.04264318820137354
0.042643112503494465
0.04264303947290196
0.04264296910334884
0.0426429013885612
0.04264283632223844
0.042642773898053994
0.042642714109655776
0.042642656950666484
0.04264260241468418
0.042642550495282566
0.04264250118601168
0.04264245448039809
Eitim Tamamland
16 numaral adaki hata: %4,932
