1.0
0.11222318630826439
0.11193140844767692
0.11170671698301084
0.11145392987084875
0.11112415934343889
0.1106602707737388
0.10998516758567295
0.10899157302638039
0.10754161427413333
0.10550256619718353
0.1028538336563567
0.09981709464577247
0.09681166723626435
0.09419286701665686
0.0920764327889166
0.09039679493325833
0.08903461816851663
0.08788717726406424
0.0868841984222916
0.08598212797154292
0.08515495451773371
0.08438706644897565
0.08366869289302407
0.08299325725534247
0.0823559281744793
0.08175285743420312
0.08118078922567581
0.08063686106658263
0.08011850007054626
0.07962336547342058
0.07914931346129861
0.07869437304576773
0.07825672784423335
0.07783470142475357
0.07742674509499742
0.07703142752090504
0.0766474257664812
0.07627351743851878
0.07590857367638593
0.07555155277516351
0.0752014942774855
0.07485751341510295
0.07451879582338043
0.07418459248887845
0.0738542149209013
0.07352703056208731
0.07320245847091883
0.07287996532079781
0.07255906176657209
0.07223929923078143
0.07192026715929321
0.07160159079057239
0.07128292947597809
0.07096397558179673
0.07064445399869942
0.07032412228202237
0.07000277144684174
0.06968022744394729
0.06935635334329542
0.06903105224508457
0.0687042709182054
0.0683760041237282
0.06804629951077719
0.0677152628710516
0.06738306341099001
0.06704993856147225
0.0667161977187878
0.06638222423000635
0.06604847493483294
0.06571547668007705
0.06538381943893638
0.06505414597672844
0.06472713836352278
0.0644035019818101
0.06408394795217397
0.06376917505559528
0.0634598522482647
0.06315660275408412
0.0628599905149856
0.06257050952429287
0.06228857630638534
0.06201452556922009
0.06174860886343187
0.061490995939156766
0.061241778397510646
0.06100097518176991
0.06076853943658285
0.060544366275154624
0.060328301028141934
0.06012014759823863
0.05991967660563225
0.05972663307628852
0.05954074349240188
0.05936172208803209
0.05918927632961548
0.05902311156855434
0.058862934890455854
0.058708458212845226
0.05855940070112904
0.05841549058252732
0.058276466441194455
0.058142078076369605
0.058012087000616
0.057886266648268174
0.05776440235612862
0.05764629116999992
0.05753174152235876
0.057420572818723696
0.057312614963260754
0.05720770784799529
0.05710570082468667
0.057006452173932944
0.056909828582346056
0.05681570463558907
0.05672396233261426
0.05663449062448933
0.05654718497968048
0.056461946976489645
0.05637868392246753
0.05629730849998228
0.05621773843667
0.05613989619919508
0.05606370870856716
0.05598910707517568
0.055916026351691295
0.05584440530202693
0.05577418618463885
0.055705314548565414
0.05563773904074422
0.05557141122330083
0.05550628539966851
0.055442318448564475
0.05537946966501126
0.05531770060775329
0.055256974952565416
0.05519725835109043
0.05513851829496164
0.05508072398507575
0.05502384620596976
0.05496785720532301
0.054912730578661674
0.05485844115937486
0.05480496491416913
0.05475227884409091
0.05470036089123438
0.054649189851230046
0.05459874529157537
0.054549007475833224
0.05449995729367638
0.054451576196714827
0.05440384613999588
0.05435674952902188
0.054310269172093986
0.05426438823775121
0.0542190902170468
0.054174358890378256
0.05413017829857158
0.05408653271790699
0.05404340663877067
0.05400078474761586
0.05395865191192327
0.05391699316786042
0.05387579371035327
0.05383503888530137
0.05379471418368412
0.053754805237329666
0.05371529781613581
0.05367617782655685
0.053637431311190115
0.05359904444931747
0.0535610035582762
0.05352329509555557
0.05348590566152791
0.05344882200274365
0.053412031015732366
0.05337551975126426
0.05333927541903855
0.053303285392775505
0.05326753721569566
0.05323201860637723
0.05319671746498831
0.0531616218798939
0.05312672013463937
0.05309200071531706
0.05305745231831635
0.05302306385846429
0.052988824477555645
0.05295472355327065
0.052920750708475225
0.052886895820891365
0.05285314903312091
0.05281950076299774
0.052785941714236534
0.052752462887336586
0.05271905559068953
0.05268571145183092
0.0526524224287624
0.05261918082126205
0.05258597928208711
0.052552810827961004
0.052519668850226235
0.05248654712502966
0.05245343982289816
0.05242034151754834
0.05238724719376646
0.052354152254183856
0.052321052524766834
0.05228794425883362
0.052254824139408663
0.05222168927972367
0.052188537221676656
0.052155365932067835
0.052122173796439304
0.05208895961036
0.05205572256801594
0.05202246224798663
0.051989178596117035
0.05195587190542487
0.05192254279301948
0.05188919217404665
0.05185582123271947
0.05182243139053976
0.0517890242718649
0.051755601667024455
0.051722165493243745
0.05168871775368225
0.05165526049494411
0.05162179576346709
0.05158832556123927
0.05155485180133234
0.05152137626377425
0.05148790055230992
0.05145442605261757
0.051420953892557436
0.05138748490503088
0.05135401959401694
0.05132055810433379
0.051287100195643164
0.05125364522117254
0.051220192111582415
0.05118673936434399
0.05115328503892462
0.051119826758004874
0.05108636171486549
0.05105288668699911
0.05101939805591101
0.050985891832978567
0.0509523636911512
0.050918809002178364
0.05088522287896733
0.05085160022258894
0.050817935773373374
0.0507842241654664
0.05075045998415992
0.05071663782525651
0.050682752355690246
0.050648798374598854
0.05061477087402697
0.05058066509843697
0.05054647660221894
0.05051220130441116
0.050477835539885454
0.05044337610629709
0.050408820306165024
0.05037416598351977
0.050339411554638
0.05030455603247669
0.050269599044513745
0.050234540843809024
0.050199382313199495
0.05016412496265274
0.05012877091990433
0.05009332291460694
0.05005778425631374
0.0500221588067054
0.049986450946548765
0.04995066553794254
0.04991480788246013
0.049878883675841826
0.04984289895991742
0.04980686007245517
0.04977077359563541
0.049734646303833896
0.04969848511137903
0.049662297020911225
0.04962608907292885
0.04958986829705599
0.049553641665505334
0.04951741604915121
0.049481198176559896
0.04944499459625822
0.049408811642456876
0.04937265540437908
0.04933653169928434
0.049300446049220785
0.049264403661485594
0.049228409412728664
0.04919246783659044
0.04915658311473417
0.049120759071100036
0.0490849991691899
0.04904930651217145
0.04901368384558109
0.04897813356239831
0.04894265771026164
0.04890725800059841
0.04887193581944681
0.04883669223975564
0.04880152803495798
0.0487664436936281
0.04873143943504146
0.048696515225475856
0.04866167079510207
0.048626905655330246
0.04859221911648994
0.048557610305737804
0.048523078185098524
0.04848862156955652
0.048454239145129016
0.04841992948685864
0.04838569107667484
0.04835152232107964
0.048317421568620386
0.04828338712711768
0.04824941728061992
0.048215510306059944
0.04818166448958991
0.048147878142572306
0.04811414961720454
0.048080477321752524
0.048046859735367944
0.04801329542246007
0.04797978304658965
0.04794632138384818
0.047912909335681764
0.04787954594111233
0.047846230388304156
0.04781296202541884
0.04777974037069389
0.04774656512167705
0.04771343616354066
0.04768035357639751
0.047647317641532676
0.04761432884646556
0.0475813878887504
0.04754849567842437
0.047515653339011886
0.04748286220699522
0.04745012382966635
0.047417439961278667
0.04738481255742751
0.047352243767598216
0.04731973592583279
0.047287291539482086
0.0472549132760307
0.047222603947997835
0.04719036649594618
0.04715820396964998
0.04712611950750537
0.04709411631428922
0.04706219763740472
0.047030366741778525
0.04699862688360236
0.04696698128313833
0.046935433096831056
0.04690398538899081
0.046872641103328234
0.046841403034633564
0.04681027380090136
0.04677925581620083
0.046748351264589275
0.046717562075353436
0.04668688989984682
0.04665633609016645
0.0466259016798854
0.04659558736702101
0.046565393499381984
0.04653532006239586
0.04650536666947436
0.04647553255492999
0.04644581656941362
0.04641621717779855
0.04638673245939773
0.04635736011036262
0.04632809744808044
0.04629894141735764
0.04626988859815604
0.04624093521462982
0.04621207714520128
0.04618330993340647
0.046154628799241565
0.04612602865074405
0.04609750409555207
0.04606904945219517
0.04604065876088535
0.04601232579359296
0.04598404406321053
0.04595580683162503
0.045927607116539156
0.045899437696899
0.04587129111680314
0.04584315968778538
0.04581503548937519
0.04578691036785416
0.04575877593313737
0.04573062355371446
0.04570244434959505
0.045674229183204254
0.045645968648176265
0.04561765305599836
0.04558927242044965
0.04556081643978283
0.04553227447658809
0.04550363553527717
0.0454748882371175
0.04544602079274236
0.04541702097205634
0.04538787607145135
0.04535857287824473
0.04532909763224855
0.045299435984381464
0.045269572952237894
0.04523949287254035
0.045209179350415435
0.045178615205457524
0.04514778241458045
0.04511666205169972
0.045085234224352955
0.04505347800744405
0.04502137137439906
0.04498889112615236
0.04495601281853972
0.04492271068887424
0.04488895758271715
0.044854724882141615
0.04481998243711964
0.04478469850204684
0.04474883967984932
0.04471237087658655
0.04467525526995116
0.04463745429554122
0.044598927655195235
0.044559633351956576
0.04451952775627751
0.04447856570775029
0.044436700655802484
0.04439388484124636
0.044350069518166994
0.04430520521229174
0.044259242007798606
0.044212129849924245
0.04416381884668046
0.04411425955120744
0.044063403209441736
0.044011201969429724
0.043957609072766975
0.04390257908848714
0.043846068305476465
0.04378803546538426
0.04372844307941143
0.04366725960482172
0.043604462729630304
0.043540043898765673
0.043474014001314024
0.043406409846089455
0.043337300736751905
0.043266794198030666
0.0431950397835777
0.04312222997263219
0.043048597455305836
0.042974408585757407
0.04289995337304964
0.04282553296572438
0.04275144603273241
0.042677975632046186
0.04260537803299854
0.04253387455389787
0.04246364690949509
0.04239483598672587
0.04232754351433964
0.042261835834146715
0.042197748921464384
0.04213529389311847
0.04207446241649471
0.042015231631518817
0.04195756837679312
0.04190143265020562
0.041846780328483026
0.04179356522468962
0.041741740587093054
0.041691260147016816
0.04164207881558831
0.041594153115765906
0.04154744142069883
0.04150190405469474
0.04145750330001743
0.04141420334185562
0.041371970175086446
0.041330771489691255
0.041290576546553506
0.04125135605157219
0.04121308203325436
0.041175727726978986
0.04113926746773678
0.04110367659219813
0.04106893135032256
0.0410350088263089
0.04100188686842429
0.040969544027105426
0.04093795950064616
0.040907113087764166
0.04087698514634419
0.04084755655768427
0.040818808695609804
0.04079072339986726
0.04076328295325691
0.0407364700620136
0.04071026783899153
0.04068465978925463
0.04065962979771658
0.04063516211851421
0.040611241365834536
0.04058785250594861
0.04056498085023665
0.04054261204901674
0.04052073208601288
0.0404993272733226
0.04047838424676468
0.04045788996150287
0.040437831687862406
0.040418197007265795
0.040398973808230244
0.04038015028237937
0.04036171492043122
0.040343656508133145
0.04032596412212356
0.04030862712570329
0.040291635164508156
0.040274978162077264
0.04025864631531556
0.040242630089852786
0.04022692021530274
0.04021150768043092
0.04019638372823651
0.040181539850960214
0.04016696778502685
0.04015265950593415
0.040138607223098914
0.04012480337467143
0.04011124062232978
0.04009791184606469
0.040084810138965594
0.04007192880201827
0.04005926133892368
0.04004680145094663
0.04003454303180352
0.04002248016259686
0.040010607106802834
0.03999891830532048
0.03998740837158611
0.0399760720867603
0.03996490439499088
0.03995390039875691
0.03994305535429652
0.039932364667122584
0.039921823887627356
0.03991142870678033
0.039901174951918805
0.03989105858263359
0.0398810756867508
0.0398712224764099
0.039861495284238185
0.03985189055962191
0.03984240486507396
0.03983303487269675
0.03982377736074044
0.03981462921025515
0.0398055874018359
0.039796649012459565
0.039787811212411685
0.03977907126230286
0.03977042651017146
0.03976187438867293
0.039753412412352244
0.03974503817499918
0.03973674934708316
0.039728543673267475
0.03972041896999953
0.039712373123176076
0.03970440408588153
0.03969650987619693
0.039688688575078374
0.039680938324302785
0.039673257324478656
0.03966564383312106
0.039658096162787905
0.03965061267927666
0.03964319179987887
0.039635831991692044
0.039628531769985285
0.03962128969661923
0.03961410437851686
0.03960697446618461
0.03959989865228216
0.03959287567023861
0.03958590429291461
0.03957898333130857
0.0395721116333051
0.03956528808246513
0.039558511596856
0.0395517811279199
0.03954509565938011
0.0395384542061833
0.039531855813476895
0.039525299555620216
0.03951878453522889
0.039512309882250164
0.03950587475306966
0.03949947832964755
0.0394931198186831
0.039486798450807555
0.03948051347980325
0.039474264181848955
0.03946804985479044
0.03946186981743503
0.039455723408869464
0.03944960998780102
0.0394435289319195
0.039437479637281815
0.03943146151771559
0.03942547400424348
0.03941951654452638
0.03941358860232476
0.03940768965697869
0.03940181920290402
0.039395976749106436
0.039390161818710454
0.0393843739485053
0.03937861268850457
0.039372877601521535
0.03936716826275775
0.03936148425940585
0.039355825190265176
0.03935019066537011
0.03934458030563087
0.03933899374248615
0.03933343061756719
0.03932789058237291
0.039322373297956036
0.03931687843461902
0.03931140567162094
0.03930595469689285
0.03930052520676386
0.039295116905695114
0.03928972950602314
0.03928436272771172
0.03927901629811141
0.039273689951727524
0.03926838342999564
0.0392630964810643
0.03925782885958486
0.03925258032650863
0.039247350648890116
0.03924213959969741
0.03923694695762797
0.03923177250693143
0.039226616037237316
0.03922147734338901
0.03921635622528289
0.039211252487712914
0.03920616594022021
0.039201096396947306
0.03919604367649809
0.03919100760180091
0.03918598799997761
0.03918098470221573
0.03917599754364554
0.039171026363220965
0.03916607100360412
0.03916113131105413
0.03915620713531897
0.03915129832953154
0.039146404750108325
0.03914152625665196
0.03913666271185707
0.03913181398141852
0.039126979933943234
0.039122160440864716
0.039117355376360206
0.03911256461727083
0.03910778804302414
0.03910302553555911
0.0390982769792539
0.0390935422608555
0.03908882126941201
0.039084113896207175
0.03907942003469667
0.03907473958044669
0.03907007243107467
0.03906541848619174
0.03906077764734676
0.03905614981797289
0.0390515349033354
0.039046932810480994
0.0390423434481893
0.03903776672692554
0.03903320255879483
0.03902865085749804
0.0390241115382889
0.03901958451793275
0.039015069714666215
0.03901056704815873
0.03900607643947478
0.03900159781103758
0.038997131086594056
0.038992676191180665
0.03898823305109049
0.038983801593841405
0.03897938174814518
0.03897497344387743
0.038970576612048884
0.03896619118477746
0.038961817095260906
0.03895745427775047
0.03895310266752601
0.03894876220087068
0.038944432815047655
0.038940114448276705
0.038935807039712014
0.038931510529420496
0.038927224858360684
0.03892294996836275
0.03891868580210842
0.0389144323031121
0.03891018941570257
0.03890595708500474
0.03890173525692264
0.03889752387812243
0.03889332289601609
0.03888913225874578
0.03888495191516838
0.03888078181484076
0.03887662190800533
0.03887247214557615
0.038868332479125335
0.038864202860869994
0.03886008324365938
0.03885597358096255
0.038851873826856696
0.03884778393601494
0.038843703863695636
0.038839633565730884
0.03883557299851622
0.0388315221190001
0.03882748088467395
0.038823449253562285
0.03881942718421338
0.03881541463568991
0.03881141156755997
0.0388074179398884
0.03880343371322846
0.03879945884861301
0.03879549330754729
0.038791537052000315
0.03878759004439776
0.03878365224761437
0.038779723624966574
0.038775804140205754
0.03877189375751089
0.03876799244148237
0.03876410015713505
0.03876021686989201
0.038756342545578366
0.038752477150415
0.03874862065101276
0.03874477301436648
0.038740934207849305
0.038737104199207326
0.038733282956553844
0.038729470448364035
0.03872566664347
0.03872187151105523
0.038718085020649835
0.03871430714212553
0.038710537845690805
0.03870677710188603
0.03870302488157912
0.03869928115596034
0.038695545896538466
0.03869181907513594
0.038688100663884485
0.038684390635220924
0.03868068896188303
0.03867699561690502
0.038673310573613756
0.038669633805624506
0.038665965286837044
0.03866230499143158
0.038658652893864866
0.038655008968866415
0.03865137319143467
0.038647745536833165
0.038644125980586745
0.03864051449847807
0.03863691106654381
0.038633315661071
0.03862972825859351
0.03862614883588853
0.038622577369973043
0.03861901383810015
0.038615458217755916
0.03861191048665557
0.0386083706227405
0.038604838604174435
0.03860131440934047
0.03859779801683749
0.038594289405476885
0.03859078855427922
0.03858729544247125
0.03858381004948221
0.03858033235494073
0.0385768623386719
0.038573399980693715
0.03856994526121391
0.03856649816062709
0.03856305865951121
0.038559626738624606
0.038556202378902886
0.03855278556145572
0.038549376267563884
0.03854597447867596
0.03854258017640544
0.03853919334252769
0.03853581395897672
0.03853244200784232
0.03852907747136691
0.03852572033194266
0.03852237057210832
0.03851902817454649
0.038515693122080426
0.03851236539767115
0.03850904498441455
0.03850573186553828
0.038502426024399156
0.03849912744447987
0.03849583610938646
0.03849255200284506
0.03848927510869934
0.03848600541090741
0.038482742893539305
0.03847948754077366
0.038476239336895396
0.038472998266292635
0.03846976431345393
0.03846653746296554
0.03846331769950873
0.03846010500785698
0.03845689937287317
0.03845370077950695
0.038450509212792174
0.038447324657843944
0.038444147099856184
0.038440976524098905
0.03843781291591548
0.03843465626072031
0.03843150654399591
0.038428363751290565
0.03842522786821569
0.038422098880443324
0.038418976773703505
0.03841586153378205
0.038412753146517646
0.0384096515977999
0.038406556873566505
0.03840346895980107
0.03840038784253052
0.03839731350782306
0.038394245941785345
0.03839118513056063
0.03838813106032629
0.03838508371729141
0.03838204308769469
0.0383790091578022
0.038375981913905295
0.038372961342318046
0.03836994742937554
0.038366940161431426
0.03836393952485604
0.03836094550603425
0.038357958091363276
0.03835497726725088
0.03835200302011335
0.038349035336373245
0.03834607420245781
0.03834311960479697
0.03834017152982126
0.03833722996396022
0.03833429489364038
0.038331366305283596
0.03832844418530515
0.038325528520112215
0.03832261929610185
0.03831971649965964
0.03831682011715764
0.03831393013495329
0.03831104653938735
0.03830816931678259
0.038305298453442105
0.038302433935648014
0.03829957574965978
0.03829672388171296
0.038293878318017574
0.0382910390447569
0.03828820604808624
0.03828537931413127
0.0382825588289869
0.03827974457871627
0.038276936549349175
0.03827413472688094
0.03827133909727162
0.03826854964644427
0.038265766360284385
0.03826298922463852
0.03826021822531339
0.038257453348074864
0.03825469457864695
0.03825194190271084
0.03824919530590414
0.038246454773819785
0.038243720292005345
0.0382409918459621
0.03823826942114446
0.03823555300295893
0.038232842576763584
0.03823013812786731
0.03822743964152919
0.038224747102957826
0.03822206049731076
0.03821937980969372
0.038216705025160516
0.0382140361287121
0.038211373105296265
0.03820871593980716
0.03820606461708485
0.03820341912191506
0.03820077943902853
0.03819814555310102
0.03819551744875265
0.03819289511054783
0.038190278522995
0.03818766767054633
0.03818506253759753
0.03818246310848778
0.03817986936749936
0.038177281298857835
0.038174698886731626
0.038172122115232174
0.03816955096841377
0.03816698543027376
0.03816442548475219
0.038161871115732174
0.03815932230703974
0.03815677904244399
0.038154241305657116
0.03815170908033475
0.038149182350075785
0.03814666109842288
0.038144145308862405
0.038141634964824735
0.03813913004968453
0.038136630546760995
0.03813413643931804
0.03813164771056472
0.038129164343655486
0.03812668632169059
0.03812421362771629
0.03812174624472538
0.038119284155657567
0.03811682734339989
0.038114375790786956
0.038111929480601735
0.03810948839557573
0.03810705251838967
0.03810462183167381
0.0381021963180087
0.03809977595992546
0.03809736073990651
0.038094950640386066
0.03809254564375073
0.03809014573233999
0.03808775088844713
0.038085361094319356
0.03808297633215894
0.03808059658412347
0.038078221832326876
0.03807585205883964
0.03807348724568992
0.03807112737486405
0.03806877242830717
0.03806642238792412
0.03806407723558002
0.038061736953100965
0.03805940152227517
0.0380570709248531
0.03805474514254871
0.03805242415704002
0.038050107949969936
0.03804779650294704
0.038045489797546406
0.038043187815310305
0.03804089053774919
0.03803859794634226
0.03803631002253865
0.03803402674775782
0.038031748103390696
0.038029474070800394
0.038027204631323135
0.03802493976626895
0.038022679456922746
0.03802042368454492
0.038018172430372366
0.038015925675619434
0.03801368340147833
0.03801144558912072
0.038009212219697934
0.038006983274342175
0.03800475873416735
0.03800253858026989
0.038000322793729654
0.037998111355610764
0.03799590424696249
0.03799370144882029
0.03799150294220646
0.03798930870813107
0.03798711872759299
0.03798493298158065
0.03798275145107272
0.03798057411703943
0.03797840096044306
0.03797623196223902
0.03797406710337669
0.037971906364800016
0.037969749727448945
0.037967597172259684
0.03796544868016605
0.03796330423209986
0.037961163808992254
0.03795902739177428
0.03795689496137769
0.03795476649873594
0.03795264198478498
0.037950521400464156
0.03794840472671683
0.03794629194449147
0.03794418303474235
0.037942077978430244
0.03793997675652344
0.03793787934999862
0.037935785739841264
0.0379336959070469
0.037931609832621664
0.03792952749758302
0.03792744888296077
0.03792537396979771
0.03792330273915037
0.03792123517208971
0.037919171249702135
0.03791711095308993
0.0379150542633723
0.03791300116168592
0.03791095162918565
0.03790890564704542
0.03790686319645877
0.03790482425863979
0.03790278881482343
0.03790075684626668
0.03789872833424888
0.037896703260072606
0.0378946816050643
0.037892663350574896
0.03789064847798053
0.037888636968683186
0.037886628804111165
0.037884623965720156
0.0378826224349934
0.03788062419344247
0.03787862922260811
0.03787663750406051
0.03787464901940014
0.037872663750258
0.03787068167829679
0.03786870278521097
0.03786672705272743
0.03786475446260619
0.03786278499664099
0.03786081863665953
0.03785885536452422
0.03785689516213276
0.037854938011418586
0.03785298389435124
0.03785103279293712
0.03784908468921983
0.03784713956528058
0.037845197403238905
0.03784325818525293
0.03784132189351991
0.037839388510276635
0.03783745801779994
0.03783553039840718
0.03783360563445643
0.03783168370834706
0.037829764602520306
0.03782784829945948
0.03782593478169027
0.03782402403178123
0.03782211603234445
0.03782021076603537
0.037818308215553535
0.03781640836364284
0.0378145111930919
0.03781261668673439
0.037810724827449294
0.03780883559816129
0.03780694898184108
0.0378050649615058
0.037803183520219025
0.03780130464109128
0.037799428307280294
0.037797554501991334
0.037795683208477295
0.03779381441003921
0.03779194809002615
0.037790084231835906
0.03778822281891487
0.03778636383475847
0.03778450726291131
0.03778265308696734
0.03778080129057034
0.0377789518574136
0.03777710477124066
0.037775260015845295
0.03777341757507153
0.037771577432814
0.03776973957301817
0.037767903979680204
0.03776607063684753
0.03776423952861866
0.0377624106391435
0.037760583952623376
0.03775875945331126
0.03775693712551183
0.03775511695358164
0.03775329892192912
0.03775148301501484
0.03774966921735148
0.037747857513503985
0.03774604788808957
0.03774424032577798
0.03774243481129122
0.037740631329404056
0.037738829864943785
0.037737030402790354
0.03773523292787631
0.03773343742518718
0.03773164387976114
0.03772985227668922
0.0377280626011153
0.03772627483823611
0.03772448897330131
0.037722704991613544
0.03772092287852815
0.03771914261945353
0.037717364199851035
0.037715587605234774
0.03771381282117185
0.0377120398332823
0.037710268627238766
0.03770849918876693
0.037706731503645174
0.037704965557704646
0.03770320133682914
0.03770143882695527
0.03769967801407206
0.03769791888422123
0.03769616142349696
0.037694405618045906
0.03769265145406695
0.03769089891781148
0.03768914799558303
0.037687398673737105
0.03768565093868159
0.037683904776876095
0.0376821601748322
0.037680417119113345
0.037678675596334525
0.03767693559316242
0.037675197096315206
0.03767346009256246
0.03767172456872489
0.03766999051167455
0.03766825790833438
0.03766652674567839
0.03766479701073124
0.03766306869056832
0.03766134177231556
0.03765961624314932
0.03765789209029617
0.037656169301032896
0.03765444786268608
0.03765272776263251
0.0376510089882983
0.037649291527159345
0.03764757536674074
0.03764586049461718
0.03764414689841202
0.037642434565797744
0.03764072348449578
0.037639013642275794
0.03763730502695619
0.03763559762640346
0.03763389142853232
0.03763218642130536
0.03763048259273296
0.037628779930872984
0.03762707842383076
0.037625378059758886
0.037623678826857014
0.03762198071337152
0.03762028370759548
0.037618587797868606
0.0376168929725768
0.03761519922015199
0.037613506529072166
0.03761181488786104
0.0376101242850877
0.03760843470936679
0.03760674614935788
0.03760505859376555
0.03760337203133921
0.0376016864508728
0.037600001841204496
0.03759831819121664
0.03759663548983555
0.03759495372603129
0.037593272888817364
0.037591592967250696
0.03758991395043126
0.03758823582750186
0.03758655858764828
0.03758488222009838
0.0375832067141225
0.03758153205903317
0.03757985824418459
0.037578185258972635
0.0375765130928346
0.037574841735249054
0.037573171175735456
0.03757150140385417
0.03756983240920607
0.0375681641814323
0.03756649671021437
0.03756482998527351
0.0375631639963706
0.03756149873330629
0.03755983418592037
0.03755817034409149
0.03755650719773741
0.037554844736814454
0.03755318295131721
0.03755152183127861
0.03754986136676956
0.037548201547898674
0.03754654236481203
0.03754488380769309
0.03754322586676257
0.037541568532277816
0.03753991179453313
0.03753825564385895
0.0375366000706222
0.03753494506522582
0.03753329061810841
0.03753163671974427
0.03752998336064326
0.03752833053134995
0.03752667822244426
0.03752502642454084
0.03752337512828857
0.037521724324371036
0.037520074003505675
0.03751842415644381
0.03751677477397067
0.037515125846904716
0.03751347736609781
0.03751182932243489
0.03751018170683364
0.03750853451024447
0.037506887723650344
0.037505241338066174
0.037503595344539196
0.03750194973414817
0.03750030449800378
0.037498659627247986
0.03749701511305397
0.037495370946626055
0.03749372711919915
0.03749208362203898
0.0374904404464417
0.037488797583733593
0.03748715502527108
0.03748551276244036
0.03748387078665735
0.03748222908936735
0.03748058766204501
0.037478946496193995
0.037477305583346894
0.03747566491506499
0.03747402448293822
0.03747238427858456
0.03747074429365054
0.03746910451981038
0.037467464948766176
0.037465825572247625
0.03746418638201195
0.037462547369843564
0.03746090852755396
0.037459269846981585
0.03745763131999169
0.037455992938476027
0.037454354694352654
0.03745271657956631
0.03745107858608726
0.03744944070591202
0.037447802931062764
0.0374461652535873
0.03744452766555896
0.037442890159076134
0.03744125272626256
0.03743961535926682
0.037437978050262444
0.03743634079144754
0.03743470357504479
0.03743306639330126
0.037431429238488245
0.037429792102901094
0.03742815497885939
0.037426517858706175
0.037424880734808354
0.037423243599556455
0.03742160644536436
0.03741996926466921
0.0374183320499315
0.03741669479363448
0.03741505748828468
0.037413420126411134
0.037411782700565714
0.037410145203322885
0.0374085076272795
0.037406869965054816
0.03740523220929031
0.03740359435264966
0.03740195638781852
0.037400318307504364
0.0373986801044368
0.03739704177136696
0.037395403301067554
0.037393764686333014
0.037392125919979244
0.037390486994843555
0.037388847903784356
0.037387208639681375
0.03738556919543561
0.037383929563968986
0.03738228973822451
0.03738064971116611
0.03737900947577852
0.037377369025067324
0.037375728352058844
0.03737408744980004
0.037372446311358616
0.03737080492982285
0.03736916329830145
0.03736752140992361
0.037365879257839164
0.03736423683521813
0.037362594135251115
0.037360951151148826
0.03735930787614263
0.037357664303483785
0.03735602042644424
0.037354376238315924
0.037352731732411194
0.03735108690206245
0.0373494417406225
0.0373477962414642
0.037346150397980865
0.03734450420358592
0.037342857651713045
0.0373412107358161
0.03733956344936939
0.037337915785867405
0.03733626773882499
0.0373346193017774
0.03733297046828017
0.03733132123190924
0.03732967158626114
0.037328021524952876
0.03732637104162192
0.037324720129926485
0.03732306878354537
0.03732141699617818
0.03731976476154531
0.03731811207338804
0.03731645892546851
0.03731480531157012
0.03731315122549727
0.03731149666107552
0.0373098416121519
0.03730818607259473
0.03730653003629406
0.037304873497161356
0.03730321644913
0.03730155888615526
0.03729990080221432
0.037298242191306605
0.03729658304745385
0.03729492336470021
0.0372932631371124
0.03729160235878
0.03728994102381531
0.037288279126353914
0.037286616660554474
0.03728495362059941
0.03728329000069436
0.03728162579506904
0.03727996099797707
0.03727829560369654
0.037276629606529686
0.03727496300080351
0.037273295780870096
0.037271627941106375
0.03726995947591477
0.03726829037972336
0.03726662064698606
0.03726495027218287
0.03726327924982026
0.03726160757443133
0.03725993524057614
0.03725826224284208
0.03725658857584399
0.03725491423422461
0.03725323921265488
0.03725156350583419
0.03724988710849081
0.037248210015382095
0.037246532221295044
0.03724485372104642
0.03724317450948318
0.03724149458148295
0.03723981393195453
0.037238132555837765
0.03723645044810444
0.03723476760375859
0.03723308401783671
0.03723139968540842
0.037229714601576896
0.03722802876147901
0.03722634216028611
0.03722465479320443
0.037222966655475524
0.03722127774237659
0.03721958804922124
0.03721789757136005
0.037216206304180474
0.03721451424310823
0.037212821383607236
0.037211127721180286
0.0372094332513698
0.03720773796975812
0.037206041871968396
0.03720434495366489
0.03720264721055372
0.03720094863838342
0.0371992492329457
0.03719754899007612
0.03719584790565415
0.03719414597560485
0.03719244319589867
0.037190739562552644
0.03718903507163066
0.037187329719244704
0.03718562350155527
0.03718391641477197
0.037182208455154596
0.037180499619013874
0.03717878990271184
0.03717707930266315
0.037175367815335474
0.03717365543725077
0.0371719421649855
0.03717022799517217
0.03716851292449956
0.037166796949714226
0.037165080067620725
0.037163362275083135
0.03716164356902555
0.03715992394643328
0.037158203404353565
0.03715648193989682
0.037154759550237434
0.037153036232614865
0.03715131198433451
0.03714958680276882
0.0371478606853585
0.037146133629613345
0.03714440563311333
0.03714267669351004
0.037140946808527225
0.03713921597596241
0.03713748419368788
0.03713575145965165
0.037134017771879066
0.03713228312847352
0.03713054752761811
0.037128810967576434
0.03712707344669428
0.03712533496340062
0.037123595516208856
0.03712185510371829
0.03712011372461533
0.03711837137767495
0.03711662806176189
0.03711488377583209
0.037113138518934066
0.037111392290210404
0.03710964508889912
0.03710789691433501
0.03710614776595138
0.03710439764328117
0.037102646545958594
0.03710089447372096
0.03709914142640979
0.037097387403972455
0.037095632406463845
0.03709387643404802
0.03709211948699958
0.037090361565705575
0.03708860267066695
0.0370868428025001
0.037085081961938965
0.037083320149836306
0.03708155736716558
0.03707979361502274
0.03707802889462784
0.037076263207326904
0.03707449655459369
0.03707272893803143
0.03707096035937459
0.03706919082049099
0.03706742032338343
0.03706564887019134
0.037063876463193195
0.037062103104807946
0.03706032879759715
0.03705855354426678
0.03705677734766933
0.037055000210805523
0.03705322213682652
0.03705144312903578
0.037049663190890945
0.037047882326006115
0.03704610053815359
0.03704431783126622
0.037042534209438926
0.03704074967693142
0.03703896423816968
0.037037177897748276
0.03703539066043254
0.03703360253116048
0.03703181351504488
0.03703002361737542
0.037028232843621015
0.03702644119943154
0.037024648690640205
0.03702285532326567
0.03702106110351388
0.03701926603778067
0.03701747013265348
0.03701567339491378
0.037013875831538826
0.03701207744970431
0.037010278256785795
0.03700847826036169
0.037006677468214594
0.03700487588833382
0.03700307352891735
0.03700127039837391
0.036999466505325304
0.03699766185860804
0.03699585646727585
0.03699405034060153
0.03699224348807881
0.03699043591942461
0.03698862764458119
0.03698681867371753
0.03698500901723193
0.03698319868575367
0.036981387690144835
0.03697957604150249
0.03697776375116012
0.036975950830689976
0.03697413729190447
0.036972323146858124
0.03697050840784923
0.03696869308742168
0.036966877198366534
0.03696506075372361
0.03696324376678324
0.03696142625108746
0.036959608220432004
0.03695778968886726
0.03695597067070014
0.03695415118049486
0.03695233123307477
0.03695051084352333
0.03694869002718524
0.036946868799667736
0.03694504717684142
0.03694322517484161
0.036941402810068746
0.036939580099189705
0.0369377570591384
0.03693593370711634
0.03693411006059352
0.03693228613730896
0.03693046195527079
0.03692863753275717
0.03692681288831613
0.03692498804076612
0.03692316300919592
0.03692133781296483
0.036919512471702276
0.03691768700530814
0.036915861433952084
0.03691403577807316
0.036912210058379705
0.03691038429584851
0.036908558511723866
0.03690673272751737
0.03690490696500638
0.036903081246233475
0.036901255593504816
0.036899430029389224
0.03689760457671686
0.03689577925857709
0.03689395409831746
0.036892129119541726
0.03689030434610767
0.03688847980212544
0.036886655511955066
0.03688483150020429
0.03688300779172594
0.03688118441161557
0.03687936138520853
0.03687753873807693
0.03687571649602718
0.03687389468509595
0.036872073331547746
0.03687025246187068
0.03686843210277337
0.03686661228118077
0.03686479302423064
0.03686297435926909
0.03686115631384675
0.03685933891571399
0.03685752219281668
0.036855706173291425
0.03685389088546071
0.036852076357827904
0.036850262619072455
0.03684844969804382
0.03684663762375704
0.03684482642538657
0.036843016132260396
0.036841206773854766
0.036839398379787815
0.036837590979813255
0.036835784603814585
0.03683397928179816
0.03683217504388695
0.03683037192031369
0.03682856994141411
0.036826769137619855
0.03682496953945171
0.036823171177512055
0.036821374082477716
0.03681957828509257
0.03681778381615973
0.03681599070653415
0.03681419898711489
0.036812408688837006
0.036810619842663705
0.036808832479578474
0.0368070466305766
0.036805262326657213
0.0368034795988149
0.03680169847803139
0.036799918995266995
0.03679814118145214
0.036796365067478964
0.0367945906841926
0.03679281806238247
0.036791047232773766
0.03678927822601863
0.0367875110726874
0.03678574580325978
0.03678398244811637
0.03678222103752956
0.036780461601654775
0.03677870417052209
0.03677694877402682
0.03677519544192152
0.03677344420380645
0.03677169508912176
0.03676994812713813
0.036768203346948594
0.03676646077745995
0.03676472044738407
0.036762982385229695
0.03676124661929413
0.0367595131776547
0.03675778208816108
0.03675605337842658
0.036754327075820874
0.036752603207461466
0.03675088180020652
0.03674916288064676
0.03674744647509834
0.036745732609595204
0.036744021309882066
0.03674231260140703
0.03674060650931505
0.03673890305844079
0.036737202273302245
0.03673550417809399
0.03673380879668126
0.0367321161525936
0.03673042626901888
0.03672873916879785
0.0367270548744182
0.0367253734080094
0.03672369479133765
0.03672201904580046
0.036720346192422315
0.036718676251850026
0.03671700924434816
0.03671534518979512
0.03671368410767899
0.03671202601709397
0.03671037093673688
0.036708718884903846
0.03670706987948706
0.036705423937972166
0.036703781077435396
0.03670214131454159
0.036700504665541304
0.036698871146269574
0.036697240772143695
0.03669561355816177
0.03669398951890154
0.03669236866851931
0.03669075102074885
0.03668913658890081
0.036687525385862514
0.036685917424097374
0.03668431271564516
0.03668271127212187
0.0366811131047206
0.03667951822421154
0.0366779266409432
0.036676338364843034
0.03667475340541921
0.03667317177176126
0.03667159347254198
0.03667001851601927
0.03666844691003767
0.03666687866203095
0.03666531377902377
0.03666375226763452
0.03666219413407776
0.03666063938416683
0.036659088023317035
0.03665754005654817
0.03665599548848826
0.03665445432337632
0.036652916565066244
0.03665138221702997
0.03664985128236133
0.03664832376377997
0.036646799663635245
0.036645278983909645
0.03664376172622386
0.036642247891840216
0.036640737481667386
0.03663923049626461
0.036637726935846125
0.03663622680028586
0.036634730089121874
0.03663323680156128
0.03663174693648454
0.03663026049245094
0.0366287774677025
0.03662729786016993
0.03662582166747668
0.036624348886944415
0.036622879515597846
0.03662141355016981
0.036619950987106284
0.036618491822571465
0.03661703605245299
0.036615583672366836
0.03661413467766257
0.03661268906342857
0.03661124682449682
0.03660980795544838
0.03660837245061834
0.03660694030410082
0.036605511509754364
0.03660408606120677
0.036602663951860064
0.036601245174895845
0.03659982972328009
0.03659841758976815
0.036597008766909744
0.03659560324705381
0.0365942010223536
0.03659280208477118
0.03659140642608255
0.036590014037882285
0.03658862491158817
0.03658723903844628
0.03658585640953497
0.036584477015769966
0.03658310084790876
0.0365817278965551
0.036580358152163164
0.03657899160504273
0.03657762824536232
0.03657626806315452
0.036574911048319586
0.036573557190629824
0.03657220647973362
0.0365708589051597
0.03656951445632062
0.03656817312251723
0.03656683489294212
0.036565499756683655
0.036564167702729605
0.036562838719970826
0.036561512797204994
0.036560189923139884
0.03655887008639724
0.03655755327551577
0.036556239478954936
0.03655492868509789
0.036553620882254965
0.03655231605866668
0.03655101420250704
0.03654971530188653
0.03654841934485493
0.036547126319404495
0.03654583621347283
0.036544549014945395
0.036543264711658766
0.03654198329140282
0.03654070474192366
0.0365394290509263
0.036538156206076956
0.036536886195005516
0.03653561900530829
0.03653435462454986
0.03653309304026602
0.03653183423996526
0.03653057821113166
0.03652932494122676
0.03652807441769159
0.03652682662794878
0.03652558155940473
0.03652433919945106
0.03652309953546723
0.03652186255482186
0.0365206282448746
0.03651939659297815
0.036518167586479654
0.03651694121272264
0.036515717459048413
0.036514496312798
0.03651327776131303
0.036512061791938076
0.036510848392021414
0.036509637548916764
0.03650842924998463
0.03650722348259378
0.03650602023412211
0.03650481949195837
0.03650362124350329
0.03650242547617053
0.03650123217738805
0.036500041334599366
0.03649885293526424
0.0364976669668602
0.036496483416883156
0.036495302272848675
0.0364941235222928
0.036492947152773084
0.03649177315186951
0.036490601507185166
0.03648943220634718
0.036488265237007864
0.036487100586845
0.03648593824356292
0.036484778194893305
0.03648362042859543
0.036482464932457624
0.03648131169429731
0.03648016070196169
0.03647901194332884
0.036477865406307895
0.036476721078839536
0.036475578948897115
0.03647443900448653
0.036473301233647115
0.03647216562445224
0.03647103216500933
0.03646990084346073
0.03646877164798401
0.03646764456679247
0.036466519588135286
0.036465396700298344
0.036464275891604184
0.036463157150412415
0.03646204046512035
0.03646092582416313
0.03645981321601402
0.03645870262918462
0.03645759405222541
0.03645648747372577
0.03645538288231436
0.03645428026665934
0.03645317961546846
0.03645208091748957
0.036450984161510463
0.036449889336359495
0.0364487964309052
0.036447705434057176
0.036446616334765335
0.03644552912202105
0.036444443784856534
0.036443360312345144
0.03644227869360186
0.03644119891778276
0.036440120974085784
0.03643904485175037
0.0364379705400576
0.03643689802833042
0.03643582730593358
0.036434758362273674
0.03643369118679942
0.036432625769001144
0.03643156209841158
0.03643050016460525
0.03642943995719876
0.03642838146585076
0.03642732468026196
0.036426269590175114
0.03642521618537499
0.0364241644556884
0.036423114390984154
0.036422065981172945
0.03642101921620742
0.0364199740860822
0.036418930580833606
0.03641788869053989
0.036416848405320834
0.036415809715338116
0.0364147726107949
0.0364137370819358
0.03641270311904702
0.03641167071245612
0.0364106398525318
0.036409610529684285
0.036408582734364564
0.03640755645706476
0.03640653168831803
0.03640550841869822
0.03640448663881986
0.036403466339338136
0.03640244751094879
0.03640143014438776
0.036400414230431326
0.03639939975989585
0.03639838672363776
0.03639737511255327
0.03639636491757836
0.036395356129688645
0.036394348739899246
0.036393342739264437
0.036392338118877855
0.0363913348698721
0.03639033298341881
0.03638933245072815
0.036388333263049
0.03638733541166874
0.03638633888791301
0.0363853436831457
0.036384349788768394
0.03638335719622088
0.03638236589698037
0.036381375882561705
0.036380387144517023
0.03637939967443574
0.036378413463944215
0.03637742850470561
0.036376444788419955
0.03637546230682362
0.03637448105168956
0.036373501014826615
0.036372522188079966
0.03637154456333041
0.036370568132494514
0.03636959288752431
0.03636861882040722
0.036367645923165784
0.036366674187857516
0.03636570360657476
0.03636473417144451
0.03636376587462812
0.03636279870832142
0.0363618326647542
0.03636086773619012
0.036359903914926765
0.03635894119329526
0.03635797956366006
0.03635701901841888
0.03635605955000252
0.03635510115087457
0.036354143813531505
0.03635318753050218
0.036352232294347704
0.03635127809766162
0.03635032493306921
0.036349372793227745
0.036348421670826164
0.0363474715585848
0.03634652244925526
0.036345574335620356
0.03634462721049386
0.036343681066720264
0.036342735897174794
0.036341791694762954
0.036340848452420686
0.036339906163113986
0.03633896481983872
0.03633802441562062
0.03633708494351502
0.0363361463966066
0.036335208768009386
0.036334272050866465
0.03633333623835
0.036332401323660786
0.036331467300028286
0.036330534160710456
0.03632960189899362
0.03632867050819212
0.03632773998164831
0.036326810312732445
0.036325881494842456
0.036324953521403774
0.03632402638586924
0.036323100081718816
0.036322174602459595
0.03632124994162572
0.03632032609277796
0.03631940304950377
0.03631848080541705
0.036317559354158244
0.0363166386893938
0.036315718804816134
0.03631479969414399
0.036313881351121576
0.03631296376951888
0.03631204694313135
0.03631113086577989
0.03631021553131071
0.036309300933594996
0.03630838706652912
0.036307473924034224
0.036306561500056254
0.03630564978856585
0.03630473878355802
0.03630382847905235
0.036302918869092544
0.03630200994774661
0.03630110170910658
0.03630019414728833
0.03629928725643175
0.03629838103070033
0.03629747546428123
0.03629657055138508
0.036295666286246045
0.03629476266312151
0.03629385967629213
0.036292957320061645
0.03629205558875694
0.0362911544767277
0.036290253978346516
0.03628935408800885
0.03628845480013278
0.036287556109158826
0.0362866580095503
0.036285760495792865
0.036284863562394416
0.036283967203885284
0.03628307141481798
0.03628217618976722
0.03628128152332973
0.03628038741012423
0.036279493844791524
0.0362786008219942
0.036277708336416706
0.036276816382765364
0.03627592495576806
0.03627503405017452
0.03627414366075608
0.03627325378230551
0.03627236440963723
0.036271475537587264
0.03627058716101293
0.03626969927479302
0.03626881187382776
0.0362679249530387
0.036267038507368676
0.03626615253178196
0.03626526702126399
0.03626438197082154
0.03626349737548248
0.03626261323029616
0.0362617295303329
0.03626084627068436
0.03625996344646325
0.03625908105280376
0.036258199084860825
0.036257317537811064
0.036256436406851875
0.036255555687201985
0.036254675374101444
0.03625379546281137
0.036252915948614135
0.03625203682681335
0.03625115809273387
0.036250279741721854
0.03624940176914483
0.03624852417039151
0.03624764694087205
0.036246770076018
0.036245893571282384
0.036245017422139536
0.0362441416240855
0.03624326617263769
0.036242391063335246
0.03624151629173885
0.03624064185343093
0.036239767744015716
0.03623889395911919
0.03623802049438919
0.036237147345495574
0.03623627450813001
0.0362354019780065
0.03623452975086097
0.03623365782245169
0.03623278618855912
0.03623191484498628
0.036231043787558384
0.036230173012123425
0.03622930251455189
0.03622843229073701
0.036227562336594965
0.03622669264806459
0.03622582322110802
0.03622495405171029
0.03622408513587987
0.03622321646964841
0.036222348049071075
0.03622147987022655
0.03622061192921722
0.03621974422216933
0.03621887674523299
0.036218009494582364
0.0362171424664158
0.03621627565695592
0.036215409062449896
0.03621454267916947
0.03621367650341097
0.036212810531495644
0.03621194475976987
0.03621107918460509
0.036210213802398035
0.03620934860957096
0.036208483602571694
0.03620761877787389
0.03620675413197707
0.03620588966140694
0.03620502536271539
0.03620416123248083
0.03620329726730824
0.03620243346382936
0.036201569818703
0.03620070632861487
0.0361998429902783
0.03619897980043396
0.03619811675585021
0.03619725385332331
0.03619639108967758
0.03619552846176565
0.03619466596646855
0.03619380360069605
0.036192941361386656
0.03619207924550802
0.03619121725005696
0.03619035537205989
0.03618949360857281
0.03618863195668164
0.03618777041350234
0.03618690897618125
0.03618604764189519
0.0361851864078518
0.03618432527128952
0.036183464229478046
0.03618260327971855
0.03618174241934376
0.03618088164571817
0.036180020956238595
0.036179160348333864
0.036178299819465506
0.036177439367127716
0.0361765789888479
0.03617571868218634
0.03617485844473706
0.03617399827412764
0.03617313816801969
0.036172278124108864
0.03617141814012531
0.03617055821383367
0.036169698343033616
0.03616883852555991
0.036167978759282675
0.03616711904210742
0.0361662593719758
0.036165399746865314
0.03616454016478982
0.03616368062379983
0.03616282112198251
0.036161961657462
0.03616110222839994
0.036160242832995265
0.0361593834694847
0.03615852413614302
0.03615766483128311
0.03615680555325637
0.03615594630045281
0.036155087071301495
0.03615422786427053
0.0361533686778674
0.03615250951063918
0.036151650361172856
0.03615079122809554
0.03614993211007442
0.03614907300581741
0.036148213914072976
0.03614735483363076
0.036146495763321275
0.03614563670201668
0.03614477764863062
0.036143918602118554
0.03614305956147798
0.03614220052574853
0.03614134149401233
0.03614048246539413
0.03613962343906142
0.03613876441422476
0.03613790539013786
0.03613704636609774
0.03613618734144508
0.03613532831556427
0.03613446928788355
0.03613361025787527
0.03613275122505599
0.03613189218898656
0.03613103314927256
0.03613017410556423
0.036129315057556524
0.03612845600498946
0.03612759694764817
0.036126737885363046
0.03612587881800975
0.03612501974550951
0.03612416066782923
0.036123301584981365
0.036122442497024176
0.036121583404061956
0.03612072430624494
0.0361198652037693
0.03611900609687755
0.03611814698585829
0.03611728787104641
0.03611642875282312
0.036115569631616024
0.036114710507899224
0.03611385138219309
0.03611299225506458
0.036112133127127126
0.03611127399904064
0.0361104148715115
0.03610955574529269
0.036108696621183566
0.03610783750002995
0.03610697838272413
0.036106119270204746
0.0361052601634568
0.03610440106351152
0.03610354197144637
0.03610268288838492
0.03610182381549691
0.036100964753997836
0.03610010570514928
0.036099246670258406
0.0360983876506779
0.03609752864780627
0.0360966696630871
0.036095810698009136
0.03609495175410636
0.03609409283295755
0.03609323393618607
0.03609237506545987
0.03609151622249115
0.036090657409036234
0.03608979862689526
0.03608893987791206
0.03608808116397385
0.03608722248701093
0.036086363848996474
0.03608550525194633
0.03608464669791855
0.03608378818901343
0.03608292972737282
0.036082071315179896
0.03608121295465918
0.036080354648075796
0.036079496397735285
0.03607863820598334
0.03607778007520514
0.03607692200782546
0.036076064006307765
0.03607520607315411
0.03607434821090485
0.036073490422137706
0.036072632709468096
0.036071775075548006
0.03607091752306584
0.036070060054746174
0.03606920267334875
0.036068345381668615
0.03606748818253518
0.036066631078811834
0.03606577407339566
0.03606491716921664
0.03606406036923734
0.03606320367645208
0.03606234709388685
0.036061490624598465
0.03606063427167394
0.036059778038230184
0.03605892192741323
0.036058065942397716
0.036057210086386245
0.036056354362608976
0.036055498774322806
0.036054643324810724
0.03605378801738161
0.036052932855368904
0.036052077842130825
0.03605122298104896
0.036050368275528
0.03604951372899518
0.03604865934489939
0.0360478051267106
0.03604695107791931
0.036046097202035596
0.03604524350258878
0.036044389983126465
0.03604353664721401
0.03604268349843389
0.036041830540384796
0.03604097777668107
0.036040125210952054
0.03603927284684128
0.03603842068800592
0.036037568738115824
0.03603671700085312
0.03603586547991121
0.0360350141789943
0.03603416310181661
0.036033312252101525
0.036032461633581106
0.03603161124999519
0.03603076110509086
0.0360299112026215
0.03602906154634631
0.036028212140029416
0.03602736298743927
0.036026514092347944
0.03602566545853037
0.036024817089763586
0.03602396898982624
0.0360231211624976
0.03602227361155709
0.036021426340783515
0.03602057935395439
0.03601973265484515
0.03601888624722867
0.036018040134874384
0.03601719432154783
0.03601634881100965
0.03601550360701533
0.03601465871331424
0.03601381413364909
0.036012969871755444
0.036012125931360696
0.03601128231618377
0.0360104390299345
0.036009596076312676
0.0360087534590079
0.0360079111816986
0.036007069248051624
0.036006227661721665
0.036005386426350566
0.03600454554556683
0.03600370502298502
0.03600286486220532
0.036002025066812764
0.03600118564037698
0.03600034658645142
0.035999507908573036
0.0359986696102616
0.03599783169501936
0.03599699416633048
0.03599615702766054
0.03599532028245614
0.035994483934144415
0.03599364798613263
0.03599281244180758
0.03599197730453531
0.03599114257766089
0.035990308264507526
0.03598947436837665
0.035988640892547274
0.035987807840275526
0.03598697521479483
0.03598614301931491
0.035985311257021736
0.035984479931077305
0.03598364904461924
0.03598281860076039
0.035981988602588624
0.03598115905316665
0.03598032995553152
0.03597950131269464
0.03597867312764125
0.03597784540333051
0.035977018142694966
0.035976191348640614
0.035975365024046385
0.03597453917176432
0.03597371379461911
0.03597288889540814
0.03597206447690099
0.03597124054183984
0.03597041709293887
0.03596959413288436
0.03596877166433426
0.03596794968991876
0.0359671282122395
0.03596630723386986
0.035965486757354746
0.03596466678521065
0.03596384731992544
0.03596302836395855
0.03596220991974074
0.03596139198967403
0.035960574576131936
0.03595975768145931
0.03595894130797234
0.03595812545795852
0.03595731013367683
0.035956495337357675
0.03595568107120283
0.03595486733738565
0.03595405413805101
0.03595324147531541
0.03595242935126715
0.0359516177679661
0.03595080672744413
0.03594999623170501
0.03594918628272454
0.03594837688245062
0.035947568032803495
0.035946759735675717
0.03594595199293243
0.035945144806411145
0.03594433817792246
0.035943532109249644
0.035942726602148964
0.035941921658350084
0.03594111727955588
0.03594031346744271
0.035939510223660626
0.035938707549833436
0.03593790544755914
0.03593710391840966
0.03593630296393142
0.03593550258564537
0.03593470278504717
0.035933903563607324
0.035933104922771554
0.03593230686396072
0.035931509388571356
0.03593071249797552
0.035929916193521254
0.035929120476532656
0.0359283253483101
0.03592753081013055
0.035926736863247585
0.035925943508891695
0.035925150748270664
0.035924358582569406
0.03592356701295056
0.03592277604055441
0.0359219856664993
0.035921195891881676
0.035920406717776604
0.03591961814523759
0.03591883017529696
0.035918042808966266
0.03591725604723616
0.03591646989107686
0.03591568434143831
0.035914899399250376
0.035914115065422934
0.03591333134084627
0.0359125482263912
0.03591176572290942
0.03591098383123336
0.035910202552176786
0.03590942188653487
0.03590864183508429
0.03590786239858349
0.035907083577772975
0.0359063053733754
0.03590552778609588
0.03590475081662204
0.03590397446562429
0.03590319873375613
0.035902423621654
0.03590164912993799
0.03590087525921156
0.035900102010061816
0.035899329383060084
0.035898557378761395
0.035897785997705454
0.03589701524041613
0.03589624510740199
0.035895475599156505
0.0358947067161581
0.03589393845887007
0.03589317082774144
0.03589240382320635
0.035891637445684806
0.03589087169558244
0.03589010657329089
0.0358893420791879
0.03588857821363745
0.03588781497698993
0.0358870523695822
0.03588629039173791
0.03588552904376743
0.035884768325968174
0.0358840082386246
0.035883248782008534
0.035882489956379035
0.035881731761982595
0.03588097419905353
0.03588021726781372
0.035879460968473054
0.03587870530122933
0.03587795026626847
0.035877195863764644
0.03587644209388031
0.03587568895676642
0.03587493645256244
0.03587418458139648
0.03587343334338553
0.03587268273863531
0.03587193276724063
0.03587118342928527
0.035870434724842165
0.03586968665397358
0.0358689392167311
0.03586819241315573
0.035867446243278006
0.03586670070711811
0.03586595580468592
0.03586521153598096
0.03586446790099284
0.035863724899700945
0.035862982532074775
0.03586224079807386
0.03586149969764788
0.03586075923073687
0.03586001939727105
0.035859280197171106
0.03585854163034813
0.035857803696703806
0.035857066396130316
0.03585632972851047
0.035855593693718005
0.03585485829161721
0.035854123522063214
0.035853389384902165
0.03585265587997118
0.03585192300709817
0.03585119076610236
0.035850459156793996
0.0358497281789745
0.03584899783243654
0.035848268116964094
0.03584753903233238
0.03584681057830811
0.035846082754649386
0.03584535556110582
0.03584462899741852
0.03584390306332019
0.03584317775853521
0.03584245308277963
0.03584172903576116
0.035841005617179275
0.03584028282672539
0.03583956066408275
0.035838839128926256
0.03583811822092301
0.03583739793973214
0.03583667828500459
0.03583595925638359
0.03583524085350433
0.03583452307599429
0.035833805923472954
0.03583308939555224
0.035832373491836336
0.03583165821192156
0.03583094355539685
0.03583022952184331
0.03582951611083468
0.035828803321937074
0.03582809115470918
0.035827379608702185
0.03582666868346
0.03582595837851901
0.035825248693408404
0.03582453962765012
0.03582383118075872
0.03582312335224162
0.03582241614159919
0.03582170954832456
0.035821003571903764
0.035820298211815864
0.035819593467532995
0.035818889338520156
0.03581818582423549
0.035817482924130305
0.035816780637649016
0.035816078964229274
0.03581537790330208
0.035814677454291434
0.035813977616614895
0.03581327838968331
0.03581257977290092
0.03581188176566546
0.03581118436736815
0.03581048757739361
0.035809791395120215
0.03580909581991987
0.03580840085115804
0.03580770648819409
0.03580701273038099
0.035806319577065496
0.03580562702758823
0.035804935081283705
0.03580424373748031
0.03580355299550035
0.03580286285466021
0.03580217331427025
0.03580148437363501
0.035800796032053106
0.03580010828881724
0.03579942114321453
0.0357987345945263
0.03579804864202803
0.035797363284989746
0.03579667852267584
0.03579599435434507
0.03579531077925077
0.03579462779664086
0.035793945405757706
0.03579326360583841
0.03579258239611471
0.035791901775813234
0.03579122174415508
0.03579054230035639
0.03578986344362823
0.0357891851731764
0.03578850748820177
0.035787830387900205
0.03578715387146269
0.03578647793807513
0.03578580258691885
0.035785127817170234
0.03578445362800095
0.0357837800185779
0.03578310698806348
0.03578243453561547
0.03578176266038693
0.03578109136152658
0.03578042063817863
0.03577975048948293
0.035779080914574934
0.03577841191258582
0.03577774348264246
0.03577707562386768
0.0357764083353799
0.0357757416162937
0.03577507546571931
0.0357744098827632
0.03577374486652775
0.03577308041611156
0.03577241653060929
0.03577175320911165
0.03577109045070579
0.03577042825447517
0.03576976661949935
0.035769105544854594
0.03576844502961333
0.035767785072844616
0.03576712567361403
0.03576646683098368
0.03576580854401236
0.03576515081175551
0.03576449363326536
0.03576383700759085
0.03576318093377777
0.03576252541086878
0.035761870437903534
0.035761216013918566
0.035760562137947434
0.03575990880902082
0.035759256026166635
0.03575860378840965
0.03575795209477211
0.035757300944273394
0.03575665033593025
0.035756000268756694
0.03575535074176429
0.03575470175396198
0.035754053304356145
0.03575340539195077
0.03575275801574739
0.03575211117474521
0.035751464867941125
0.03575081909432963
0.035750173852903244
0.03574952914265205
0.035748884962564134
0.03574824131162538
0.03574759818881975
0.03574695559312908
0.03574631352353339
0.03574567197901061
0.03574503095853692
0.03574439046108664
0.03574375048563228
0.03574311103114459
0.03574247209659269
0.035741833680943996
0.03574119578316429
0.0357405584022178
0.035739921537067294
0.03573928518667378
0.03573864934999725
0.035738014025995864
0.035737379213626665
0.03573674491184524
0.035736111119606
0.03573547783586199
0.03573484505956513
0.03573421278966612
0.03573358102511449
0.03573294976485877
0.03573231900784637
0.035731688753023697
0.03573105899933618
0.03573042974572828
0.035729800991143576
0.0357291727345248
0.03572854497481379
0.03572791771095158
0.0357272909418785
0.03572666466653415
0.035726038883857364
0.03572541359278636
0.035724788792258745
0.035724164481211615
0.03572354065858134
0.03572291732330382
0.035722294474314534
0.03572167211054852
0.03572105023094023
0.03572042883442395
0.035719807919933386
0.03571918748640208
0.03571856753276321
0.035717948057949644
0.035717329060894094
0.03571671054052911
0.03571609249578686
0.035715474925599594
0.03571485782889929
0.03571424120461794
0.035713625051687445
0.03571300936903969
0.035712394155606404
0.035711779410319604
0.03571116513211123
0.03571055131991317
0.03570993797265765
0.035709325089276926
0.03570871266870343
0.035708100709869725
0.035707489211708625
0.035706878173153205
0.03570626759313681
0.0357056574705929
0.03570504780445553
0.035704438593658835
0.03570382983713751
0.035703221533826435
0.035702613682661116
0.035702006282577255
0.03570139933251114
0.035700792831399465
0.0357001867781796
0.035699581171789146
0.035698976011166415
0.03569837129525027
0.03569776702298007
0.03569716319329588
0.0356965598051383
0.035695956857448606
0.03569535434916877
0.03569475227924134
0.0356941506466097
0.035693549450217715
0.035692948689010295
0.03569234836193288
0.03569174846793178
0.03569114900595396
0.03569054997494739
0.03568995137386074
0.035689353201643514
0.035688755457246125
0.03568815813961986
0.035687561247716784
0.03568696478049004
0.03568636873689349
0.035685773115882204
0.035685177916411896
0.035684583137439455
0.035683988777922615
0.03568339483682028
0.03568280131309214
0.035682208205699104
0.035681615513603014
0.03568102323576682
0.035680431371154384
0.035679839918730874
0.03567924887746233
0.03567865824631599
0.03567806802426028
0.035677478210264596
0.03567688880329954
0.03567629980233696
0.03567571120634963
0.035675123014311756
0.03567453522519862
0.03567394783798652
0.03567336085165325
0.035672774265177586
0.035672188077539635
0.035671602287720754
0.03567101689470349
0.035670431897471676
0.03566984729501036
0.035669263086305907
0.0356686792703459
0.03566809584611927
0.03566751281261627
0.03566693016882829
0.035666347913748196
0.03566576604637018
0.03566518456568965
0.03566460347070345
0.03566402276040965
0.03566344243380783
0.03566286248989877
0.035662282927684676
0.03566170374616914
0.035661124944357164
0.03566054652125503
0.03565996847587043
0.03565939080721255
0.0356588135142919
0.035658236596120364
0.035657660051711344
0.03565708388007955
0.03565650808024111
0.03565593265121374
0.03565535759201641
0.03565478290166962
0.03565420857919521
0.035653634623616634
0.03565306103395865
0.03565248780924752
0.035651914948511
0.03565134245077826
0.03565077031507992
0.03565019854044816
0.0356496271259165
0.0356490560705201
0.035648485373295395
0.03564791503328053
0.035647345049514945
0.03564677542103975
0.035646206146897313
0.03564563722613168
0.03564506865778834
0.03564450044091429
0.035643932574558036
0.035643365057769535
0.03564279788960032
0.03564223106910335
0.03564166459533319
0.03564109846734585
0.035640532684198874
0.035639967244951304
0.035639402148663665
0.03563883739439812
0.03563827298121819
0.03563770890818909
0.035637145174377376
0.03563658177885127
0.03563601872068044
0.0356354559989361
0.03563489361269094
0.03563433156101925
0.03563376984299683
0.03563320845770089
0.03563264740421033
0.03563208668160549
0.035631526288968256
0.03563096622538199
0.03563040648993161
0.03562984708170366
0.03562928799978603
0.03562872924326819
0.035628170811241276
0.03562761270279772
0.035627054917031636
0.03562649745303857
0.035625940309915706
0.03562538348676172
0.035624826982676626
0.03562427079676219
0.035623714928121566
Eitim Tamamland
13 numaral adaki hata: %5,606
